3 0.80390625 0.453125 0.02109375 0.0765625
3 0.61171875 0.35859375 0.01875 0.059375
3 0.31875 0.46953125 0.0234375 0.07578125
3 0.35390625 0.38515625 0.01640625 0.06640625
3 0.75 0.36875 0.01484375 0.05546875
3 0.46953125 0.2921875 0.0125 0.04765625
3 0.66171875 0.3125 0.015625 0.05546875
3 0.53203125 0.39296875 0.015625 0.0609375
3 0.40234375 0.29296875 0.0125 0.04140625
3 0.290625 0.3 0.01171875 0.04921875
3 0.55078125 0.3046875 0.0140625 0.04765625
3 0.56171875 0.3671875 0.01640625 0.05859375
0 0.3328125 0.315625 0.00703125 0.01640625
3 0.71796875 0.6328125 0.0328125 0.10234375
3 0.41796875 0.32109375 0.0109375 0.046875
3 0.3203125 0.3421875 0.01484375 0.0546875
3 0.60390625 0.2796875 0.0109375 0.04140625
3 0.4296875 0.31953125 0.01171875 0.0515625
2 0.57109375 0.33515625 0.0109375 0.04765625