3 0.6609375 0.3171875 0.02109375 0.05078125
3 0.7390625 0.36484375 0.02421875 0.06640625
3 0.70703125 0.634375 0.03828125 0.0984375
3 0.56796875 0.371875 0.0234375 0.0578125
3 0.3734375 0.37890625 0.02421875 0.0640625
3 0.61484375 0.36171875 0.02265625 0.05546875
3 0.45859375 0.2953125 0.01875 0.03984375
3 0.7609375 0.371875 0.02109375 0.0609375
3 0.43125 0.3203125 0.01328125 0.05078125
3 0.59296875 0.28125 0.01640625 0.0484375
3 0.6078125 0.28125 0.01953125 0.04296875
3 0.80234375 0.45703125 0.0265625 0.0734375
3 0.30390625 0.3046875 0.015625 0.04765625
3 0.32109375 0.34765625 0.02109375 0.05546875
3 0.52421875 0.3984375 0.03203125 0.0703125
3 0.31484375 0.47265625 0.02265625 0.08046875
3 0.56640625 0.3109375 0.0125 0.0515625
3 0.55546875 0.30546875 0.01328125 0.0484375
2 0.57734375 0.33984375 0.01171875 0.053125
3 0.42109375 0.28828125 0.00859375 0.04296875
0 0.30625 0.3171875 0.00703125 0.0171875
3 0.4234375 0.31640625 0.009375 0.05
2 0.30703125 0.2859375 0.00859375 0.034375