3 0.7140625 0.44765625 0.02109375 0.075
3 0.23046875 0.484375 0.0234375 0.07578125
3 0.52734375 0.36328125 0.01484375 0.06015625
3 0.459375 0.396875 0.01875 0.0625
3 0.6546875 0.37109375 0.01484375 0.05546875
1 0.928125 0.35546875 0.01640625 0.0609375
3 0.4609375 0.3109375 0.0140625 0.05234375
3 0.24296875 0.359375 0.015625 0.0515625
3 0.475 0.3796875 0.01484375 0.06015625
3 0.50078125 0.3140625 0.01484375 0.059375
2 0.48515625 0.340625 0.0140625 0.0515625
3 0.57890625 0.31640625 0.0125 0.0546875
3 0.19140625 0.3140625 0.01640625 0.06875
3 0.6671875 0.640625 0.02421875 0.1015625
3 0.32421875 0.3328125 0.0140625 0.0515625
3 0.42109375 0.30546875 0.01484375 0.0515625
3 0.3203125 0.3078125 0.0140625 0.0375
3 0.3578125 0.33125 0.015625 0.0515625
0 0.3015625 0.321875 0.0078125 0.015625
3 0.6609375 0.3625 0.01171875 0.0578125