3 0.77421875 0.44921875 0.021875 0.07734375
3 0.5828125 0.35859375 0.01875 0.059375
3 0.70078125 0.6359375 0.034375 0.10234375
3 0.5078125 0.39609375 0.01875 0.0625
3 0.36640625 0.29453125 0.0171875 0.04296875
3 0.25625 0.3046875 0.01328125 0.053125
3 0.634375 0.31171875 0.015625 0.05390625
3 0.51875 0.3046875 0.01328125 0.0515625
3 0.71796875 0.36015625 0.01796875 0.07109375
3 0.290625 0.47265625 0.0265625 0.07421875
3 0.53515625 0.36796875 0.01640625 0.0625
3 0.31796875 0.39140625 0.0171875 0.06796875
3 0.29140625 0.34375 0.01640625 0.05546875
1 0.59140625 0.9734375 0.04609375 0.053125
2 0.5421875 0.33359375 0.01015625 0.053125
3 0.38203125 0.32109375 0.01484375 0.05078125
3 0.4046875 0.321875 0.0140625 0.04765625
3 0.4546875 0.29140625 0.01640625 0.05703125
1 0.71171875 0.96796875 0.053125 0.06328125
3 0.546875 0.309375 0.01328125 0.04453125
0 0.3515625 0.31015625 0.00859375 0.0125