3 0.78828125 0.45 0.02109375 0.0765625
3 0.6015625 0.3578125 0.01484375 0.05859375
3 0.5203125 0.39453125 0.0203125 0.06484375
3 0.5390625 0.3078125 0.0125 0.046875
3 0.30859375 0.465625 0.025 0.07578125
3 0.6515625 0.31171875 0.0140625 0.05234375
3 0.3859375 0.290625 0.01484375 0.04453125
3 0.30625 0.3421875 0.01796875 0.05390625
3 0.3375 0.3875 0.015625 0.0671875
3 0.734375 0.3640625 0.01953125 0.06796875
3 0.40078125 0.32109375 0.01328125 0.04921875
3 0.46328125 0.290625 0.0125 0.04609375
3 0.275 0.3015625 0.01328125 0.04921875
3 0.7125 0.63203125 0.0234375 0.10234375
3 0.55078125 0.3671875 0.0140625 0.05859375
2 0.5609375 0.3328125 0.01484375 0.05546875
0 0.3421875 0.30703125 0.009375 0.021875
3 0.41875 0.31953125 0.01171875 0.05078125
3 0.55703125 0.30625 0.0140625 0.04296875