3 0.30078125 0.4703125 0.0265625 0.07421875
3 0.784375 0.45078125 0.0203125 0.0796875
3 0.51484375 0.39453125 0.01875 0.0671875
3 0.596875 0.35859375 0.01640625 0.06015625
3 0.71015625 0.63359375 0.02734375 0.1015625
3 0.728125 0.3625 0.01796875 0.07109375
3 0.3796875 0.29453125 0.015625 0.04453125
3 0.64765625 0.3125 0.015625 0.05625
3 0.4125 0.31796875 0.0140625 0.05
3 0.26953125 0.30078125 0.0125 0.05234375
3 0.3953125 0.3203125 0.01328125 0.05
3 0.534375 0.30234375 0.01171875 0.04765625
3 0.33203125 0.3875 0.01640625 0.0671875
2 0.55546875 0.334375 0.01328125 0.05703125
3 0.5453125 0.36953125 0.0140625 0.059375
3 0.46015625 0.29453125 0.0125 0.0453125
3 0.3 0.340625 0.01640625 0.0546875
0 0.34375 0.31171875 0.00859375 0.01484375