3 0.80234375 0.45390625 0.02265625 0.07578125
3 0.31640625 0.46796875 0.02265625 0.078125
3 0.61171875 0.35859375 0.0171875 0.06171875
3 0.74609375 0.36484375 0.0203125 0.06640625
3 0.66015625 0.31171875 0.01640625 0.05703125
3 0.35078125 0.38515625 0.0171875 0.0671875
3 0.46875 0.2921875 0.01328125 0.04765625
3 0.53046875 0.39375 0.01640625 0.0609375
3 0.54921875 0.3046875 0.0125 0.04765625
3 0.29140625 0.3046875 0.0140625 0.04609375
3 0.56015625 0.36640625 0.015625 0.0609375
3 0.4 0.29296875 0.0140625 0.04140625
3 0.71640625 0.63203125 0.03203125 0.103125
3 0.415625 0.32109375 0.0125 0.046875
2 0.5703125 0.3328125 0.0140625 0.05859375
3 0.31875 0.34296875 0.0125 0.05390625
3 0.42890625 0.31875 0.01015625 0.04765625
0 0.33359375 0.31484375 0.00703125 0.0171875