3 0.51953125 0.75234375 0.0421875 0.10390625
3 0.815625 0.46640625 0.02421875 0.06171875
3 0.38515625 0.45703125 0.021875 0.0625
3 0.42109375 0.35390625 0.0140625 0.03828125
3 0.1921875 0.49453125 0.02578125 0.0640625
3 0.759375 0.38984375 0.01640625 0.0453125
3 0.64609375 0.47890625 0.01875 0.06640625
3 0.18046875 0.403125 0.01953125 0.05078125
3 0.33046875 0.4203125 0.01953125 0.0515625
3 0.7265625 0.353125 0.0203125 0.05078125
3 0.6515625 0.38828125 0.01875 0.05078125
3 0.68125 0.56328125 0.025 0.07265625
3 0.534375 0.39140625 0.01953125 0.04609375
2 0.51015625 0.428125 0.01875 0.053125
3 0.33203125 0.4875 0.025 0.0625
3 0.4546875 0.365625 0.01484375 0.04140625
0 0.18515625 0.42109375 0.00625 0.0140625
3 0.75 0.47421875 0.01640625 0.05625
3 0.74296875 0.40625 0.01171875 0.0453125
3 0.70625 0.3671875 0.01484375 0.0375
3 0.52265625 0.403125 0.01171875 0.04765625
3 0.65859375 0.471875 0.01484375 0.06328125