3 0.58828125 0.35859375 0.01875 0.06171875
3 0.7765625 0.4484375 0.0203125 0.0765625
3 0.29375 0.46953125 0.02734375 0.075
3 0.70390625 0.63515625 0.03125 0.10234375
3 0.51015625 0.39453125 0.01953125 0.0609375
3 0.321875 0.390625 0.01875 0.06640625
3 0.6390625 0.31171875 0.01640625 0.0578125
3 0.3703125 0.29375 0.01796875 0.0453125
3 0.521875 0.30390625 0.01328125 0.0484375
3 0.7515625 0.81796875 0.0359375 0.10078125
3 0.3859375 0.321875 0.0140625 0.05078125
3 0.259375 0.30234375 0.0125 0.053125
3 0.7203125 0.36015625 0.01796875 0.071875
3 0.45625 0.2921875 0.0171875 0.06171875
3 0.5375 0.36796875 0.0171875 0.0640625
3 0.4078125 0.31875 0.01328125 0.0484375
1 0.59296875 0.97421875 0.04765625 0.0515625
3 0.29375 0.34375 0.01484375 0.05546875
3 0.5453125 0.33359375 0.0125 0.05390625
3 0.5625 0.28125 0.01328125 0.0421875
3 0.45703125 0.98046875 0.0765625 0.0390625
1 0.71484375 0.97265625 0.053125 0.0546875
0 0.35 0.309375 0.0078125 0.0125