3 0.5796875 0.35703125 0.01875 0.05859375
3 0.50625 0.39375 0.01796875 0.0625
3 0.71484375 0.3640625 0.01796875 0.0609375
3 0.771875 0.45 0.02265625 0.07734375
3 0.28828125 0.47265625 0.0265625 0.07578125
3 0.28828125 0.34375 0.0171875 0.05546875
3 0.6984375 0.6359375 0.034375 0.10390625
3 0.63125 0.3125 0.0140625 0.053125
3 0.53203125 0.36953125 0.01484375 0.05859375
3 0.515625 0.30234375 0.0125 0.04921875
3 0.3609375 0.2984375 0.015625 0.0453125
2 0.5390625 0.3328125 0.009375 0.053125
3 0.25234375 0.30390625 0.01484375 0.0515625
3 0.3140625 0.39140625 0.015625 0.0640625
3 0.37890625 0.321875 0.01328125 0.0484375
3 0.45078125 0.2953125 0.01484375 0.05078125
3 0.40234375 0.3203125 0.01484375 0.04921875
1 0.9953125 0.3546875 0.009375 0.08125
3 0.45 0.978125 0.08203125 0.04375
3 0.5609375 0.278125 0.01015625 0.04375
0 0.35390625 0.3078125 0.0046875 0.01015625