3 0.6796875 0.45703125 0.02265625 0.07578125
3 0.615625 0.371875 0.0125 0.06796875
3 0.33203125 0.34296875 0.01875 0.05390625
3 0.2125 0.3765625 0.0171875 0.05859375
1 0.884375 0.3625 0.01640625 0.0609375
3 0.434375 0.41328125 0.01875 0.06640625
3 0.29453125 0.34453125 0.0171875 0.0515625
3 0.496875 0.375 0.01484375 0.0609375
3 0.47734375 0.33359375 0.0140625 0.05
3 0.42578125 0.32109375 0.01328125 0.04765625
3 0.1609375 0.3328125 0.01796875 0.065625
3 0.64375 0.65390625 0.02109375 0.10546875
3 0.19375 0.48984375 0.03125 0.0828125
3 0.18515625 0.41875 0.0203125 0.0578125
3 0.28515625 0.31875 0.01171875 0.03984375
2 0.44609375 0.34609375 0.01171875 0.04453125
3 0.4421875 0.39140625 0.0140625 0.05546875
3 0.4421875 0.29609375 0.00859375 0.0375
3 0.4671875 0.2984375 0.0125 0.03828125
3 0.396875 0.31953125 0.01953125 0.040625
0 0.27265625 0.3359375 0.009375 0.01328125
3 0.54453125 0.325 0.015625 0.053125