3 0.69375 0.4546875 0.02109375 0.07578125
3 0.44140625 0.4140625 0.02109375 0.06328125
3 0.5046875 0.3765625 0.01640625 0.059375
3 0.6265625 0.375 0.0125 0.06328125
3 0.3390625 0.34375 0.0140625 0.0484375
3 0.55625 0.3296875 0.01328125 0.05390625
1 0.89609375 0.36328125 0.01640625 0.059375
3 0.4859375 0.33125 0.0140625 0.053125
3 0.221875 0.37421875 0.01640625 0.05625
3 0.6546875 0.6546875 0.0296875 0.1046875
3 0.30234375 0.3453125 0.0125 0.04765625
3 0.4375 0.3234375 0.01171875 0.0484375
3 0.1703125 0.328125 0.0140625 0.06640625
3 0.403125 0.31640625 0.01171875 0.0453125
3 0.203125 0.41953125 0.0125 0.0578125
3 0.20546875 0.49296875 0.01796875 0.06875
3 0.29375 0.3203125 0.01328125 0.0375
3 0.45625 0.2984375 0.00859375 0.04375
3 0.475 0.2921875 0.01171875 0.03125
2 0.459375 0.34921875 0.0125 0.04921875
3 0.453125 0.3875 0.015625 0.05625
3 0.6375 0.36796875 0.01484375 0.05390625
0 0.28125 0.3359375 0.00546875 0.01640625