3 0.69609375 0.4546875 0.02109375 0.0765625
3 0.50703125 0.37734375 0.01875 0.0609375
3 0.44296875 0.4109375 0.02265625 0.06328125
3 0.640625 0.37265625 0.01484375 0.06328125
3 0.3046875 0.34296875 0.01484375 0.05078125
3 0.4859375 0.33125 0.0140625 0.0546875
3 0.65625 0.65 0.03359375 0.1046875
3 0.22421875 0.37109375 0.01640625 0.05390625
1 0.8984375 0.36328125 0.01640625 0.06015625
3 0.209375 0.49375 0.021875 0.07734375
3 0.43984375 0.32265625 0.01171875 0.0484375
3 0.171875 0.32734375 0.01484375 0.065625
3 0.34140625 0.340625 0.02421875 0.0515625
3 0.4046875 0.32109375 0.01640625 0.04296875
3 0.5578125 0.32421875 0.02109375 0.04453125
3 0.45546875 0.384375 0.01640625 0.053125
3 0.46015625 0.29296875 0.01015625 0.046875
3 0.20546875 0.42109375 0.01796875 0.065625
3 0.29609375 0.321875 0.01328125 0.03828125
0 0.2828125 0.334375 0.00546875 0.015625
2 0.459375 0.35 0.015625 0.04609375
3 0.63046875 0.3765625 0.01171875 0.06171875
3 0.4796875 0.296875 0.0140625 0.03671875