3 0.71015625 0.45 0.0203125 0.0765625
3 0.4546875 0.403125 0.01796875 0.06484375
3 0.64765625 0.37109375 0.01484375 0.05703125
2 0.4796875 0.3421875 0.015625 0.05390625
3 0.22421875 0.4828125 0.02421875 0.07734375
3 0.23671875 0.36015625 0.0203125 0.0609375
3 0.52109375 0.36484375 0.01484375 0.05859375
1 0.92109375 0.3546875 0.01953125 0.06484375
3 0.49765625 0.31953125 0.01484375 0.059375
3 0.4546875 0.3125 0.01328125 0.0515625
3 0.23203125 0.409375 0.0203125 0.06796875
3 0.18515625 0.31640625 0.01640625 0.06796875
3 0.6640625 0.64375 0.02734375 0.10390625
3 0.3203125 0.334375 0.01484375 0.053125
3 0.57265625 0.32109375 0.0140625 0.05234375
3 0.415625 0.3046875 0.01484375 0.05390625
3 0.30859375 0.30859375 0.015625 0.0453125
0 0.296875 0.32421875 0.00859375 0.01015625
3 0.35390625 0.33359375 0.015625 0.04765625
3 0.46875 0.37734375 0.01640625 0.0578125
3 0.65625 0.36171875 0.015625 0.05625