3 0.50390625 0.39296875 0.0203125 0.06171875
3 0.76875 0.45 0.02265625 0.07734375
3 0.57734375 0.3578125 0.01640625 0.05859375
3 0.696875 0.63515625 0.0328125 0.10390625
3 0.28515625 0.47265625 0.025 0.0765625
3 0.35859375 0.29453125 0.0140625 0.0453125
3 0.62890625 0.3125 0.0125 0.05234375
3 0.2859375 0.3453125 0.01875 0.05625
3 0.4 0.32265625 0.015625 0.04921875
3 0.71015625 0.36484375 0.015625 0.059375
3 0.246875 0.303125 0.0140625 0.053125
2 0.53671875 0.33046875 0.0109375 0.0546875
3 0.5125 0.30234375 0.01328125 0.05
3 0.3078125 0.3921875 0.01640625 0.06484375
1 0.99375 0.35546875 0.0125 0.0765625
3 0.37578125 0.32109375 0.01484375 0.0515625
3 0.528125 0.36875 0.01484375 0.05703125
3 0.5421875 0.309375 0.0125 0.0453125
3 0.45 0.29609375 0.0140625 0.040625
0 0.3546875 0.30859375 0.00859375 0.01328125