3 0.32890625 0.278125 0.02109375 0.0453125
3 0.24296875 0.4390625 0.0328125 0.07734375
3 0.4078125 0.3328125 0.0203125 0.05703125
3 0.79140625 0.35 0.0234375 0.06328125
3 0.67421875 0.59765625 0.03359375 0.10234375
3 0.70390625 0.29453125 0.0203125 0.053125
3 0.40234375 0.27109375 0.02109375 0.04375
3 0.65546875 0.26875 0.01953125 0.05390625
3 0.45390625 0.296875 0.021875 0.0484375
3 0.59375 0.34453125 0.02109375 0.0671875
3 0.76171875 0.3390625 0.021875 0.06015625
3 0.80234375 0.44140625 0.02578125 0.075
3 0.6296875 0.33984375 0.01953125 0.05546875
3 0.49921875 0.378125 0.028125 0.05
3 0.590625 0.27734375 0.01328125 0.04375
3 0.4609375 0.278125 0.0140625 0.0453125
3 0.38203125 0.3140625 0.01953125 0.0484375
2 0.58828125 0.30859375 0.01796875 0.053125
0 0.321875 0.29140625 0.009375 0.01328125
2 0.34296875 0.25078125 0.01328125 0.034375