3 0.51171875 0.3734375 0.01875 0.06015625
3 0.70078125 0.45390625 0.0203125 0.0765625
3 0.446875 0.41171875 0.01640625 0.0578125
3 0.22890625 0.36484375 0.015625 0.05703125
3 0.646875 0.36875 0.01328125 0.0578125
2 0.46640625 0.34765625 0.0140625 0.05390625
3 0.56328125 0.3265625 0.01484375 0.05703125
3 0.4453125 0.3171875 0.0125 0.0546875
1 0.90625 0.35859375 0.01640625 0.06015625
3 0.48828125 0.32890625 0.01484375 0.053125
3 0.66015625 0.6546875 0.03359375 0.10234375
3 0.3078125 0.3421875 0.01640625 0.05390625
3 0.41015625 0.3171875 0.015625 0.04453125
3 0.17578125 0.32734375 0.0140625 0.06015625
3 0.34609375 0.3390625 0.01640625 0.0515625
3 0.21484375 0.490625 0.02265625 0.0765625
3 0.2171875 0.41953125 0.01640625 0.06640625
3 0.6359375 0.37421875 0.0125 0.0515625
3 0.4671875 0.28984375 0.0109375 0.04375
3 0.46015625 0.38515625 0.015625 0.05859375
3 0.3015625 0.31484375 0.0125 0.0390625
0 0.28828125 0.33046875 0.00546875 0.01015625