3 0.725 0.44765625 0.02109375 0.07578125
3 0.46875 0.39765625 0.0203125 0.06328125
3 0.66484375 0.36640625 0.01328125 0.0609375
3 0.53828125 0.36015625 0.0171875 0.0578125
3 0.67265625 0.63984375 0.0296875 0.10625
3 0.590625 0.3140625 0.01484375 0.0546875
0 0.940625 0.35234375 0.0171875 0.0625
3 0.47109375 0.30390625 0.01328125 0.0515625
3 0.25234375 0.4046875 0.01640625 0.06484375
2 0.4953125 0.3375 0.015625 0.05390625
3 0.20390625 0.31015625 0.015625 0.06640625
3 0.3328125 0.328125 0.01484375 0.0546875
3 0.4859375 0.375 0.01484375 0.06171875
3 0.51015625 0.31328125 0.01484375 0.05390625
3 0.23984375 0.47421875 0.0234375 0.07734375
3 0.42734375 0.3015625 0.01640625 0.05546875
3 0.36640625 0.328125 0.0140625 0.04921875
0 0.31171875 0.3171875 0.00703125 0.01015625
3 0.32421875 0.30390625 0.01328125 0.04296875
3 0.2515625 0.34921875 0.01640625 0.05