3 0.46328125 0.32109375 0.01875 0.04453125
3 0.38359375 0.3765625 0.01953125 0.05234375
3 0.56015625 0.3515625 0.0203125 0.05
3 0.3453125 0.50390625 0.03671875 0.06796875
3 0.23984375 0.36328125 0.0203125 0.05
3 0.36015625 0.4328125 0.02421875 0.0625
2 0.43671875 0.40078125 0.0265625 0.05859375
3 0.3296875 0.31640625 0.015625 0.04453125
3 0.18125 0.4265625 0.02734375 0.0640625
3 0.65625 0.41953125 0.0203125 0.059375
3 0.603125 0.553125 0.0359375 0.07578125
3 0.51328125 0.28828125 0.01953125 0.04296875
3 0.5171875 0.35546875 0.0203125 0.053125
3 0.80703125 0.44921875 0.025 0.06640625
3 0.28359375 0.328125 0.0140625 0.05234375
3 0.6859375 0.3203125 0.01875 0.0453125
3 0.10546875 0.56328125 0.03203125 0.07578125
3 0.27421875 0.365625 0.02109375 0.0515625
3 0.53046875 0.4734375 0.02421875 0.06796875
3 0.225 0.415625 0.02578125 0.06171875