3 0.75703125 0.4609375 0.0296875 0.0734375
3 0.65625 0.62890625 0.03515625 0.096875
3 0.24453125 0.4796875 0.0296875 0.08203125
3 0.35859375 0.3703125 0.025 0.0609375
3 0.640625 0.325 0.0203125 0.05234375
3 0.734375 0.37890625 0.02421875 0.0609375
3 0.48515625 0.403125 0.02265625 0.06171875
3 0.57890625 0.365625 0.02109375 0.06015625
3 0.696875 0.36484375 0.02265625 0.06015625
3 0.58984375 0.28125 0.01875 0.04765625
3 0.30859375 0.34921875 0.021875 0.05625
3 0.53203125 0.3125 0.0140625 0.0453125
3 0.5578125 0.303125 0.0125 0.04296875
3 0.57421875 0.28203125 0.0125 0.0421875
3 0.4234375 0.28984375 0.0109375 0.05
3 0.3984375 0.3296875 0.00859375 0.05078125
0 0.2890625 0.32421875 0.00703125 0.01328125
2 0.2859375 0.284375 0.01015625 0.03984375
3 0.39140625 0.296875 0.01015625 0.0390625
2 0.5453125 0.340625 0.01328125 0.053125