3 0.4640625 0.39921875 0.01953125 0.0640625
3 0.72265625 0.4484375 0.02109375 0.07578125
3 0.66015625 0.36875 0.01484375 0.05703125
3 0.534375 0.3609375 0.015625 0.05703125
3 0.365625 0.32890625 0.01484375 0.04921875
1 0.93671875 0.353125 0.0171875 0.06015625
2 0.49296875 0.33828125 0.0140625 0.05234375
3 0.67109375 0.640625 0.02734375 0.1046875
3 0.4671875 0.309375 0.0125 0.04921875
3 0.50703125 0.31875 0.01171875 0.05078125
3 0.5875 0.3125 0.01484375 0.053125
3 0.23671875 0.47578125 0.02265625 0.07734375
3 0.33046875 0.3296875 0.01328125 0.053125
3 0.19765625 0.31015625 0.015625 0.06953125
3 0.24765625 0.3578125 0.0171875 0.06328125
3 0.2484375 0.40703125 0.01796875 0.059375
3 0.484375 0.37734375 0.0140625 0.06015625
3 0.42578125 0.3015625 0.015625 0.0515625
0 0.309375 0.31796875 0.01015625 0.0125
3 0.3203125 0.30390625 0.0125 0.0421875