3 0.2984375 0.471875 0.02734375 0.07421875
3 0.59375 0.35703125 0.0171875 0.05859375
3 0.7828125 0.45390625 0.0203125 0.0765625
3 0.5125 0.39453125 0.0171875 0.0625
3 0.7265625 0.36171875 0.01875 0.07109375
3 0.70859375 0.6328125 0.0296875 0.1015625
3 0.39140625 0.3203125 0.0140625 0.04921875
3 0.45859375 0.2921875 0.0140625 0.05
3 0.53046875 0.3046875 0.0125 0.04921875
3 0.54296875 0.36796875 0.0140625 0.059375
3 0.6453125 0.31484375 0.015625 0.05546875
3 0.265625 0.30078125 0.01328125 0.05078125
3 0.3765625 0.2921875 0.0171875 0.0390625
3 0.2984375 0.3421875 0.01640625 0.0546875
2 0.55234375 0.3359375 0.0140625 0.0515625
3 0.32734375 0.384375 0.0171875 0.06640625
3 0.41484375 0.321875 0.01328125 0.0484375
0 0.3453125 0.3109375 0.0046875 0.0140625