3 0.61796875 0.35859375 0.0171875 0.06015625
3 0.5359375 0.39765625 0.0203125 0.065625
3 0.721875 0.63125 0.02734375 0.0984375
3 0.809375 0.45625 0.01875 0.07578125
3 0.665625 0.315625 0.0125 0.0546875
3 0.55859375 0.3046875 0.0125 0.05390625
3 0.3234375 0.47265625 0.02890625 0.0765625
2 0.578125 0.3375 0.01328125 0.05546875
3 0.47109375 0.29375 0.01328125 0.04453125
3 0.759375 0.36640625 0.01796875 0.065625
3 0.365625 0.38203125 0.01640625 0.06484375
3 0.56796875 0.36953125 0.015625 0.059375
3 0.4171875 0.29140625 0.0140625 0.0421875
3 0.325 0.34296875 0.01640625 0.06171875
3 0.74765625 0.36328125 0.01640625 0.06875
3 0.43359375 0.321875 0.015625 0.04921875
3 0.29921875 0.3 0.0140625 0.04921875
3 0.59453125 0.28046875 0.01171875 0.04609375
3 0.5703125 0.3109375 0.01640625 0.053125
3 0.60859375 0.27734375 0.01328125 0.04296875
3 0.42421875 0.3171875 0.0140625 0.05078125
0 0.328125 0.315625 0.00859375 0.01484375