3 0.4953125 0.3796875 0.021875 0.04765625
3 0.21953125 0.47109375 0.03203125 0.06171875
3 0.71953125 0.3640625 0.015625 0.04921875
3 0.7796875 0.42890625 0.02578125 0.05546875
3 0.4015625 0.35390625 0.01796875 0.04375
2 0.5765625 0.40546875 0.0171875 0.04453125
3 0.75625 0.34921875 0.01640625 0.03984375
3 0.54375 0.38046875 0.02109375 0.046875
3 0.71015625 0.425 0.0203125 0.0515625
3 0.4359375 0.35625 0.01875 0.04140625
3 0.42421875 0.671875 0.04140625 0.09765625
1 0.07109375 0.40859375 0.02421875 0.05390625
3 0.55703125 0.45078125 0.02265625 0.05859375
3 0.65390625 0.32890625 0.0171875 0.0546875
3 0.37421875 0.43046875 0.021875 0.05546875
3 0.2671875 0.4296875 0.02578125 0.0578125
3 0.34921875 0.471875 0.02890625 0.0609375
3 0.62734375 0.3734375 0.01796875 0.0453125
3 0.58828125 0.4421875 0.021875 0.05234375
3 0.69375 0.5375 0.025 0.06875
2 0.34765625 0.32734375 0.0125 0.03203125