3 0.36484375 0.3828125 0.01640625 0.06484375
3 0.61796875 0.35859375 0.0171875 0.06015625
3 0.80859375 0.4546875 0.01953125 0.0765625
3 0.32421875 0.47109375 0.028125 0.078125
3 0.53515625 0.396875 0.01953125 0.06484375
3 0.721875 0.63203125 0.0328125 0.1015625
3 0.5578125 0.30390625 0.01328125 0.05078125
3 0.66484375 0.31484375 0.01328125 0.0546875
2 0.57734375 0.33671875 0.0125 0.0546875
3 0.41015625 0.29140625 0.01328125 0.04375
3 0.47109375 0.2921875 0.0125 0.0453125
3 0.29765625 0.30078125 0.01328125 0.046875
3 0.75859375 0.36640625 0.0171875 0.06484375
3 0.56640625 0.36953125 0.015625 0.059375
3 0.3234375 0.34140625 0.01640625 0.059375
3 0.43359375 0.31796875 0.0171875 0.04921875
0 0.32890625 0.31640625 0.0078125 0.015625
3 0.42109375 0.31796875 0.01015625 0.05078125
3 0.5703125 0.309375 0.0109375 0.046875
3 0.59296875 0.2828125 0.01640625 0.0390625
3 0.6078125 0.27421875 0.015625 0.04765625
3 0.74609375 0.3609375 0.0171875 0.05234375