2 0.97109375 0.7109375 0.03828125 0.09765625
3 0.471875 0.49375 0.0234375 0.0609375
3 0.49375 0.390625 0.0171875 0.05
3 0.36796875 0.43515625 0.0203125 0.05546875
3 0.52265625 0.4421875 0.01953125 0.0546875
3 0.23359375 0.525 0.01875 0.06328125
3 0.421875 0.38828125 0.01796875 0.046875
3 0.496875 0.34140625 0.0171875 0.04453125
3 0.60078125 0.55703125 0.0296875 0.07265625
3 0.4828125 0.5734375 0.02734375 0.06640625
3 0.68359375 0.43359375 0.0234375 0.0578125
3 0.40625 0.44453125 0.01875 0.0515625
3 0.23515625 0.3953125 0.0203125 0.046875
3 0.590625 0.375 0.01953125 0.04921875
3 0.17734375 0.45078125 0.02421875 0.059375
3 0.9375 0.39609375 0.025 0.0546875
2 0.4359375 0.44609375 0.0203125 0.0515625
3 0.50859375 0.5078125 0.0234375 0.059375
3 0.221875 0.4359375 0.02265625 0.05390625
3 0.665625 0.4203125 0.021875 0.05234375
3 0.29453125 0.37421875 0.01640625 0.04453125
3 0.26796875 0.37578125 0.0140625 0.04140625
0 0.59453125 0.58125 0.0109375 0.021875