3 0.45234375 0.4046875 0.01875 0.0640625
3 0.70703125 0.45234375 0.0203125 0.0765625
3 0.51875 0.36796875 0.01640625 0.059375
3 0.64375 0.371875 0.01171875 0.059375
3 0.49609375 0.32578125 0.0140625 0.04609375
2 0.47734375 0.34375 0.01484375 0.05234375
1 0.9171875 0.3546875 0.0171875 0.0640625
3 0.23359375 0.36328125 0.01875 0.05859375
3 0.66328125 0.64609375 0.03046875 0.103125
3 0.18359375 0.321875 0.015625 0.06015625
3 0.22265625 0.48359375 0.02265625 0.07734375
3 0.315625 0.3390625 0.0125 0.046875
3 0.35 0.33359375 0.015625 0.05078125
3 0.5703125 0.32109375 0.0125 0.05390625
3 0.45234375 0.3125 0.0125 0.0515625
3 0.41328125 0.31171875 0.0140625 0.0390625
3 0.228125 0.41484375 0.01953125 0.0671875
3 0.31015625 0.31015625 0.0125 0.04375
3 0.47890625 0.28515625 0.01171875 0.0359375
0 0.29296875 0.3265625 0.0078125 0.01953125
3 0.6515625 0.36171875 0.009375 0.053125
3 0.465625 0.38046875 0.0140625 0.05859375