3 0.76484375 0.31796875 0.025 0.0578125
3 0.38671875 0.2828125 0.01953125 0.04453125
3 0.5578125 0.334375 0.02265625 0.04921875
3 0.0171875 0.3265625 0.02734375 0.06015625
3 0.33515625 0.4046875 0.03203125 0.05859375
3 0.65859375 0.38828125 0.0265625 0.0671875
2 0.63515625 0.3359375 0.02265625 0.05078125
3 0.64609375 0.25390625 0.015625 0.040625
3 0.64375 0.6421875 0.034375 0.10078125
3 0.74140625 0.253125 0.01484375 0.034375
3 0.55234375 0.28828125 0.01484375 0.04609375
3 0.3890625 0.40234375 0.02890625 0.06171875
3 0.4328125 0.346875 0.01953125 0.05625
3 0.7 0.384375 0.025 0.0640625
3 0.76953125 0.2828125 0.01328125 0.0328125
3 0.71953125 0.275 0.0171875 0.046875
3 0.45859375 0.28515625 0.01875 0.04375
3 0.67890625 0.29765625 0.01796875 0.05703125
3 0.4515625 0.34140625 0.01953125 0.05234375
3 0.77890625 0.50234375 0.02734375 0.0890625
3 0.86640625 0.38359375 0.015625 0.06796875
3 0.85 0.3765625 0.02109375 0.06796875
0 0.25703125 0.3890625 0.009375 0.01875