3 0.30625 0.4671875 0.0265625 0.07734375
3 0.33515625 0.38671875 0.01796875 0.0671875
3 0.78671875 0.4515625 0.021875 0.08046875
3 0.51796875 0.39375 0.01953125 0.065625
3 0.30390625 0.3421875 0.015625 0.05390625
3 0.6 0.3578125 0.015625 0.06015625
3 0.384375 0.2921875 0.01640625 0.04609375
3 0.53671875 0.30390625 0.01171875 0.046875
3 0.2734375 0.30078125 0.01171875 0.05
3 0.73125 0.36328125 0.01953125 0.071875
3 0.54765625 0.36875 0.01328125 0.06015625
3 0.7109375 0.6328125 0.025 0.1015625
3 0.65 0.3125 0.01484375 0.05390625
3 0.39765625 0.321875 0.0125 0.046875
3 0.46171875 0.29609375 0.01328125 0.04921875
0 0.3421875 0.309375 0.00859375 0.01796875
2 0.5578125 0.33515625 0.0140625 0.05078125
3 0.5734375 0.2796875 0.0125 0.04140625
3 0.41640625 0.31875 0.01171875 0.05