3 0.60703125 0.40859375 0.02109375 0.046875
3 0.36875 0.359375 0.01484375 0.0390625
3 0.34453125 0.64765625 0.0328125 0.08984375
3 0.7078125 0.4078125 0.01953125 0.04765625
3 0.990625 0.39609375 0.01875 0.0515625
3 0.46015625 0.43671875 0.01953125 0.053125
3 0.51328125 0.4296875 0.02109375 0.05234375
3 0.43828125 0.3796875 0.01796875 0.0390625
3 0.62890625 0.36484375 0.01171875 0.04375
3 0.684375 0.35703125 0.01953125 0.04375
3 0.5328125 0.3421875 0.0140625 0.03515625
3 0.1875 0.47890625 0.02265625 0.0609375
3 0.69609375 0.35 0.0203125 0.0421875
3 0.3375 0.3625 0.015625 0.03984375
3 0.5609375 0.36796875 0.0171875 0.0375
3 0.471875 0.38046875 0.015625 0.0359375
3 0.29765625 0.47109375 0.025 0.05625
3 0.29765625 0.42421875 0.02109375 0.05234375
2 0.53359375 0.409375 0.01953125 0.04609375
3 0.63671875 0.5234375 0.02578125 0.06875
3 0.209375 0.43515625 0.0203125 0.0578125
3 0.6390625 0.36171875 0.01015625 0.0375
2 0.28984375 0.33203125 0.00703125 0.03203125