3 0.6765625 0.4546875 0.02265625 0.07578125
3 0.209375 0.37734375 0.0171875 0.06015625
3 0.3296875 0.34375 0.01640625 0.05234375
3 0.61484375 0.371875 0.01328125 0.0671875
3 0.49296875 0.37734375 0.01484375 0.05859375
1 0.88046875 0.3609375 0.01640625 0.06171875
3 0.2921875 0.3453125 0.015625 0.0484375
3 0.43203125 0.40859375 0.0171875 0.065625
3 0.15859375 0.33203125 0.01796875 0.0640625
3 0.42265625 0.32265625 0.0125 0.04765625
3 0.54375 0.32734375 0.0140625 0.0546875
3 0.471875 0.33359375 0.0140625 0.05078125
3 0.6453125 0.65 0.0265625 0.1109375
2 0.44140625 0.34921875 0.01171875 0.0546875
3 0.28046875 0.315625 0.0140625 0.04609375
3 0.18203125 0.42265625 0.0171875 0.06484375
3 0.190625 0.4984375 0.02109375 0.071875
0 0.26875 0.3359375 0.009375 0.01484375
3 0.3921875 0.31640625 0.02265625 0.04453125
3 0.4375 0.2953125 0.01171875 0.04140625
3 0.46171875 0.29921875 0.015625 0.04140625