3 0.68984375 0.365625 0.0140625 0.0546875
3 0.746875 0.446875 0.02109375 0.078125
3 0.4890625 0.3921875 0.01796875 0.06015625
3 0.56171875 0.3578125 0.01640625 0.05859375
1 0.9734375 0.35078125 0.0203125 0.06171875
3 0.2265625 0.30546875 0.015625 0.0515625
3 0.49609375 0.303125 0.01171875 0.0484375
3 0.27265625 0.3453125 0.0140625 0.05078125
3 0.61171875 0.309375 0.015625 0.0546875
3 0.34453125 0.2953125 0.01171875 0.04453125
3 0.35390625 0.3234375 0.01328125 0.04921875
3 0.2640625 0.46875 0.02265625 0.07734375
3 0.69296875 0.634375 0.028125 0.1015625
3 0.52890625 0.315625 0.01328125 0.05390625
3 0.28671875 0.39453125 0.0171875 0.06640625
3 0.5078125 0.36953125 0.0125 0.059375
3 0.43984375 0.29765625 0.01640625 0.04140625
3 0.38671875 0.32265625 0.01484375 0.04921875
2 0.51640625 0.33046875 0.01640625 0.0515625
2 0.3359375 0.31171875 0.00546875 0.01171875