3 0.453125 0.41484375 0.01796875 0.04609375
3 0.54765625 0.4609375 0.021875 0.0546875
3 0.40703125 0.41484375 0.01640625 0.046875
3 0.71484375 0.45859375 0.0203125 0.0609375
3 0.62421875 0.38359375 0.01875 0.0453125
3 0.5390625 0.534375 0.0234375 0.0625
3 0.15625 0.46328125 0.0234375 0.0578125
3 0.67734375 0.45 0.01953125 0.05234375
1 0.896875 0.39765625 0.01953125 0.046875
3 0.3234375 0.4640625 0.0203125 0.05703125
3 0.33984375 0.54140625 0.03046875 0.06953125
3 0.2625 0.3875 0.01640625 0.04296875
3 0.21171875 0.4421875 0.02109375 0.0546875
3 0.1828125 0.596875 0.02578125 0.07421875
3 0.45859375 0.34375 0.02109375 0.05234375
3 0.2375 0.3828125 0.0171875 0.03828125
3 0.209375 0.6140625 0.02890625 0.07578125
3 0.590625 0.528125 0.02421875 0.0578125
3 0.296875 0.49453125 0.02109375 0.05234375
2 0.35703125 0.46953125 0.021875 0.0515625
2 0.91875 0.6828125 0.0328125 0.0828125
3 0.21484375 0.40703125 0.015625 0.03203125
0 0.57890625 0.4765625 0.0078125 0.01796875