3 0.475 0.76171875 0.0390625 0.10703125
3 0.41015625 0.35625 0.01796875 0.03984375
3 0.73671875 0.35625 0.0125 0.04375
3 0.5078125 0.39765625 0.01953125 0.0484375
3 0.2671875 0.43359375 0.02109375 0.05
3 0.7953125 0.46875 0.0203125 0.0640625
3 0.12734375 0.49921875 0.02890625 0.05859375
2 0.90390625 0.8625 0.05859375 0.0828125
3 0.63359375 0.47890625 0.01328125 0.05546875
3 0.7640625 0.47890625 0.02890625 0.06328125
3 0.703125 0.57265625 0.02421875 0.0734375
3 0.7703125 0.4015625 0.02109375 0.05390625
3 0.32109375 0.49609375 0.025 0.0625
3 0.37578125 0.46171875 0.02578125 0.0640625
3 0.7453125 0.38984375 0.015625 0.046875
3 0.7265625 0.35859375 0.0109375 0.0484375
3 0.64453125 0.4671875 0.0125 0.06015625
3 0.646875 0.39375 0.01171875 0.05078125
3 0.70390625 0.34765625 0.0109375 0.040625
2 0.51875 0.42578125 0.01796875 0.04296875
3 0.53046875 0.40234375 0.01328125 0.040625
3 0.4515625 0.365625 0.01640625 0.04140625
1 0.17734375 0.403125 0.015625 0.0515625
2 0.38125 0.33125 0.01015625 0.03203125