3 0.6859375 0.36484375 0.0109375 0.0609375
3 0.74453125 0.4453125 0.0203125 0.07890625
3 0.55859375 0.35859375 0.01484375 0.0578125
3 0.26328125 0.471875 0.021875 0.07734375
3 0.68984375 0.63515625 0.0296875 0.1015625
3 0.48671875 0.39453125 0.01796875 0.06015625
3 0.3421875 0.29609375 0.01171875 0.04375
1 0.96953125 0.35078125 0.021875 0.06171875
3 0.49296875 0.30546875 0.0109375 0.05078125
3 0.61015625 0.309375 0.0140625 0.05390625
3 0.22421875 0.30625 0.01484375 0.0515625
3 0.26953125 0.346875 0.015625 0.05234375
3 0.35078125 0.3265625 0.01171875 0.0453125
3 0.525 0.31171875 0.0125 0.0515625
3 0.50625 0.3671875 0.01328125 0.05859375
3 0.38359375 0.32265625 0.0140625 0.05
3 0.28671875 0.38984375 0.0171875 0.06796875
3 0.4359375 0.2984375 0.0125 0.05
2 0.5140625 0.33203125 0.01328125 0.05546875
0 0.33359375 0.31015625 0.0078125 0.0125