3 0.80546875 0.453125 0.0203125 0.0765625
3 0.6140625 0.35859375 0.01875 0.06015625
3 0.3203125 0.47109375 0.02421875 0.0765625
3 0.35703125 0.38359375 0.0171875 0.06484375
3 0.75234375 0.36953125 0.0140625 0.059375
3 0.53359375 0.3953125 0.01796875 0.06484375
3 0.6625 0.3171875 0.01640625 0.05703125
3 0.4703125 0.29375 0.01171875 0.0453125
3 0.55234375 0.30703125 0.01328125 0.0484375
3 0.40625 0.29375 0.01328125 0.04296875
3 0.5625 0.36796875 0.01640625 0.05859375
3 0.71953125 0.63359375 0.0359375 0.10078125
3 0.29296875 0.296875 0.0125 0.05390625
0 0.33125 0.31640625 0.00625 0.01484375
3 0.32109375 0.34296875 0.015625 0.0546875
3 0.42890625 0.31953125 0.01484375 0.0515625
3 0.41953125 0.3203125 0.01171875 0.05
2 0.57109375 0.3328125 0.0109375 0.05234375
3 0.590625 0.27734375 0.0109375 0.04140625