3 0.4734375 0.3328125 0.01875 0.05
3 0.6765625 0.4546875 0.028125 0.071875
3 0.61171875 0.375 0.01171875 0.06484375
3 0.18203125 0.42734375 0.02734375 0.06640625
3 0.3296875 0.3453125 0.01953125 0.04921875
3 0.15859375 0.33515625 0.02109375 0.05625
3 0.21015625 0.375 0.0234375 0.05703125
3 0.42265625 0.321875 0.01640625 0.04609375
3 0.1953125 0.49296875 0.0296875 0.075
3 0.290625 0.3453125 0.0203125 0.0515625
3 0.49296875 0.375 0.01953125 0.05546875
3 0.43046875 0.41328125 0.01953125 0.059375
3 0.64765625 0.65546875 0.03515625 0.10078125
1 0.878125 0.3625 0.02578125 0.06171875
3 0.6234375 0.37109375 0.0140625 0.0484375
3 0.54140625 0.32421875 0.01328125 0.04765625
3 0.39296875 0.31875 0.0171875 0.04453125
3 0.4390625 0.390625 0.0125 0.0578125
3 0.4375 0.2953125 0.01328125 0.0484375
3 0.4640625 0.3 0.015625 0.04453125
3 0.28125 0.31875 0.0140625 0.03828125
0 0.2703125 0.3359375 0.00625 0.0140625
3 0.4421875 0.3484375 0.0140625 0.0484375