3 0.5140625 0.371875 0.01953125 0.059375
3 0.70234375 0.45078125 0.01953125 0.0734375
3 0.44921875 0.4078125 0.01953125 0.06484375
3 0.66171875 0.65390625 0.03359375 0.10546875
3 0.646875 0.36640625 0.01171875 0.05
2 0.46953125 0.346875 0.01484375 0.05390625
3 0.23125 0.3671875 0.01640625 0.05703125
3 0.49140625 0.32578125 0.01328125 0.05546875
3 0.44765625 0.31640625 0.0125 0.05234375
3 0.56640625 0.32578125 0.01328125 0.0546875
3 0.41015625 0.315625 0.0140625 0.046875
3 0.31171875 0.34140625 0.0171875 0.05234375
3 0.21796875 0.4890625 0.02265625 0.07734375
3 0.17734375 0.328125 0.0125 0.05625
1 0.90859375 0.3578125 0.01640625 0.06171875
3 0.34765625 0.3375 0.0140625 0.04921875
3 0.221875 0.41640625 0.01796875 0.06640625
3 0.46171875 0.38203125 0.0109375 0.04921875
3 0.6390625 0.37109375 0.01015625 0.04921875
3 0.30234375 0.31484375 0.0109375 0.04921875
0 0.28984375 0.32890625 0.0046875 0.0109375