3 0.5375 0.45078125 0.02265625 0.05078125
3 0.16640625 0.4546875 0.01953125 0.05546875
3 0.52265625 0.52109375 0.0265625 0.0578125
3 0.66875 0.46484375 0.0234375 0.05234375
3 0.415625 0.43125 0.01875 0.0515625
3 0.15234375 0.590625 0.0265625 0.065625
3 0.33203125 0.54453125 0.0265625 0.0671875
3 0.2328125 0.38984375 0.01484375 0.0453125
3 0.72421875 0.471875 0.0234375 0.059375
3 0.4390625 0.4171875 0.01796875 0.04765625
3 0.15234375 0.66328125 0.034375 0.07890625
1 0.87890625 0.390625 0.02421875 0.04765625
3 0.3046875 0.53671875 0.02109375 0.065625
3 0.4453125 0.340625 0.015625 0.04453125
3 0.2078125 0.39609375 0.01640625 0.0515625
3 0.20859375 0.44140625 0.021875 0.05546875
3 0.3171875 0.46484375 0.0125 0.0640625
3 0.5875 0.5359375 0.025 0.06484375
3 0.23984375 0.51875 0.02578125 0.06171875
2 0.92265625 0.6828125 0.02890625 0.08671875
3 0.62734375 0.3859375 0.01875 0.04453125
3 0.1984375 0.4140625 0.01171875 0.04296875
0 0.60859375 0.40390625 0.0078125 0.02421875
2 0.32734375 0.46796875 0.01171875 0.05625