3 0.46328125 0.33515625 0.0203125 0.0484375
3 0.56484375 0.3578125 0.0203125 0.05
3 0.37890625 0.3890625 0.0203125 0.0546875
2 0.42265625 0.4078125 0.0234375 0.0609375
3 0.6625 0.42109375 0.028125 0.059375
3 0.51328125 0.36171875 0.021875 0.05234375
3 0.51875 0.2859375 0.02109375 0.04375
3 0.18203125 0.44765625 0.02578125 0.0640625
3 0.4140625 0.51484375 0.034375 0.0703125
3 0.25546875 0.33359375 0.01328125 0.05390625
3 0.29296875 0.31953125 0.0171875 0.0484375
3 0.35078125 0.44765625 0.025 0.06484375
3 0.81171875 0.4421875 0.0265625 0.06796875
3 0.23828125 0.3859375 0.01953125 0.053125
3 0.61796875 0.54609375 0.034375 0.07421875
3 0.215625 0.4359375 0.02421875 0.0640625
3 0.48671875 0.48984375 0.02421875 0.0703125
3 0.21171875 0.38203125 0.01875 0.053125
3 0.66796875 0.32265625 0.01953125 0.04765625
3 0.10546875 0.6 0.03359375 0.0828125