3 0.790625 0.4515625 0.0234375 0.0765625
3 0.309375 0.46484375 0.02421875 0.075
3 0.60390625 0.35703125 0.01328125 0.06015625
3 0.653125 0.3125 0.01328125 0.05234375
3 0.7359375 0.3640625 0.0203125 0.06875
3 0.278125 0.30234375 0.0109375 0.046875
3 0.54140625 0.30625 0.0125 0.046875
3 0.40390625 0.32109375 0.01171875 0.04765625
3 0.521875 0.39375 0.01796875 0.06328125
3 0.38828125 0.29296875 0.0140625 0.04296875
3 0.3078125 0.3421875 0.0171875 0.0546875
3 0.46484375 0.290625 0.0125 0.04765625
3 0.5515625 0.36875 0.01328125 0.05703125
3 0.71328125 0.63203125 0.0234375 0.10390625
2 0.56328125 0.334375 0.0140625 0.05078125
3 0.340625 0.38515625 0.01640625 0.06640625
3 0.42265625 0.321875 0.0125 0.04921875
0 0.340625 0.3140625 0.00859375 0.0171875