3 0.64765625 0.43984375 0.021875 0.05859375
3 0.459375 0.51484375 0.02578125 0.0640625
2 0.97578125 0.6953125 0.03984375 0.0921875
3 0.3421875 0.47890625 0.0234375 0.06015625
1 0.934375 0.3671875 0.01875 0.04609375
3 0.45625 0.36640625 0.015625 0.04609375
3 0.2171875 0.40859375 0.01875 0.05
3 0.1859375 0.484375 0.02421875 0.0609375
3 0.62890625 0.346875 0.01796875 0.046875
3 0.76640625 0.4515625 0.02734375 0.0609375
3 0.36015625 0.41796875 0.01796875 0.05390625
3 0.275 0.35 0.0171875 0.04453125
3 0.55078125 0.3890625 0.01796875 0.0484375
3 0.128125 0.625 0.03359375 0.08359375
3 0.225 0.46484375 0.02109375 0.0515625
3 0.48203125 0.39453125 0.0171875 0.04921875
3 0.2421875 0.36171875 0.01875 0.053125
3 0.4296875 0.50390625 0.021875 0.06484375
3 0.2375 0.41328125 0.0234375 0.05
2 0.38671875 0.4296875 0.01796875 0.05625
3 0.59765625 0.5375 0.0234375 0.0734375
0 0.546875 0.34140625 0.00703125 0.015625
3 0.4890625 0.30546875 0.0109375 0.0375