3 0.721875 0.63046875 0.025 0.0984375
3 0.4703125 0.2921875 0.01328125 0.05
3 0.61953125 0.359375 0.01640625 0.059375
3 0.53515625 0.39453125 0.01875 0.0640625
3 0.80859375 0.45625 0.0203125 0.0765625
2 0.5796875 0.3375 0.0140625 0.053125
3 0.7609375 0.3671875 0.0171875 0.06328125
3 0.55859375 0.303125 0.0125 0.0515625
3 0.66640625 0.315625 0.01171875 0.05625
3 0.56953125 0.36875 0.015625 0.06171875
3 0.32578125 0.47109375 0.03046875 0.07734375
3 0.41953125 0.2921875 0.0125 0.04453125
3 0.36796875 0.38125 0.0171875 0.06484375
3 0.325 0.34296875 0.01640625 0.0625
3 0.59765625 0.278125 0.0109375 0.04765625
3 0.746875 0.36328125 0.015625 0.06640625
3 0.3 0.30234375 0.01328125 0.05078125
3 0.43359375 0.321875 0.01640625 0.04921875
3 0.6140625 0.278125 0.0109375 0.03984375
3 0.571875 0.31015625 0.01171875 0.04921875
3 0.42421875 0.31875 0.01328125 0.05625
0 0.32578125 0.315625 0.0078125 0.01171875