3 0.521875 0.3984375 0.02421875 0.05078125
3 0.43359375 0.35625 0.01640625 0.04140625
3 0.634375 0.48515625 0.01640625 0.065625
3 0.28515625 0.4359375 0.0234375 0.05625
3 0.790625 0.4609375 0.0234375 0.05703125
1 0.14453125 0.40078125 0.025 0.05546875
3 0.80234375 0.390625 0.01953125 0.05
3 0.76796875 0.38203125 0.01796875 0.04921875
3 0.665625 0.39453125 0.0234375 0.05
3 0.1875 0.4890625 0.025 0.06171875
2 0.578125 0.42421875 0.02578125 0.05703125
3 0.4671875 0.73359375 0.0359375 0.10390625
3 0.46796875 0.36015625 0.0171875 0.04140625
3 0.78828125 0.35625 0.015625 0.03828125
3 0.39921875 0.45390625 0.025 0.0625
3 0.82578125 0.47421875 0.0265625 0.0640625
3 0.72890625 0.34296875 0.01484375 0.04140625
3 0.734375 0.5734375 0.03046875 0.071875
2 0.375 0.33203125 0.0140625 0.0296875
3 0.57578125 0.39609375 0.015625 0.05
3 0.646875 0.459375 0.0140625 0.0546875
3 0.35390625 0.490625 0.021875 0.05859375
3 0.7625 0.359375 0.0109375 0.03828125