3 0.73828125 0.44296875 0.01875 0.075
3 0.48125 0.39296875 0.01953125 0.06015625
3 0.55234375 0.3578125 0.015625 0.05625
1 0.95859375 0.3484375 0.01875 0.06171875
3 0.6796875 0.365625 0.0140625 0.0578125
3 0.25859375 0.475 0.0234375 0.0765625
3 0.21875 0.30703125 0.01484375 0.059375
3 0.34609375 0.32578125 0.01484375 0.05
3 0.50078125 0.3703125 0.01484375 0.05625
3 0.484375 0.30859375 0.01328125 0.04921875
3 0.2640625 0.346875 0.0171875 0.05625
3 0.6828125 0.63828125 0.0328125 0.103125
3 0.60546875 0.31171875 0.0125 0.0515625
1 0.5078125 0.33125 0.0125 0.0515625
3 0.51953125 0.31328125 0.01328125 0.05390625
3 0.3390625 0.29765625 0.015625 0.04453125
3 0.275 0.39453125 0.0171875 0.06640625
3 0.4359375 0.30078125 0.015625 0.05078125
3 0.37734375 0.31953125 0.01484375 0.05390625
0 0.3265625 0.31171875 0.00703125 0.0140625