3 0.67109375 0.6140625 0.03359375 0.09453125
3 0.7375 0.2953125 0.02109375 0.05390625
3 0.62890625 0.35859375 0.02109375 0.06328125
3 0.721875 0.26953125 0.01640625 0.04609375
2 0.61875 0.3078125 0.01953125 0.04921875
3 0.8359375 0.35859375 0.02109375 0.06484375
3 0.68359375 0.25078125 0.0171875 0.04296875
3 0.559375 0.9828125 0.0359375 0.034375
3 0.4390625 0.334375 0.02421875 0.05546875
3 0.45078125 0.3921875 0.02734375 0.0640625
3 0.26328125 0.4203125 0.03046875 0.07421875
3 0.81796875 0.4609375 0.0296875 0.06796875
3 0.703125 0.23984375 0.01484375 0.04609375
3 0.66796875 0.346875 0.01875 0.05625
3 0.81171875 0.346875 0.01875 0.06015625
3 0.63515625 0.2765625 0.0125 0.04921875
3 0.5671875 0.23828125 0.0125 0.03828125
3 0.50546875 0.271875 0.0125 0.0515625
3 0.496875 0.30078125 0.01171875 0.046875
3 0.42265625 0.321875 0.0125 0.0578125
3 0.42578125 0.265625 0.0171875 0.04375
3 0.3484375 0.26875 0.0171875 0.0515625
2 0.37421875 0.2359375 0.01328125 0.0390625
0 0.296875 0.37421875 0.0140625 0.01953125