3 0.753125 0.44453125 0.021875 0.0765625
3 0.69296875 0.36171875 0.01328125 0.05234375
3 0.56328125 0.35625 0.01484375 0.059375
3 0.4921875 0.3921875 0.01796875 0.06015625
3 0.2671875 0.46875 0.02265625 0.0765625
3 0.23046875 0.3046875 0.01484375 0.05234375
1 0.97578125 0.3515625 0.02109375 0.06328125
3 0.49921875 0.303125 0.0125 0.04765625
3 0.34765625 0.29453125 0.01171875 0.0453125
3 0.35703125 0.32421875 0.0140625 0.0515625
3 0.53203125 0.31640625 0.0125 0.059375
3 0.61484375 0.31015625 0.0140625 0.0546875
3 0.44375 0.28984375 0.015625 0.0578125
3 0.28984375 0.39296875 0.0171875 0.06640625
3 0.38828125 0.32265625 0.015625 0.04921875
3 0.6921875 0.63515625 0.025 0.103125
2 0.52109375 0.3328125 0.0140625 0.053125
3 0.515625 0.36484375 0.01328125 0.059375
0 0.3390625 0.309375 0.00546875 0.01171875
3 0.2734375 0.34453125 0.0171875 0.04765625