3 0.6953125 0.634375 0.0265625 0.10234375
3 0.76328125 0.44765625 0.0234375 0.07578125
3 0.4984375 0.39296875 0.02109375 0.06484375
3 0.70390625 0.36484375 0.0140625 0.0609375
3 0.2828125 0.46875 0.02421875 0.07578125
3 0.57265625 0.35703125 0.015625 0.06015625
3 0.23984375 0.3046875 0.0140625 0.0484375
3 0.3515625 0.29609375 0.01484375 0.04453125
3 0.5078125 0.3015625 0.0125 0.04921875
1 0.98828125 0.35546875 0.02109375 0.06953125
3 0.3703125 0.321875 0.0140625 0.05078125
3 0.51953125 0.3703125 0.0140625 0.05703125
3 0.5375 0.30859375 0.01484375 0.0421875
3 0.44765625 0.29453125 0.0125 0.04453125
3 0.28203125 0.34296875 0.01796875 0.05546875
3 0.6234375 0.31171875 0.015625 0.05234375
3 0.3 0.39453125 0.01640625 0.0671875
3 0.39609375 0.32109375 0.01796875 0.05
2 0.53125 0.33359375 0.01328125 0.04453125
0 0.34921875 0.31015625 0.00703125 0.01171875