3 0.278125 0.38671875 0.01640625 0.04375
3 0.6796875 0.41640625 0.0203125 0.05078125
3 0.52890625 0.38203125 0.0171875 0.046875
3 0.353125 0.365625 0.01796875 0.04453125
3 0.40625 0.41875 0.01796875 0.05
2 0.4828125 0.42578125 0.0203125 0.05859375
3 0.52265625 0.4640625 0.01796875 0.04921875
3 0.403125 0.56640625 0.03203125 0.06875
3 0.259375 0.4859375 0.02109375 0.05703125
3 0.50859375 0.425 0.01875 0.05078125
1 0.94921875 0.3984375 0.02734375 0.0546875
3 0.22109375 0.440625 0.0125 0.05703125
2 0.984375 0.72265625 0.02890625 0.10078125
3 0.59453125 0.37109375 0.01953125 0.05
3 0.3109375 0.36875 0.0171875 0.040625
3 0.62421875 0.546875 0.02734375 0.06875
3 0.66640625 0.403125 0.02109375 0.04765625
3 0.453125 0.3828125 0.0171875 0.04609375
3 0.2953125 0.47578125 0.02265625 0.05859375
3 0.54921875 0.34609375 0.01796875 0.0421875
3 0.8578125 0.9859375 0.059375 0.028125
3 0.5390625 0.46015625 0.015625 0.04609375
0 0.55625 0.49921875 0.00703125 0.015625
3 0.23671875 0.4328125 0.01171875 0.05859375