3 0.75625 0.44453125 0.02265625 0.07734375
3 0.69921875 0.36640625 0.0125 0.059375
3 0.496875 0.39375 0.02109375 0.06484375
3 0.5703125 0.35625 0.01484375 0.06015625
3 0.27578125 0.46875 0.02265625 0.0765625
1 0.9859375 0.35078125 0.021875 0.06484375
3 0.69375 0.634375 0.025 0.10234375
3 0.50390625 0.303125 0.01171875 0.04765625
3 0.51640625 0.3703125 0.0140625 0.059375
3 0.35 0.2953125 0.01640625 0.04453125
3 0.44609375 0.29140625 0.0125 0.05234375
3 0.2359375 0.30390625 0.015625 0.05234375
3 0.36640625 0.3234375 0.0125 0.04765625
3 0.29765625 0.39375 0.0171875 0.06640625
3 0.62109375 0.31328125 0.0140625 0.053125
3 0.2796875 0.34375 0.015625 0.05546875
3 0.53515625 0.30703125 0.015625 0.06171875
3 0.54609375 0.27890625 0.0109375 0.04375
2 0.5265625 0.33359375 0.01484375 0.05703125
3 0.39296875 0.32109375 0.0171875 0.04140625
0 0.3453125 0.3109375 0.00859375 0.0140625