3 0.59765625 0.375 0.01796875 0.04609375
3 0.5515625 0.440625 0.01484375 0.059375
3 0.63828125 0.36640625 0.01640625 0.05078125
3 0.38359375 0.5796875 0.034375 0.078125
3 0.45234375 0.35703125 0.0171875 0.04453125
3 0.34921875 0.371875 0.0171875 0.04375
3 0.29296875 0.465625 0.02109375 0.05703125
3 0.51953125 0.4328125 0.01953125 0.04453125
3 0.7140625 0.40703125 0.0203125 0.04921875
3 0.34453125 0.465625 0.025 0.0609375
3 0.30703125 0.42734375 0.01875 0.0515625
3 0.4703125 0.40390625 0.01796875 0.05078125
3 0.53203125 0.4140625 0.01328125 0.0375
3 0.6515625 0.5234375 0.0265625 0.06875
3 0.5265625 0.37578125 0.01640625 0.03828125
3 0.37890625 0.36171875 0.0140625 0.0421875
0 0.5609375 0.4546875 0.009375 0.0203125
3 0.28671875 0.43359375 0.01796875 0.04140625
2 0.340625 0.3296875 0.01171875 0.04140625
2 0.55625 0.421875 0.0125 0.05390625