3 0.75625 0.44765625 0.021875 0.07578125
3 0.4953125 0.3921875 0.0203125 0.06328125
3 0.6953125 0.3640625 0.0125 0.0625
3 0.5671875 0.35625 0.01484375 0.06015625
1 0.98125 0.34921875 0.01953125 0.06171875
3 0.2734375 0.471875 0.02421875 0.07578125
3 0.53359375 0.31015625 0.01484375 0.053125
3 0.278125 0.34375 0.015625 0.0546875
3 0.3515625 0.29375 0.01484375 0.04609375
3 0.23359375 0.30546875 0.0140625 0.0515625
3 0.36015625 0.3234375 0.0140625 0.05078125
3 0.50078125 0.30546875 0.01328125 0.04921875
3 0.61796875 0.3125 0.0140625 0.05546875
3 0.4453125 0.296875 0.0140625 0.04609375
3 0.69296875 0.6359375 0.0234375 0.10234375
3 0.29453125 0.39375 0.01640625 0.065625
3 0.38984375 0.321875 0.01484375 0.05
3 0.51484375 0.365625 0.01328125 0.06015625
2 0.5234375 0.33203125 0.01484375 0.05390625
0 0.34375 0.31015625 0.0078125 0.01171875