3 0.6203125 0.31875 0.0171875 0.04296875
3 0.64609375 0.65859375 0.04140625 0.09921875
3 0.70390625 0.41796875 0.025 0.06484375
3 0.46953125 0.37265625 0.025 0.05703125
3 0.51640625 0.30703125 0.0171875 0.0421875
3 0.79765625 0.29140625 0.0171875 0.02890625
3 0.89921875 0.409375 0.02578125 0.06171875
2 0.6484375 0.3640625 0.02578125 0.0515625
3 0.73203125 0.4140625 0.0234375 0.0625
3 0.42421875 0.41796875 0.0265625 0.0609375
3 0.825 0.32265625 0.01796875 0.0453125
3 0.375 0.41875 0.02578125 0.06171875
2 0.4921875 0.26640625 0.01484375 0.040625
3 0.76484375 0.525 0.034375 0.0796875
3 0.46171875 0.2984375 0.0171875 0.040625
1 0.165625 0.3375 0.02265625 0.04921875
3 0.7203125 0.32578125 0.0171875 0.04921875
3 0.60703125 0.35078125 0.01796875 0.04765625
3 0.86875 0.42109375 0.021875 0.0640625
3 0.484375 0.359375 0.02578125 0.05078125
3 0.7640625 0.3046875 0.01875 0.04296875
0 0.23828125 0.36328125 0.0109375 0.0125