3 0.728125 0.44765625 0.01953125 0.07734375
3 0.47109375 0.39921875 0.0203125 0.0640625
3 0.54140625 0.35859375 0.01640625 0.059375
3 0.66796875 0.365625 0.0140625 0.0640625
1 0.9453125 0.35 0.0171875 0.059375
3 0.24375 0.478125 0.02421875 0.06953125
3 0.59375 0.3140625 0.0140625 0.05390625
3 0.42890625 0.303125 0.01484375 0.05078125
3 0.20703125 0.31015625 0.01484375 0.06171875
3 0.6734375 0.6390625 0.0328125 0.10703125
3 0.490625 0.371875 0.01484375 0.06015625
3 0.51171875 0.3140625 0.01484375 0.05625
3 0.25859375 0.4 0.01640625 0.065625
3 0.721875 0.81484375 0.034375 0.1078125
2 0.49765625 0.334375 0.01484375 0.05078125
3 0.47265625 0.30390625 0.0125 0.046875
3 0.33515625 0.3265625 0.015625 0.04453125
0 0.31640625 0.3171875 0.00703125 0.01640625
3 0.36875 0.32734375 0.01953125 0.046875
3 0.2546875 0.3484375 0.0171875 0.053125
3 0.32734375 0.303125 0.0140625 0.0421875