3 0.4765625 0.39765625 0.02109375 0.0640625
3 0.67109375 0.36484375 0.015625 0.05859375
3 0.73203125 0.44609375 0.01953125 0.0765625
3 0.54375 0.35859375 0.0171875 0.05703125
3 0.246875 0.47421875 0.0234375 0.07890625
1 0.9484375 0.34921875 0.0171875 0.06015625
3 0.48046875 0.30390625 0.0125 0.05234375
3 0.67734375 0.6390625 0.03359375 0.10625
3 0.2109375 0.3125 0.0140625 0.05390625
3 0.59765625 0.315625 0.01484375 0.05390625
3 0.4296875 0.3078125 0.0140625 0.05
3 0.51484375 0.3171875 0.01484375 0.06015625
3 0.33828125 0.328125 0.0140625 0.0515625
2 0.50078125 0.33515625 0.0140625 0.05390625
0 0.31875 0.315625 0.0078125 0.0171875
3 0.2625 0.39921875 0.0171875 0.06328125
3 0.4921875 0.37421875 0.0140625 0.05859375
3 0.37109375 0.32109375 0.0140625 0.04609375
3 0.33125 0.3015625 0.0140625 0.03359375
3 0.2578125 0.3453125 0.0203125 0.04765625