3 0.28515625 0.38046875 0.01796875 0.0421875
3 0.5453125 0.446875 0.01953125 0.0546875
3 0.48125 0.39765625 0.01875 0.04921875
3 0.16796875 0.4546875 0.025 0.05390625
3 0.50703125 0.56796875 0.02890625 0.06953125
3 0.21640625 0.553125 0.02578125 0.071875
3 0.60234375 0.375 0.01796875 0.04609375
3 0.415625 0.39375 0.01875 0.04453125
3 0.23203125 0.403125 0.01796875 0.04453125
1 0.90078125 0.39609375 0.02109375 0.0484375
3 0.41875 0.5390625 0.02734375 0.06171875
3 0.66875 0.43359375 0.0203125 0.04921875
3 0.4796875 0.34609375 0.01640625 0.0421875
2 0.403125 0.45234375 0.02109375 0.046875
2 0.92578125 0.68359375 0.03125 0.0890625
3 0.22421875 0.4328125 0.02109375 0.053125
3 0.6953125 0.44140625 0.0203125 0.0515625
3 0.33984375 0.4484375 0.0140625 0.05625
3 0.59765625 0.5484375 0.01953125 0.06953125
3 0.403125 0.5140625 0.01796875 0.065625
3 0.2640625 0.559375 0.028125 0.06171875
3 0.2640625 0.38046875 0.01484375 0.0375
0 0.5859375 0.5671875 0.01015625 0.01796875
3 0.35546875 0.4578125 0.01953125 0.05234375