3 0.2265625 0.36796875 0.01640625 0.05703125
3 0.44609375 0.41015625 0.0203125 0.0625
3 0.7 0.4546875 0.02109375 0.0765625
3 0.6421875 0.36796875 0.01328125 0.05703125
3 0.51015625 0.37421875 0.01875 0.059375
3 0.484375 0.33046875 0.0140625 0.05390625
1 0.903125 0.36171875 0.015625 0.0625
3 0.5625 0.328125 0.0140625 0.05390625
3 0.30625 0.34296875 0.0171875 0.05390625
3 0.4078125 0.31640625 0.015625 0.05078125
3 0.21328125 0.4921875 0.0234375 0.07734375
3 0.44296875 0.31796875 0.0125 0.05078125
2 0.46328125 0.34765625 0.01328125 0.0546875
3 0.17421875 0.32890625 0.01484375 0.06015625
3 0.34375 0.33984375 0.015625 0.05078125
3 0.65859375 0.6546875 0.03203125 0.103125
3 0.45859375 0.38671875 0.0171875 0.06328125
3 0.21328125 0.421875 0.0171875 0.06640625
3 0.46640625 0.29453125 0.0125 0.0453125
3 0.484375 0.3 0.0109375 0.04453125
3 0.3015625 0.31796875 0.0140625 0.03671875
0 0.2859375 0.33203125 0.00546875 0.01484375