3 0.2421875 0.3828125 0.01640625 0.04375
3 0.64453125 0.4640625 0.02109375 0.05078125
3 0.53125 0.4296875 0.01796875 0.04765625
3 0.48828125 0.5203125 0.025 0.0578125
3 0.33203125 0.453125 0.0125 0.0640625
3 0.32265625 0.51484375 0.021875 0.0609375
3 0.190625 0.440625 0.01875 0.053125
3 0.6234375 0.37734375 0.02265625 0.04375
3 0.57578125 0.5421875 0.02890625 0.06796875
3 0.16484375 0.54296875 0.02734375 0.06796875
3 0.453125 0.334375 0.01640625 0.0421875
3 0.12734375 0.65859375 0.03203125 0.0828125
2 0.921875 0.6828125 0.034375 0.08359375
2 0.87890625 0.3921875 0.01875 0.05078125
3 0.73203125 0.46796875 0.02421875 0.06015625
3 0.43671875 0.425 0.01171875 0.053125
3 0.209375 0.51015625 0.0234375 0.05859375
3 0.3703125 0.53125 0.025 0.065625
3 0.2203125 0.4375 0.01875 0.0578125
3 0.2140625 0.390625 0.01796875 0.046875
2 0.34375 0.4578125 0.0125 0.0484375
0 0.609375 0.38125 0.00703125 0.0109375