3 0.675 0.3671875 0.01640625 0.0578125
3 0.47734375 0.39453125 0.0203125 0.0640625
3 0.5484375 0.35859375 0.01796875 0.0578125
3 0.734375 0.44609375 0.01953125 0.0765625
1 0.9515625 0.3484375 0.0171875 0.059375
3 0.48359375 0.3015625 0.0125 0.0515625
3 0.5171875 0.315625 0.0140625 0.05703125
3 0.25 0.47265625 0.02265625 0.078125
3 0.26171875 0.3484375 0.01875 0.05703125
3 0.2625 0.3953125 0.01875 0.06328125
3 0.678125 0.6390625 0.03515625 0.1046875
3 0.6 0.3125 0.01640625 0.0546875
3 0.21328125 0.31171875 0.01484375 0.05625
3 0.37578125 0.325 0.01640625 0.05234375
3 0.49609375 0.37265625 0.015625 0.06015625
3 0.3390625 0.3265625 0.01640625 0.05078125
2 0.503125 0.3359375 0.0125 0.0546875
3 0.43125 0.3 0.01640625 0.04296875
3 0.33359375 0.30078125 0.0140625 0.03046875
0 0.32109375 0.3140625 0.00703125 0.00859375