3 0.7125 0.45 0.021875 0.07734375
3 0.65078125 0.37109375 0.0125 0.05625
3 0.45625 0.3984375 0.01875 0.06171875
3 0.575 0.31953125 0.01328125 0.0515625
3 0.5265625 0.3640625 0.015625 0.0578125
3 0.66484375 0.6421875 0.02421875 0.10234375
3 0.23984375 0.36171875 0.01953125 0.0625
3 0.4578125 0.31171875 0.0125 0.05234375
2 0.48359375 0.3421875 0.01640625 0.05546875
3 0.32265625 0.33515625 0.01484375 0.05
3 0.41875 0.3078125 0.01484375 0.05078125
3 0.5 0.3203125 0.01484375 0.05390625
3 0.47109375 0.38046875 0.01484375 0.0578125
3 0.3546875 0.33203125 0.01484375 0.0484375
1 0.92421875 0.35390625 0.01796875 0.0625
3 0.23515625 0.41171875 0.01953125 0.065625
3 0.18671875 0.31328125 0.0171875 0.07421875
3 0.6578125 0.3625 0.01171875 0.05390625
3 0.3140625 0.30703125 0.0125 0.0390625
0 0.2984375 0.321875 0.00625 0.015625
3 0.48671875 0.28671875 0.01328125 0.0390625
3 0.50078125 0.2890625 0.0140625 0.03828125