3 0.2109375 0.4921875 0.0171875 0.0765625
3 0.2109375 0.41640625 0.01796875 0.0734375
3 0.22421875 0.3734375 0.0171875 0.065625
3 0.3078125 0.34453125 0.0171875 0.04921875
3 0.3453125 0.34296875 0.01796875 0.0453125
3 0.1703125 0.33203125 0.015625 0.0453125
3 0.6515625 0.6515625 0.040625 0.1
3 0.6953125 0.453125 0.02265625 0.0734375
3 0.640625 0.36953125 0.0125 0.05859375
3 0.63203125 0.37578125 0.01171875 0.0546875
3 0.44609375 0.4140625 0.021875 0.0609375
3 0.45703125 0.384375 0.015625 0.0609375
3 0.50703125 0.37421875 0.01953125 0.05390625
3 0.56015625 0.325 0.01796875 0.05234375
3 0.48828125 0.3328125 0.01484375 0.04921875
3 0.43984375 0.31953125 0.01328125 0.05
3 0.40703125 0.31953125 0.01171875 0.0421875
3 0.46328125 0.2953125 0.0109375 0.03984375
3 0.48125 0.296875 0.01015625 0.040625
1 0.9015625 0.3625 0.02265625 0.06328125
2 0.4625 0.34765625 0.01328125 0.04921875
3 0.29765625 0.3171875 0.01328125 0.040625
0 0.28515625 0.3328125 0.00625 0.009375