3 0.79296875 0.4546875 0.025 0.07734375
3 0.30703125 0.4765625 0.021875 0.0765625
3 0.73828125 0.3640625 0.01953125 0.0671875
3 0.60546875 0.35625 0.0140625 0.059375
3 0.5234375 0.396875 0.01796875 0.06484375
3 0.65546875 0.31171875 0.0125 0.05234375
3 0.465625 0.29140625 0.0140625 0.0484375
3 0.390625 0.2921875 0.01328125 0.04375
3 0.5546875 0.36875 0.01484375 0.059375
3 0.54296875 0.30546875 0.01171875 0.0484375
3 0.34453125 0.3859375 0.01640625 0.06796875
3 0.7140625 0.63203125 0.0265625 0.10546875
3 0.28046875 0.3 0.01171875 0.04921875
3 0.40703125 0.3203125 0.01328125 0.046875
3 0.309375 0.3421875 0.015625 0.05390625
2 0.56328125 0.334375 0.015625 0.053125
3 0.5609375 0.3078125 0.01328125 0.0421875
3 0.42265625 0.32109375 0.0125 0.04765625
0 0.3375 0.3140625 0.009375 0.01953125