3 0.50703125 0.3046875 0.0171875 0.046875
3 0.62421875 0.3125 0.02109375 0.05
3 0.2859375 0.3453125 0.02109375 0.0546875
3 0.69296875 0.640625 0.0375 0.1
3 0.30078125 0.3953125 0.02265625 0.06328125
3 0.57265625 0.3578125 0.021875 0.0578125
3 0.7625 0.44921875 0.028125 0.071875
3 0.240625 0.3109375 0.01796875 0.04609375
1 0.9859375 0.353125 0.028125 0.059375
3 0.3703125 0.3234375 0.01875 0.05078125
3 0.70234375 0.3609375 0.02734375 0.06953125
3 0.353125 0.296875 0.02265625 0.04140625
3 0.55 0.28046875 0.01796875 0.0453125
3 0.5203125 0.37109375 0.02109375 0.05703125
3 0.49921875 0.396875 0.02578125 0.06015625
3 0.2796875 0.4703125 0.021875 0.071875
3 0.39609375 0.32265625 0.01796875 0.05234375
3 0.446875 0.2984375 0.01796875 0.04296875
3 0.5375 0.30859375 0.01796875 0.05078125
2 0.53046875 0.33125 0.01484375 0.0484375
0 0.3484375 0.31171875 0.01015625 0.0203125