3 0.3453125 0.6125 0.028125 0.0796875
3 0.24375 0.46640625 0.02890625 0.06171875
3 0.38203125 0.359375 0.015625 0.03984375
3 0.565625 0.3984375 0.0171875 0.05
3 0.47890625 0.41796875 0.01875 0.04765625
3 0.49765625 0.33984375 0.01953125 0.05390625
3 0.6109375 0.36796875 0.01875 0.04375
3 0.5 0.39609375 0.01796875 0.04609375
3 0.35234375 0.3640625 0.0140625 0.040625
3 0.70546875 0.39921875 0.01484375 0.05234375
3 0.534375 0.4296875 0.01953125 0.05
3 0.31953125 0.4203125 0.01875 0.05078125
3 0.63984375 0.3609375 0.01640625 0.04453125
3 0.71171875 0.3640625 0.01640625 0.03515625
2 0.3203125 0.33046875 0.0203125 0.03984375
3 0.3296875 0.4703125 0.021875 0.05859375
3 0.6484375 0.5125 0.025 0.06640625
3 0.4640625 0.390625 0.0125 0.04296875
3 0.253125 0.44375 0.025 0.059375
2 0.55 0.41796875 0.01953125 0.05546875
3 0.6765625 0.3484375 0.015625 0.0421875
0 0.5046875 0.40859375 0.00703125 0.0140625