3 0.4609375 0.4 0.01953125 0.06328125
3 0.234375 0.47734375 0.021875 0.0765625
3 0.71796875 0.44765625 0.02109375 0.075
3 0.53125 0.36015625 0.01484375 0.06015625
3 0.65625 0.36875 0.0125 0.0578125
3 0.5046875 0.31953125 0.01171875 0.05
1 0.9328125 0.3515625 0.01640625 0.06171875
3 0.19453125 0.3140625 0.0140625 0.06484375
3 0.4640625 0.31015625 0.0125 0.04921875
3 0.32265625 0.30546875 0.01484375 0.0421875
2 0.48515625 0.3390625 0.01484375 0.05234375
3 0.359375 0.33046875 0.0140625 0.04765625
3 0.58203125 0.3171875 0.0140625 0.05390625
3 0.24453125 0.3546875 0.0171875 0.05546875
3 0.32734375 0.33203125 0.0125 0.04921875
3 0.66875 0.640625 0.02421875 0.10390625
0 0.30546875 0.31953125 0.00703125 0.01640625
3 0.48125 0.378125 0.0140625 0.06015625
3 0.24375 0.4109375 0.01953125 0.0625
3 0.42109375 0.30234375 0.015625 0.05