3 0.6953125 0.634375 0.03046875 0.103125
3 0.5015625 0.39296875 0.0203125 0.06484375
3 0.765625 0.44765625 0.021875 0.07578125
3 0.57421875 0.35703125 0.0171875 0.06015625
3 0.28203125 0.47265625 0.0234375 0.0765625
3 0.51015625 0.30234375 0.01328125 0.05
3 0.30546875 0.39375 0.01640625 0.065625
3 0.3734375 0.32265625 0.0140625 0.05078125
3 0.35546875 0.2953125 0.01328125 0.0453125
3 0.625 0.31171875 0.0140625 0.05234375
3 0.70625 0.36640625 0.01328125 0.0609375
1 0.99140625 0.35546875 0.01640625 0.0734375
3 0.284375 0.34296875 0.01953125 0.05546875
3 0.5390625 0.3109375 0.01484375 0.04609375
3 0.24375 0.303125 0.0140625 0.05390625
3 0.52265625 0.36953125 0.01640625 0.059375
3 0.3984375 0.31953125 0.01484375 0.05
3 0.44921875 0.29765625 0.0171875 0.0375
2 0.53359375 0.33359375 0.01796875 0.053125