3 0.7046875 0.453125 0.01953125 0.0765625
3 0.45 0.40546875 0.01796875 0.06484375
3 0.66328125 0.646875 0.03203125 0.103125
3 0.51640625 0.37109375 0.0171875 0.0578125
3 0.23203125 0.3640625 0.01640625 0.05859375
3 0.2203125 0.48828125 0.02265625 0.07578125
3 0.64140625 0.3734375 0.01015625 0.05546875
2 0.471875 0.3453125 0.01484375 0.05234375
3 0.18125 0.325 0.01484375 0.05859375
3 0.3484375 0.33515625 0.015625 0.05
3 0.56796875 0.3234375 0.01328125 0.05234375
3 0.31484375 0.33984375 0.01640625 0.05
3 0.49375 0.32265625 0.0125 0.0546875
1 0.91015625 0.359375 0.01953125 0.065625
3 0.22421875 0.41328125 0.01796875 0.06796875
3 0.45 0.3140625 0.01328125 0.04921875
3 0.30625 0.31171875 0.0109375 0.03828125
3 0.4125 0.3140625 0.01640625 0.04609375
3 0.465625 0.384375 0.01640625 0.05703125
3 0.64921875 0.36484375 0.01015625 0.05625
0 0.2921875 0.32890625 0.009375 0.02109375