3 0.50703125 0.390625 0.0171875 0.0421875
3 0.36796875 0.49765625 0.02265625 0.0578125
3 0.228125 0.38203125 0.01484375 0.040625
3 0.125 0.490625 0.02421875 0.06015625
3 0.28359375 0.4140625 0.01484375 0.04453125
3 0.22578125 0.5734375 0.0296875 0.06875
3 0.29765625 0.53203125 0.02265625 0.0578125
3 0.6046875 0.4265625 0.0203125 0.04921875
3 0.753125 0.52109375 0.02578125 0.053125
3 0.14453125 0.42265625 0.015625 0.04609375
3 0.36015625 0.71484375 0.0421875 0.08828125
3 0.59453125 0.378125 0.015625 0.04453125
3 0.6234375 0.42265625 0.0203125 0.0484375
3 0.53125 0.38984375 0.015625 0.03984375
3 0.14140625 0.44765625 0.01796875 0.046875
2 0.4015625 0.4359375 0.021875 0.05
2 0.9328125 0.57109375 0.0296875 0.0703125
3 0.34296875 0.346875 0.0109375 0.03125
3 0.1671875 0.3859375 0.01484375 0.040625
3 0.3109375 0.38984375 0.01484375 0.03984375
3 0.8078125 0.49453125 0.01171875 0.05390625
0 0.796875 0.51015625 0.00625 0.01796875
1 0.77734375 0.38359375 0.01875 0.04921875