3 0.35625 0.54375 0.0265625 0.0671875
3 0.76171875 0.4078125 0.01875 0.04765625
3 0.40625 0.4 0.015625 0.03984375
3 0.703125 0.42890625 0.01796875 0.04765625
3 0.29296875 0.359375 0.02109375 0.0546875
3 0.3234375 0.428125 0.01796875 0.05
1 0.08125 0.40546875 0.0203125 0.04453125
3 0.46640625 0.35234375 0.0140625 0.03359375
3 0.38359375 0.4140625 0.02109375 0.0453125
3 0.615625 0.34296875 0.0140625 0.03046875
3 0.98984375 0.38984375 0.0203125 0.0453125
3 0.6796875 0.36953125 0.015625 0.0375
2 0.4625 0.37734375 0.0140625 0.0390625
3 0.59609375 0.36484375 0.01328125 0.040625
3 0.6203125 0.36953125 0.01171875 0.0359375
3 0.634375 0.346875 0.009375 0.0375