3 0.3578125 0.65859375 0.03828125 0.08515625
3 0.58125 0.7203125 0.03984375 0.08671875
3 0.7671875 0.8109375 0.03515625 0.0828125
3 0.55625 0.55859375 0.02890625 0.06796875
3 0.61171875 0.39140625 0.02734375 0.05625
3 0.3328125 0.40234375 0.028125 0.05234375
3 0.04140625 0.64921875 0.03828125 0.0921875
3 0.8734375 0.6046875 0.04140625 0.0828125
3 0.21171875 0.56484375 0.02890625 0.06875
3 0.1671875 0.55 0.02890625 0.07890625
3 0.628125 0.47578125 0.021875 0.06171875
3 0.678125 0.41953125 0.0265625 0.06171875
3 0.65546875 0.51796875 0.02890625 0.07109375
3 0.559375 0.46015625 0.0265625 0.0625
3 0.68828125 0.6234375 0.02890625 0.071875
1 0.92265625 0.42578125 0.025 0.0609375
3 0.484375 0.5625 0.028125 0.07578125
3 0.615625 0.6546875 0.03359375 0.08828125
3 0.73828125 0.45859375 0.028125 0.06796875
3 0.71171875 0.4078125 0.025 0.06328125
2 0.515625 0.50859375 0.01875 0.08046875
2 0.13125 0.296875 0.01640625 0.06015625