3 0.54765625 0.42578125 0.02578125 0.06015625
3 0.58203125 0.62109375 0.03125 0.08203125
3 0.7828125 0.51875 0.028125 0.0703125
3 0.74921875 0.5984375 0.02890625 0.06953125
3 0.2890625 0.46875 0.02890625 0.06484375
3 0.37421875 0.61640625 0.03046875 0.0796875
3 0.428125 0.4890625 0.028125 0.06171875
3 0.6625 0.5234375 0.02890625 0.06328125
3 0.10390625 0.7453125 0.0375 0.0890625
3 0.68359375 0.62265625 0.02890625 0.0734375
3 0.609375 0.48046875 0.025 0.0625
3 0.65 0.4546875 0.021875 0.06015625
3 0.675 0.4328125 0.02109375 0.0625
3 0.10390625 0.60859375 0.02734375 0.08203125
3 0.5015625 0.54921875 0.028125 0.071875
3 0.6375 0.4046875 0.0265625 0.06015625
1 0.85390625 0.43046875 0.02265625 0.0546875
0 0.5953125 0.58203125 0.00859375 0.028125