3 0.421875 0.36953125 0.02265625 0.05
3 0.55390625 0.34609375 0.01953125 0.04921875
3 0.32265625 0.5328125 0.0328125 0.08046875
3 0.29375 0.33203125 0.01875 0.04765625
3 0.33828125 0.35078125 0.01796875 0.05078125
3 0.6671875 0.31328125 0.01484375 0.04453125
3 0.37109375 0.31328125 0.01640625 0.04140625
3 0.68125 0.3234375 0.015625 0.046875
3 0.37734375 0.3453125 0.01796875 0.04921875
3 0.5828125 0.30078125 0.0171875 0.03515625
3 0.48359375 0.30625 0.01484375 0.04140625
3 0.446875 0.346875 0.01953125 0.05078125
2 0.5125 0.36640625 0.02265625 0.0546875
3 0.74609375 0.40390625 0.0234375 0.0625
3 0.25546875 0.4109375 0.0234375 0.0640625
3 0.58125 0.346875 0.021875 0.046875
0 0.4453125 0.30859375 0.00703125 0.01171875
3 0.73671875 0.3453125 0.01171875 0.05703125
3 0.73203125 0.38125 0.01171875 0.05390625