3 0.43515625 0.3609375 0.02109375 0.046875
3 0.54765625 0.60078125 0.03359375 0.078125
3 0.23359375 0.546875 0.0296875 0.0734375
3 0.50625 0.36875 0.021875 0.05078125
3 0.42578125 0.5734375 0.03359375 0.06484375
3 0.128125 0.4421875 0.02734375 0.0625
3 0.84296875 0.678125 0.04140625 0.08515625
3 0.1234375 0.5859375 0.0296875 0.0828125
3 0.71953125 0.4625 0.03046875 0.065625
3 0.58125 0.403125 0.01875 0.0546875
3 0.7234375 0.59921875 0.03203125 0.0671875
3 0.6859375 0.62109375 0.03984375 0.06875
3 0.54765625 0.41953125 0.02578125 0.05546875
2 0.5125 0.4703125 0.0265625 0.06640625
3 0.32421875 0.378125 0.021875 0.0546875
3 0.6203125 0.4890625 0.03046875 0.0625
1 0.81328125 0.42109375 0.0296875 0.06796875
3 0.6609375 0.43125 0.025 0.06484375
0 0.85859375 0.696875 0.02109375 0.04296875