3 0.3453125 0.396875 0.02421875 0.0546875
3 0.18125 0.6078125 0.0390625 0.08125
3 0.45234375 0.375 0.021875 0.0515625
3 0.27734375 0.54375 0.03203125 0.06640625
3 0.93359375 0.6890625 0.040625 0.08203125
3 0.86640625 0.62578125 0.03515625 0.06875
3 0.66328125 0.48671875 0.02578125 0.05703125
3 0.175 0.4515625 0.028125 0.06328125
3 0.728125 0.45078125 0.028125 0.0625
3 0.521875 0.37578125 0.02265625 0.0546875
3 0.75625 0.63671875 0.034375 0.06796875
3 0.55703125 0.63671875 0.03125 0.07890625
3 0.53046875 0.5671875 0.03203125 0.0640625
3 0.6328125 0.43515625 0.01875 0.0546875
2 0.53984375 0.46484375 0.02421875 0.065625
3 0.6890625 0.425 0.02421875 0.06015625
0 0.91640625 0.7125 0.01328125 0.028125
1 0.796875 0.4234375 0.01953125 0.06953125