3 0.34765625 0.54609375 0.028125 0.0703125
3 0.4171875 0.40703125 0.0125 0.04609375
3 0.57734375 0.36171875 0.0140625 0.0359375
3 0.7359375 0.4078125 0.01953125 0.046875
2 0.7078125 0.42734375 0.01953125 0.05078125
3 0.69921875 0.365625 0.015625 0.03984375
3 0.31875 0.37265625 0.0171875 0.04375
2 0.49453125 0.37890625 0.015625 0.04140625
3 0.6234375 0.35234375 0.0140625 0.0328125
1 0.09140625 0.40546875 0.01953125 0.0484375
3 0.32421875 0.42734375 0.02109375 0.05078125
1 0.98984375 0.39375 0.0203125 0.04375
3 0.48515625 0.34453125 0.01328125 0.03828125
3 0.42421875 0.3359375 0.0125 0.03359375
2 0.96015625 0.76015625 0.0359375 0.09296875
3 0.31953125 0.35859375 0.01640625 0.05078125
3 0.35625 0.33203125 0.01328125 0.0375