3 0.4984375 0.36328125 0.025 0.0578125
3 0.321875 0.3625 0.021875 0.05234375
3 0.7203125 0.48984375 0.03046875 0.07578125
3 0.20859375 0.54453125 0.03125 0.07421875
3 0.421875 0.35234375 0.02109375 0.053125
3 0.65546875 0.45234375 0.02578125 0.071875
3 0.58046875 0.509375 0.03125 0.0734375
1 0.86875 0.43359375 0.0296875 0.06875
3 0.0796875 0.43125 0.028125 0.065625
3 0.73828125 0.65078125 0.03828125 0.0765625
3 0.53828125 0.59140625 0.02421875 0.0671875
3 0.5125 0.428125 0.0234375 0.06328125
3 0.55859375 0.403125 0.021875 0.0609375
3 0.55078125 0.62890625 0.0390625 0.06484375
3 0.390625 0.55390625 0.0328125 0.07578125
2 0.4703125 0.4703125 0.0296875 0.071875
3 0.059375 0.5640625 0.03203125 0.08828125
3 0.5703125 0.59375 0.0265625 0.06015625
0 0.73828125 0.69453125 0.01796875 0.040625