3 0.33515625 0.54921875 0.02734375 0.0640625
3 0.38046875 0.52265625 0.021875 0.05546875
3 0.2703125 0.6140625 0.03203125 0.0703125
3 0.11171875 0.515625 0.02421875 0.06171875
3 0.20390625 0.38671875 0.0171875 0.04140625
3 0.28359375 0.428125 0.01640625 0.046875
3 0.14609375 0.3953125 0.01328125 0.0421875
3 0.50234375 0.40390625 0.01875 0.0453125
3 0.765625 0.48828125 0.02578125 0.05078125
3 0.1140625 0.44140625 0.015625 0.04921875
3 0.571875 0.38046875 0.01875 0.0453125
2 0.43203125 0.4390625 0.021875 0.05
3 0.62421875 0.43046875 0.01484375 0.0515625
2 0.91953125 0.56015625 0.03203125 0.06484375
3 0.48046875 0.3421875 0.0125 0.03125
3 0.32734375 0.35234375 0.0125 0.0296875
0 0.771875 0.4375 0.00703125 0.01015625
1 0.78046875 0.3890625 0.01484375 0.04375
3 0.6375 0.4296875 0.01171875 0.04765625
3 0.52578125 0.39921875 0.01640625 0.053125
3 0.81796875 0.48984375 0.01796875 0.05703125
3 0.3046875 0.3984375 0.01328125 0.0453125
3 0.42890625 0.70703125 0.02109375 0.08828125