2 0.45859375 0.4515625 0.025 0.06796875
3 0.5046875 0.3640625 0.02265625 0.05546875
3 0.3828125 0.359375 0.02265625 0.0546875
3 0.24375 0.521875 0.03203125 0.06953125
3 0.09453125 0.5265625 0.03203125 0.0796875
3 0.68515625 0.496875 0.03203125 0.071875
3 0.484375 0.60390625 0.028125 0.06875
3 0.109375 0.42265625 0.02734375 0.0671875
3 0.4265625 0.35546875 0.02265625 0.05390625
3 0.6921875 0.5859375 0.0296875 0.0734375
3 0.50078125 0.43125 0.02578125 0.0625
3 0.553125 0.5078125 0.03046875 0.06953125
3 0.44765625 0.5875 0.03359375 0.0953125
1 0.8828125 0.4453125 0.03125 0.0625
0 0.50625 0.64453125 0.015625 0.01796875
3 0.63671875 0.47421875 0.03359375 0.08359375
3 0.4109375 0.52109375 0.0265625 0.06484375
3 0.53515625 0.41015625 0.02421875 0.05859375
3 0.58046875 0.4453125 0.02265625 0.0546875
3 0.58359375 0.4140625 0.0203125 0.04921875
3 0.6015625 0.4453125 0.02265625 0.0578125