2 0.46875 0.515625 0.02578125 0.065625
3 0.74140625 0.51640625 0.02734375 0.06796875
3 0.4953125 0.478125 0.02421875 0.0609375
3 0.72109375 0.57734375 0.0265625 0.0625
3 0.13046875 0.59375 0.0296875 0.0796875
3 0.571875 0.58828125 0.025 0.0640625
3 0.66171875 0.440625 0.02265625 0.059375
3 0.34921875 0.63046875 0.0296875 0.08046875
3 0.1046875 0.6625 0.03046875 0.08125
3 0.65546875 0.51484375 0.025 0.06640625
3 0.50703125 0.546875 0.0265625 0.06875
3 0.6890625 0.440625 0.0265625 0.06015625
3 0.615625 0.4890625 0.02109375 0.0625
3 0.6203125 0.55390625 0.02265625 0.059375
3 0.60078125 0.415625 0.021875 0.053125
1 0.859375 0.42578125 0.02265625 0.059375
3 0.61796875 0.4 0.01953125 0.05390625
3 0.62421875 0.66796875 0.025 0.075
3 0.2984375 0.44375 0.0265625 0.06484375
3 0.640625 0.5765625 0.01796875 0.0625
3 0.6359375 0.60234375 0.02109375 0.05390625
0 0.5890625 0.634375 0.015625 0.02578125