3 0.7359375 0.48359375 0.03203125 0.06171875
3 0.534375 0.3703125 0.01796875 0.03828125
3 0.45234375 0.4953125 0.0296875 0.05546875
3 0.65625 0.3484375 0.01328125 0.03203125
3 0.27109375 0.4453125 0.01953125 0.0515625
3 0.2734375 0.61328125 0.02890625 0.07890625
3 0.61328125 0.3984375 0.01796875 0.04765625
3 0.41015625 0.42734375 0.0171875 0.0453125
3 0.39453125 0.375 0.0140625 0.03515625
2 0.471875 0.39921875 0.01640625 0.04375
3 0.28125 0.40390625 0.015625 0.046875
2 0.9875 0.66015625 0.025 0.0796875
3 0.4453125 0.34140625 0.01171875 0.028125
3 0.42109375 0.365625 0.01328125 0.03671875
3 0.64921875 0.3890625 0.01875 0.04296875
3 0.28125 0.36328125 0.0125 0.03125
1 0.83359375 0.37578125 0.01875 0.0453125