3 0.48125 0.33671875 0.01640625 0.0484375
3 0.6109375 0.31484375 0.02265625 0.040625
3 0.29921875 0.353125 0.0203125 0.05546875
3 0.34765625 0.33125 0.0234375 0.05234375
3 0.56640625 0.3484375 0.01875 0.04921875
3 0.69765625 0.38203125 0.02109375 0.05859375
3 0.53984375 0.346875 0.01953125 0.046875
3 0.4515625 0.3640625 0.0203125 0.06328125
2 0.5453125 0.3734375 0.021875 0.05703125
3 0.37421875 0.37109375 0.0203125 0.05546875
3 0.28046875 0.42265625 0.0265625 0.06171875
3 0.69921875 0.325 0.01796875 0.0453125
3 0.52734375 0.31328125 0.01484375 0.03984375
3 0.50546875 0.32421875 0.015625 0.04765625
3 0.28125 0.51484375 0.03125 0.08046875
3 0.7484375 0.36328125 0.01796875 0.05546875
3 0.409375 0.34921875 0.0203125 0.053125