3 0.20625 0.5984375 0.03046875 0.07578125
3 0.69609375 0.4546875 0.025 0.06328125
3 0.63515625 0.73671875 0.03515625 0.0859375
3 0.65625 0.528125 0.028125 0.06875
3 0.58359375 0.56328125 0.028125 0.06640625
3 0.32421875 0.42109375 0.02734375 0.05859375
3 0.5515625 0.47578125 0.0265625 0.06484375
3 0.56484375 0.646875 0.03046875 0.071875
3 0.76640625 0.55546875 0.03203125 0.06875
3 0.04140625 0.67109375 0.034375 0.09140625
2 0.51328125 0.50859375 0.02421875 0.06640625
3 0.63203125 0.40859375 0.0234375 0.05390625
3 0.7265625 0.67265625 0.02890625 0.06875
3 0.1640625 0.565625 0.02578125 0.07734375
3 0.36328125 0.6515625 0.02890625 0.08359375
3 0.490625 0.56015625 0.02578125 0.07109375
3 0.72265625 0.6 0.025 0.07109375
3 0.64296875 0.49609375 0.02109375 0.0609375
3 0.6625 0.4234375 0.021875 0.06875
1 0.87109375 0.42578125 0.02421875 0.06015625
3 0.5921875 0.640625 0.02578125 0.07578125