3 0.603125 0.4046875 0.02421875 0.0578125
3 0.84296875 0.71015625 0.03671875 0.09140625
3 0.16640625 0.640625 0.03359375 0.0828125
3 0.6390625 0.64453125 0.034375 0.0734375
3 0.7796875 0.640625 0.0296875 0.0609375
3 0.35625 0.534375 0.03125 0.06796875
3 0.36171875 0.43125 0.02421875 0.06328125
3 0.5515625 0.6359375 0.03203125 0.08046875
3 0.65390625 0.5234375 0.028125 0.0640625
3 0.68359375 0.46015625 0.034375 0.07265625
3 0.540625 0.4015625 0.03046875 0.07109375
3 0.16484375 0.4625 0.028125 0.065625
3 0.575 0.53984375 0.0265625 0.06796875
3 0.6125 0.475 0.02265625 0.0609375
3 0.6484375 0.4359375 0.02578125 0.07109375
2 0.503125 0.4578125 0.0125 0.065625
1 0.7796875 0.41953125 0.0234375 0.059375
0 0.82890625 0.73125 0.01484375 0.03828125