3 0.29453125 0.509375 0.03125 0.075
3 0.33671875 0.32734375 0.01953125 0.0546875
3 0.37421875 0.36875 0.01953125 0.05390625
3 0.734375 0.36328125 0.021875 0.0546875
3 0.28828125 0.34921875 0.0203125 0.05546875
3 0.721875 0.40234375 0.0234375 0.06328125
3 0.65078125 0.31953125 0.01875 0.04375
3 0.265625 0.41796875 0.0265625 0.06171875
3 0.68984375 0.384375 0.02109375 0.05859375
3 0.48203125 0.31953125 0.0203125 0.0453125
3 0.609375 0.3171875 0.01796875 0.03828125
3 0.521875 0.353125 0.01953125 0.04296875
3 0.69609375 0.32890625 0.01640625 0.04921875
3 0.40390625 0.35546875 0.01953125 0.0546875
3 0.44921875 0.35703125 0.01953125 0.05234375
3 0.4609375 0.33984375 0.01640625 0.04453125
3 0.4875 0.3140625 0.01796875 0.04453125
3 0.54765625 0.35 0.01796875 0.0484375
2 0.5265625 0.37265625 0.01015625 0.05546875