3 0.39453125 0.5265625 0.0203125 0.0578125
3 0.5421875 0.38125 0.01796875 0.04296875
3 0.190625 0.3890625 0.01328125 0.0375
3 0.0921875 0.4546875 0.01875 0.05
3 0.365625 0.540625 0.02421875 0.06015625
3 0.24375 0.63125 0.028125 0.07578125
3 0.50234375 0.409375 0.01796875 0.04453125
3 0.11484375 0.52734375 0.0265625 0.065625
3 0.29296875 0.43203125 0.01875 0.0484375
3 0.63203125 0.4296875 0.01953125 0.05
3 0.7375 0.478125 0.02578125 0.0546875
3 0.51875 0.4078125 0.01484375 0.0421875
3 0.3046875 0.40625 0.01484375 0.04296875
3 0.6515625 0.41171875 0.01484375 0.0359375
3 0.10703125 0.48828125 0.01640625 0.03828125
2 0.44765625 0.43984375 0.0203125 0.0515625
3 0.97578125 0.9703125 0.0484375 0.059375
3 0.12578125 0.4015625 0.01484375 0.040625
3 0.45546875 0.34765625 0.01484375 0.03125
3 0.84375 0.48515625 0.0140625 0.0609375
1 0.75078125 0.396875 0.01171875 0.04140625