3 0.275 0.52421875 0.0296875 0.0796875
3 0.709375 0.37734375 0.02109375 0.05859375
3 0.31953125 0.35234375 0.01953125 0.05546875
3 0.61328125 0.315625 0.02265625 0.03828125
3 0.4984375 0.334375 0.01640625 0.04765625
3 0.3734375 0.36796875 0.01796875 0.05390625
3 0.29609375 0.42421875 0.02734375 0.06328125
3 0.76171875 0.365625 0.02265625 0.04921875
3 0.46640625 0.3609375 0.0171875 0.04921875
3 0.75078125 0.409375 0.02265625 0.0640625
3 0.68828125 0.3234375 0.01875 0.0453125
3 0.41796875 0.34296875 0.01875 0.05
2 0.56875 0.36953125 0.02265625 0.0625
3 0.36015625 0.3296875 0.01953125 0.05078125
3 0.5359375 0.321875 0.01796875 0.0453125
3 0.5875 0.34296875 0.0203125 0.04765625