3 0.3 0.65 0.03359375 0.06953125
3 0.60078125 0.65546875 0.034375 0.0734375
3 0.57578125 0.415625 0.02421875 0.0546875
3 0.78046875 0.56328125 0.02734375 0.06875
3 0.253125 0.6640625 0.03671875 0.07890625
3 0.65546875 0.6515625 0.03515625 0.06953125
3 0.31640625 0.45703125 0.02890625 0.06484375
3 0.68984375 0.65625 0.034375 0.0734375
3 0.85 0.5765625 0.03125 0.08984375
3 0.52109375 0.5703125 0.0265625 0.06484375
3 0.81171875 0.48359375 0.0265625 0.06328125
3 0.5625 0.44765625 0.02421875 0.05546875
3 0.128125 0.5671875 0.028125 0.0734375
3 0.5921875 0.51015625 0.025 0.0640625
1 0.75625 0.42109375 0.0203125 0.0578125
3 0.65625 0.44609375 0.02265625 0.05859375
3 0.68359375 0.4859375 0.02578125 0.0609375
3 0.67109375 0.3953125 0.021875 0.0546875
2 0.4796875 0.5109375 0.0234375 0.0703125