3 0.45078125 0.4078125 0.021875 0.04765625
3 0.2125 0.38046875 0.01875 0.04765625
3 0.7375 0.35703125 0.01875 0.046875
3 0.40859375 0.3390625 0.01484375 0.04140625
3 0.2421875 0.35078125 0.01875 0.0390625
3 0.3234375 0.34609375 0.02109375 0.04296875
3 0.2625 0.4875 0.02421875 0.06015625
2 0.5 0.3609375 0.01875 0.04296875
3 0.2265625 0.4140625 0.02109375 0.05234375
3 0.5703125 0.3703125 0.01875 0.0453125
3 0.56328125 0.30546875 0.0171875 0.0375
3 0.8484375 0.44765625 0.02890625 0.05703125
3 0.2515625 0.64296875 0.03828125 0.0875
3 0.63515625 0.36484375 0.0203125 0.0421875
3 0.33203125 0.453125 0.01953125 0.05859375
1 0.8265625 0.3359375 0.02265625 0.0484375
3 0.71484375 0.37578125 0.02578125 0.04609375
3 0.2390625 0.4 0.01796875 0.046875