3 0.61171875 0.57265625 0.03359375 0.05390625
3 0.6125 0.43671875 0.021875 0.059375
3 0.50703125 0.60703125 0.034375 0.0703125
3 0.1640625 0.4890625 0.02578125 0.06796875
3 0.83671875 0.51328125 0.025 0.05078125
3 0.7 0.53046875 0.028125 0.05390625
3 0.26328125 0.55234375 0.028125 0.0671875
3 0.40703125 0.4296875 0.0234375 0.0609375
3 0.69375 0.4640625 0.02109375 0.0578125
3 0.8890625 0.503125 0.0296875 0.06171875
3 0.63125 0.49453125 0.0265625 0.0578125
3 0.71171875 0.42265625 0.01875 0.04375
3 0.74609375 0.47421875 0.02578125 0.06484375
3 0.56953125 0.43671875 0.025 0.07578125
0 0.84140625 0.57421875 0.01328125 0.01796875
1 0.7828125 0.4453125 0.0203125 0.04296875
3 0.73203125 0.4703125 0.01953125 0.05234375
2 0.528125 0.4671875 0.0203125 0.07109375
3 0.2140625 0.57890625 0.03203125 0.08671875