3 0.4171875 0.55703125 0.02890625 0.071875
3 0.84140625 0.41015625 0.02109375 0.04765625
3 0.76328125 0.446875 0.02265625 0.05
3 0.44609375 0.3984375 0.01640625 0.03828125
3 0.665625 0.38359375 0.01484375 0.04296875
3 0.359375 0.4234375 0.0203125 0.04921875
3 0.5125 0.3515625 0.0140625 0.0359375
3 0.425 0.41484375 0.01953125 0.04453125
3 0.67109375 0.34140625 0.01328125 0.02734375
2 0.5015625 0.384375 0.015625 0.04453125
3 0.7296875 0.35078125 0.01171875 0.0265625
3 0.3 0.3703125 0.01640625 0.03984375
3 0.31953125 0.3640625 0.01484375 0.0375
3 0.41796875 0.33359375 0.01796875 0.03515625
3 0.72578125 0.390625 0.0171875 0.046875
1 0.1125 0.396875 0.01875 0.04765625
0 0.2296875 0.03359375 0.01640625 0.015625
3 0.3265625 0.3328125 0.015625 0.04296875