3 0.8296875 0.60625 0.0265625 0.0671875
3 0.51953125 0.4640625 0.03046875 0.059375
3 0.3125 0.70546875 0.0453125 0.090625
3 0.59375 0.42109375 0.02421875 0.05625
3 0.57734375 0.55390625 0.0328125 0.0640625
3 0.5421875 0.60859375 0.02734375 0.05078125
3 0.8421875 0.49921875 0.02890625 0.07109375
3 0.76484375 0.603125 0.02734375 0.07578125
3 0.68125 0.5015625 0.025 0.06171875
3 0.69765625 0.409375 0.0296875 0.06953125
3 0.665625 0.453125 0.025 0.05625
3 0.3015625 0.46875 0.02890625 0.0640625
1 0.7890625 0.42578125 0.025 0.06171875
3 0.503125 0.64140625 0.0328125 0.07734375
3 0.5875 0.665625 0.03203125 0.06796875
2 0.5 0.52890625 0.028125 0.0671875