3 0.725 0.43671875 0.02109375 0.05234375
3 0.809375 0.4109375 0.0203125 0.0484375
3 0.390625 0.55234375 0.03125 0.06953125
3 0.43515625 0.32890625 0.0109375 0.034375
3 0.41796875 0.4015625 0.0171875 0.04375
3 0.29375 0.36875 0.01796875 0.04375
3 0.634375 0.3796875 0.01640625 0.03828125
2 0.4625 0.38046875 0.01796875 0.04140625
3 0.4875 0.35078125 0.0125 0.034375
3 0.696875 0.38125 0.01640625 0.03984375
1 0.103125 0.39921875 0.0109375 0.0453125
3 0.31015625 0.3640625 0.00859375 0.03671875
3 0.34296875 0.33671875 0.01015625 0.034375
3 0.34609375 0.4171875 0.009375 0.05
3 0.4015625 0.4125 0.01015625 0.04921875
3 0.68828125 0.34375 0.0140625 0.0296875
3 0.646875 0.378125 0.0140625 0.0390625
3 0.63671875 0.3375 0.0203125 0.03203125
3 0.46796875 0.33203125 0.0078125 0.03046875