3 0.3109375 0.515625 0.03125 0.0765625
3 0.35625 0.36328125 0.01875 0.05
3 0.2859375 0.34140625 0.01953125 0.05
3 0.53125 0.35234375 0.01796875 0.05234375
3 0.4390625 0.3421875 0.01328125 0.05234375
3 0.253125 0.4125 0.0234375 0.0609375
3 0.60859375 0.30625 0.0171875 0.0453125
3 0.39921875 0.3546875 0.01875 0.05625
3 0.3453125 0.31875 0.01640625 0.04765625
2 0.51796875 0.3703125 0.02265625 0.05546875
3 0.54765625 0.36015625 0.01796875 0.0453125
3 0.7015625 0.38359375 0.02109375 0.059375
3 0.4609375 0.31171875 0.0171875 0.03984375
3 0.6765625 0.31953125 0.015625 0.0546875
3 0.3328125 0.32265625 0.0171875 0.046875
3 0.69140625 0.32578125 0.01640625 0.05
3 0.72890625 0.35546875 0.0171875 0.0515625
3 0.47265625 0.309375 0.01171875 0.04140625
3 0.72421875 0.403125 0.01796875 0.05703125
0 0.4546875 0.303125 0.00703125 0.0171875
2 0.3328125 0.278125 0.009375 0.0359375