3 0.3421875 0.54375 0.0296875 0.06796875
3 0.54453125 0.46796875 0.025 0.06015625
3 0.53125 0.6296875 0.03203125 0.08125
3 0.66328125 0.65390625 0.03359375 0.07890625
3 0.16328125 0.6609375 0.034375 0.09296875
3 0.603125 0.409375 0.0234375 0.05703125
3 0.67578125 0.5359375 0.03046875 0.0609375
3 0.378125 0.428125 0.02578125 0.06015625
3 0.5484375 0.396875 0.0265625 0.0625
3 0.62578125 0.46015625 0.02578125 0.05703125
3 0.70390625 0.46328125 0.03046875 0.0625
3 0.16953125 0.46796875 0.028125 0.06796875
3 0.64140625 0.5703125 0.02578125 0.06953125
3 0.87890625 0.6578125 0.03046875 0.071875
2 0.51484375 0.465625 0.0234375 0.0640625
3 0.66171875 0.4328125 0.02421875 0.06328125
3 0.54296875 0.409375 0.02421875 0.0625
1 0.7828125 0.4234375 0.02421875 0.05234375
3 0.84296875 0.6875 0.03515625 0.09453125
3 0.71796875 0.465625 0.02421875 0.05625
0 0.89453125 0.6734375 0.0109375 0.028125