3 0.42265625 0.3875 0.0203125 0.0453125
3 0.290625 0.41953125 0.0203125 0.05546875
3 0.3296875 0.36171875 0.01484375 0.0421875
3 0.3421875 0.5421875 0.03046875 0.07578125
3 0.73984375 0.3953125 0.01953125 0.05
3 0.47265625 0.3453125 0.015625 0.03515625
2 0.5046875 0.37734375 0.01640625 0.05078125
3 0.56328125 0.35234375 0.0140625 0.0421875
3 0.60078125 0.35625 0.01640625 0.04453125
3 0.346875 0.353125 0.01484375 0.040625
1 0.046875 0.3953125 0.02265625 0.05625
3 0.3984375 0.321875 0.01796875 0.04765625
3 0.45625 0.38515625 0.01796875 0.04453125
3 0.71328125 0.35390625 0.01953125 0.04375
3 0.65 0.33828125 0.015625 0.04296875
3 0.31640625 0.3421875 0.0171875 0.04140625
3 0.53828125 0.321875 0.01640625 0.0328125
3 0.7296875 0.41640625 0.025 0.05625
3 0.353125 0.31796875 0.0125 0.03984375