3 0.178125 0.3953125 0.0125 0.0390625
3 0.26015625 0.6453125 0.03828125 0.06953125
3 0.0828125 0.46171875 0.01796875 0.0484375
3 0.30703125 0.43515625 0.01796875 0.0453125
3 0.1109375 0.53359375 0.025 0.065625
3 0.42578125 0.515625 0.025 0.05546875
3 0.3875 0.5265625 0.021875 0.05546875
3 0.50390625 0.41640625 0.015625 0.04140625
3 0.28359375 0.36171875 0.01171875 0.034375
3 0.44453125 0.34921875 0.0140625 0.03359375
2 0.45625 0.4375 0.0171875 0.04921875
3 0.31875 0.4046875 0.01328125 0.03828125
3 0.5234375 0.39609375 0.0203125 0.065625
3 0.69453125 0.41953125 0.02109375 0.040625
3 0.11796875 0.409375 0.01484375 0.04140625
3 0.76953125 0.48515625 0.0296875 0.04765625
0 0.875 0.48359375 0.0140625 0.03046875
3 0.890625 0.4890625 0.02109375 0.0734375
2 0.9265625 0.52421875 0.0203125 0.059375
3 0.6390625 0.42578125 0.01953125 0.05546875
1 0.7421875 0.39609375 0.0234375 0.0484375