3 0.2015625 0.6171875 0.0359375 0.0859375
3 0.32109375 0.54453125 0.02890625 0.0671875
3 0.17734375 0.45859375 0.028125 0.06640625
3 0.453125 0.3921875 0.02265625 0.05078125
3 0.6375 0.5640625 0.02890625 0.06171875
3 0.87578125 0.67109375 0.040625 0.1109375
3 0.74140625 0.6171875 0.04296875 0.0671875
3 0.7234375 0.44609375 0.0265625 0.059375
3 0.51875 0.37890625 0.02265625 0.05390625
3 0.65625 0.4375 0.02265625 0.05
3 0.5859375 0.396875 0.02109375 0.053125
3 0.34140625 0.4125 0.02421875 0.05546875
3 0.68359375 0.5109375 0.0265625 0.06171875
3 0.61484375 0.40078125 0.01953125 0.0515625
3 0.62265625 0.4421875 0.02265625 0.0453125
3 0.55625 0.62890625 0.03046875 0.08125
3 0.6734375 0.42421875 0.025 0.06328125
2 0.51484375 0.46015625 0.028125 0.0640625
0 0.7203125 0.6171875 0.0140625 0.015625
1 0.78359375 0.4234375 0.02734375 0.059375