3 0.6703125 0.45 0.028125 0.0625
3 0.3046875 0.4859375 0.028125 0.059375
3 0.57578125 0.375 0.0203125 0.04765625
3 0.259375 0.3703125 0.01640625 0.046875
3 0.19375 0.603125 0.03046875 0.07734375
3 0.2265625 0.3515625 0.01953125 0.04609375
3 0.365625 0.3546875 0.0171875 0.04453125
3 0.4875 0.353125 0.01796875 0.0453125
3 0.603125 0.32734375 0.01875 0.0421875
3 0.36015625 0.4078125 0.01875 0.05234375
3 0.21640625 0.41640625 0.01875 0.0578125
3 0.29375 0.43125 0.0203125 0.05390625
2 0.45 0.38203125 0.01875 0.05078125
2 0.984375 0.70625 0.03125 0.096875
3 0.50546875 0.34921875 0.015625 0.04140625
3 0.38671875 0.34453125 0.01640625 0.0484375
1 0.8734375 0.35234375 0.0171875 0.04921875
3 0.615625 0.36796875 0.01640625 0.04453125