3 0.2421875 0.596875 0.02890625 0.06640625
3 0.35703125 0.4375 0.028125 0.05703125
3 0.1984375 0.61328125 0.03359375 0.07421875
3 0.80546875 0.52578125 0.0265625 0.06171875
3 0.1453125 0.525 0.02734375 0.06796875
3 0.79296875 0.46953125 0.0234375 0.059375
3 0.565625 0.521875 0.025 0.06015625
3 0.6765625 0.63046875 0.04140625 0.065625
3 0.86953125 0.5359375 0.0234375 0.0640625
3 0.7359375 0.62421875 0.0359375 0.06640625
3 0.6625 0.4421875 0.02265625 0.059375
3 0.575 0.47109375 0.02109375 0.0515625
3 0.59453125 0.43671875 0.02265625 0.05390625
3 0.57734375 0.41328125 0.02421875 0.06015625
3 0.67890625 0.3953125 0.0203125 0.05625
3 0.7046875 0.46875 0.02890625 0.06953125
2 0.49609375 0.48203125 0.02890625 0.0625
3 0.7421875 0.5953125 0.0265625 0.06875
3 0.8890625 0.54375 0.02734375 0.0625
1 0.7546875 0.40703125 0.01953125 0.06953125
0 0.7484375 0.65 0.01796875 0.02578125