3 0.1828125 0.5828125 0.03359375 0.084375
3 0.246875 0.3328125 0.01796875 0.046875
3 0.603125 0.31328125 0.0140625 0.04140625
3 0.6109375 0.35546875 0.02265625 0.0484375
3 0.30078125 0.34296875 0.01875 0.05
3 0.24140625 0.390625 0.0171875 0.0515625
3 0.3875 0.3796875 0.01953125 0.0484375
2 0.49140625 0.36484375 0.01640625 0.053125
3 0.2375 0.46640625 0.03125 0.0609375
3 0.521875 0.334375 0.01875 0.0484375
3 0.40390625 0.33125 0.01328125 0.04921875
3 0.43046875 0.33203125 0.0171875 0.0421875
3 0.2234375 0.3609375 0.021875 0.05078125
3 0.5359375 0.334375 0.01796875 0.04765625
3 0.44765625 0.315625 0.01640625 0.04140625
3 0.46328125 0.3140625 0.0140625 0.03671875
3 0.64375 0.3171875 0.0203125 0.03984375
3 0.67578125 0.421875 0.028125 0.059375
3 0.321875 0.40546875 0.021875 0.0546875
3 0.653125 0.34765625 0.02890625 0.05