2 0.4796875 0.51796875 0.02890625 0.06484375
3 0.56796875 0.42421875 0.02734375 0.0578125
3 0.30546875 0.45703125 0.028125 0.06640625
3 0.65625 0.44453125 0.021875 0.05859375
3 0.72734375 0.56328125 0.025 0.05625
3 0.66015625 0.51640625 0.0234375 0.06640625
3 0.76328125 0.5171875 0.028125 0.06796875
3 0.3640625 0.61484375 0.03125 0.08203125
3 0.6140625 0.4859375 0.02421875 0.0625
3 0.12265625 0.6015625 0.028125 0.08125
3 0.61015625 0.63359375 0.0265625 0.0734375
3 0.6484375 0.59609375 0.028125 0.06484375
3 0.5140625 0.546875 0.0265625 0.07265625
3 0.6890625 0.43828125 0.02421875 0.0640625
3 0.615625 0.3984375 0.02578125 0.06171875
3 0.0890625 0.6890625 0.03515625 0.1046875
1 0.86015625 0.425 0.025 0.05625
3 0.6234375 0.5546875 0.02265625 0.0546875
3 0.46484375 0.48203125 0.02265625 0.06328125
3 0.59921875 0.559375 0.0234375 0.06953125
0 0.59296875 0.58828125 0.015625 0.02890625