3 0.39453125 0.5953125 0.0296875 0.0765625
3 0.49765625 0.396875 0.01640625 0.04296875
3 0.68125 0.37734375 0.01640625 0.04296875
3 0.3734375 0.4359375 0.025 0.05
1 0.0703125 0.4015625 0.01875 0.04921875
3 0.328125 0.3796875 0.01875 0.04140625
3 0.85 0.38671875 0.02109375 0.04921875
3 0.53203125 0.340625 0.015625 0.0390625
3 0.74140625 0.328125 0.01875 0.04296875
3 0.41015625 0.34609375 0.01640625 0.0375
3 0.425 0.4296875 0.0234375 0.05
3 0.8625 0.4671875 0.02578125 0.05625
3 0.71328125 0.375 0.01640625 0.03828125
3 0.778125 0.38515625 0.01953125 0.04375
2 0.56875 0.37890625 0.01953125 0.04453125
3 0.3 0.3546875 0.01796875 0.0375