3 0.409375 0.62421875 0.04140625 0.07890625
3 0.09453125 0.6171875 0.03828125 0.08046875
3 0.4328125 0.4828125 0.02890625 0.0625
3 0.19609375 0.7390625 0.0484375 0.13515625
3 0.55390625 0.63125 0.03046875 0.07265625
3 0.77421875 0.6484375 0.0296875 0.071875
3 0.60859375 0.4625 0.03046875 0.059375
3 0.65859375 0.51328125 0.03046875 0.06875
3 0.646875 0.6109375 0.02578125 0.06953125
3 0.55234375 0.425 0.02421875 0.05859375
3 0.8125 0.51640625 0.02890625 0.0703125
3 0.4796875 0.5640625 0.03203125 0.06171875
3 0.71640625 0.640625 0.0265625 0.0734375
3 0.6703125 0.41640625 0.0265625 0.075
3 0.6484375 0.45234375 0.0234375 0.06015625
2 0.5046875 0.525 0.02421875 0.06328125
3 0.26796875 0.47421875 0.028125 0.06640625
1 0.80390625 0.4296875 0.02421875 0.0609375
0 0.58359375 0.61640625 0.01171875 0.03671875