3 0.35234375 0.540625 0.0296875 0.0671875
3 0.71953125 0.45234375 0.02734375 0.06171875
1 0.79375 0.42265625 0.02578125 0.06328125
3 0.21796875 0.6234375 0.034375 0.0859375
3 0.71796875 0.5265625 0.02734375 0.059375
3 0.35390625 0.42578125 0.02578125 0.0609375
3 0.68984375 0.4328125 0.0234375 0.05703125
3 0.5546875 0.6375 0.0328125 0.08125
3 0.67265625 0.58984375 0.02890625 0.05390625
3 0.82421875 0.62265625 0.028125 0.06875
3 0.8046875 0.646875 0.02734375 0.06171875
3 0.4734375 0.4203125 0.02265625 0.05625
0 0.60390625 0.6484375 0.015625 0.01796875
3 0.6578125 0.42109375 0.02109375 0.05859375
3 0.61875 0.41328125 0.028125 0.06953125
3 0.51953125 0.384375 0.02265625 0.053125
3 0.64296875 0.459375 0.02265625 0.0546875
3 0.59609375 0.46796875 0.021875 0.0515625
3 0.73125 0.57265625 0.02734375 0.06328125
2 0.50390625 0.459375 0.0234375 0.0640625
3 0.56875 0.40234375 0.02265625 0.0546875
3 0.1875 0.4640625 0.02890625 0.06484375