3 0.5453125 0.475 0.0265625 0.0625
3 0.22890625 0.5828125 0.0359375 0.06640625
3 0.615625 0.409375 0.02265625 0.0546875
3 0.7046875 0.7546875 0.0328125 0.08359375
3 0.15703125 0.56328125 0.03125 0.07421875
3 0.63671875 0.74375 0.0359375 0.08671875
3 0.640625 0.53203125 0.0296875 0.0671875
3 0.71484375 0.61875 0.02890625 0.0671875
3 0.696875 0.46640625 0.0265625 0.065625
3 0.559375 0.578125 0.02890625 0.06875
3 0.60234375 0.65625 0.03125 0.0796875
3 0.78828125 0.590625 0.0375 0.0765625
3 0.66171875 0.4375 0.0265625 0.05546875
3 0.35 0.66484375 0.03125 0.08203125
3 0.46796875 0.5734375 0.028125 0.07109375
1 0.875 0.43203125 0.02421875 0.06015625
3 0.32109375 0.41875 0.028125 0.0578125
3 0.025 0.6734375 0.03828125 0.09453125
2 0.509375 0.5171875 0.0265625 0.065625
0 0.696875 0.859375 0.01328125 0.034375
2 0.0953125 0.3234375 0.0171875 0.0546875