3 0.26484375 0.5375 0.02890625 0.08125
3 0.740625 0.4109375 0.02421875 0.06171875
3 0.50234375 0.32890625 0.01875 0.0484375
3 0.32265625 0.3515625 0.01875 0.0546875
3 0.46875 0.36640625 0.0171875 0.05
3 0.565625 0.31640625 0.01640625 0.0453125
3 0.35859375 0.3265625 0.02109375 0.05
3 0.40703125 0.33984375 0.0171875 0.05078125
3 0.2953125 0.4296875 0.02578125 0.0640625
3 0.70390625 0.37421875 0.02109375 0.05546875
3 0.3546875 0.36875 0.01875 0.0484375
3 0.66953125 0.321875 0.0171875 0.04453125
3 0.75390625 0.365625 0.0203125 0.0515625
3 0.59296875 0.3328125 0.02734375 0.05703125
2 0.571875 0.37265625 0.02109375 0.05234375
3 0.5375 0.32109375 0.01796875 0.04921875
3 0.4328125 0.38125 0.02109375 0.05390625
0 0.5984375 0.296875 0.00546875 0.015625