3 0.74609375 0.41484375 0.0234375 0.06015625
3 0.3 0.44375 0.0234375 0.05703125
3 0.48359375 0.3703125 0.01875 0.046875
3 0.64375 0.321875 0.015625 0.04140625
3 0.27109375 0.55078125 0.03203125 0.08046875
3 0.69609375 0.365625 0.021875 0.05234375
3 0.61015625 0.3375 0.02109375 0.04765625
3 0.7375 0.36015625 0.02109375 0.05078125
3 0.5078125 0.32734375 0.01640625 0.0453125
3 0.35078125 0.37109375 0.01796875 0.05
3 0.41015625 0.33671875 0.01640625 0.0484375
3 0.6859375 0.3234375 0.02265625 0.04140625
2 0.58203125 0.36796875 0.0203125 0.0515625
3 0.359375 0.325 0.0203125 0.046875
3 0.425 0.3921875 0.02109375 0.05390625
3 0.55703125 0.31640625 0.0171875 0.04453125
3 0.5375 0.3265625 0.01640625 0.04765625
3 0.32578125 0.34921875 0.0171875 0.053125
3 0.56640625 0.32109375 0.01484375 0.04140625