3 0.7328125 0.4515625 0.0265625 0.05859375
3 0.8796875 0.615625 0.03125 0.071875
3 0.325 0.54921875 0.02890625 0.07109375
3 0.59296875 0.4609375 0.0265625 0.0578125
3 0.52734375 0.61875 0.0328125 0.08203125
3 0.1828125 0.47109375 0.0296875 0.06796875
3 0.61171875 0.40859375 0.025 0.0546875
3 0.19921875 0.65703125 0.03984375 0.0875
3 0.68203125 0.54609375 0.02734375 0.0671875
3 0.78671875 0.4828125 0.0234375 0.0546875
3 0.40234375 0.425 0.0265625 0.06328125
3 0.79140625 0.6265625 0.0296875 0.075
3 0.9390625 0.603125 0.034375 0.06875
3 0.746875 0.53125 0.0296875 0.06484375
3 0.55859375 0.4078125 0.0296875 0.07734375
3 0.6796875 0.61875 0.03125 0.07265625
2 0.534375 0.47109375 0.028125 0.06484375
3 0.640625 0.42578125 0.0234375 0.0546875
3 0.671875 0.425 0.02265625 0.059375
3 0.6578125 0.44765625 0.021875 0.05234375
1 0.80859375 0.4296875 0.02421875 0.059375
0 0.93125 0.60859375 0.01484375 0.028125