3 0.60234375 0.40703125 0.01953125 0.04609375
3 0.3890625 0.44765625 0.01953125 0.05
3 0.65234375 0.35546875 0.0203125 0.03203125
3 0.76953125 0.50234375 0.0328125 0.06328125
3 0.540625 0.51015625 0.03046875 0.05546875
3 0.53984375 0.375 0.0171875 0.03828125
3 0.2546875 0.38125 0.01484375 0.04296875
3 0.23828125 0.475 0.0203125 0.05234375
3 0.27578125 0.64765625 0.0296875 0.08203125
3 0.24609375 0.4203125 0.01875 0.05078125
3 0.3828125 0.37578125 0.0125 0.03671875
3 0.35703125 0.384375 0.0140625 0.04140625
3 0.5640625 0.3703125 0.01796875 0.0390625
3 0.63359375 0.40234375 0.01953125 0.04453125
2 0.43828125 0.41640625 0.0203125 0.05
2 0.98203125 0.61875 0.03515625 0.0703125
1 0.7796875 0.37890625 0.0203125 0.0375