3 0.37578125 0.53046875 0.0328125 0.06484375
3 0.57109375 0.6421875 0.03359375 0.08046875
3 0.609375 0.40703125 0.02265625 0.0546875
3 0.17734375 0.46171875 0.02890625 0.06640625
3 0.18984375 0.63203125 0.0375 0.0859375
3 0.6109375 0.6234375 0.03359375 0.06484375
3 0.5515625 0.40390625 0.021875 0.0578125
3 0.6796875 0.521875 0.0296875 0.06328125
3 0.69296875 0.46796875 0.0234375 0.0609375
3 0.3578125 0.434375 0.02421875 0.0640625
3 0.56171875 0.50390625 0.02578125 0.06171875
3 0.75703125 0.64375 0.028125 0.0609375
3 0.8125 0.6890625 0.0296875 0.084375
3 0.5234375 0.3921875 0.0203125 0.05390625
3 0.6140625 0.48203125 0.02578125 0.06015625
3 0.6421875 0.4296875 0.03203125 0.06484375
2 0.49453125 0.45234375 0.0265625 0.07421875
3 0.678125 0.4453125 0.02421875 0.05703125
0 0.58046875 0.66796875 0.01171875 0.03515625
1 0.7828125 0.41953125 0.03046875 0.06015625