3 0.5 0.365625 0.021875 0.05390625
3 0.5546875 0.55625 0.0359375 0.0640625
3 0.26484375 0.49296875 0.03125 0.06796875
3 0.48984375 0.43984375 0.0234375 0.0609375
3 0.3921875 0.49140625 0.02890625 0.06328125
3 0.67734375 0.5453125 0.02890625 0.06796875
3 0.1421875 0.4140625 0.025 0.06171875
3 0.153125 0.49609375 0.02890625 0.06953125
1 0.8578125 0.45859375 0.02890625 0.065625
3 0.553125 0.4125 0.02578125 0.0578125
3 0.62421875 0.46640625 0.03046875 0.071875
3 0.665625 0.49140625 0.03046875 0.07109375
3 0.33046875 0.5703125 0.03359375 0.08125
3 0.57109375 0.49921875 0.0234375 0.0671875
3 0.43046875 0.36171875 0.0234375 0.05546875
3 0.4453125 0.3625 0.0234375 0.05234375
0 0.353125 0.6046875 0.01484375 0.0171875
2 0.4640625 0.43671875 0.021875 0.05625