3 0.5328125 0.384375 0.01484375 0.040625
3 0.21796875 0.5203125 0.0265625 0.0609375
3 0.3765625 0.46953125 0.0203125 0.05
3 0.6484375 0.51796875 0.034375 0.05625
3 0.60078125 0.4171875 0.02421875 0.04765625
3 0.32265625 0.3984375 0.0140625 0.0421875
3 0.29921875 0.36484375 0.0140625 0.0328125
2 0.40703125 0.42421875 0.0171875 0.04453125
3 0.3078125 0.49375 0.025 0.05546875
3 0.203125 0.396875 0.01484375 0.03671875
3 0.346875 0.3828125 0.01484375 0.0359375
3 0.29921875 0.6859375 0.03046875 0.08359375
3 0.6296875 0.3625 0.01484375 0.03359375
3 0.19140625 0.45 0.01953125 0.05390625
3 0.54375 0.33828125 0.0125 0.03125
3 0.378125 0.34375 0.0125 0.02734375
0 0.8046875 0.48125 0.0078125 0.01796875
1 0.7734375 0.384375 0.0140625 0.0453125
3 0.82265625 0.50546875 0.015625 0.0609375
3 0.628125 0.4109375 0.01015625 0.0453125
3 0.55859375 0.3765625 0.01328125 0.03671875
2 0.96796875 0.5875 0.02265625 0.07265625