3 0.8453125 0.54921875 0.02578125 0.0578125
3 0.73359375 0.51015625 0.02578125 0.0625
3 0.490625 0.6125 0.03515625 0.07890625
3 0.59765625 0.41953125 0.021875 0.0546875
3 0.8265625 0.49609375 0.02734375 0.05078125
3 0.265625 0.55625 0.02890625 0.0703125
3 0.6328125 0.590625 0.03046875 0.0703125
3 0.6328125 0.4625 0.0296875 0.05
3 0.15859375 0.48359375 0.02890625 0.0703125
3 0.72578125 0.45078125 0.0234375 0.04921875
3 0.19375 0.62265625 0.03125 0.08203125
3 0.63359375 0.5234375 0.02421875 0.06328125
2 0.51953125 0.47421875 0.0265625 0.0625
3 0.39140625 0.43203125 0.025 0.0625
3 0.671875 0.4546875 0.02421875 0.04921875
3 0.715625 0.5625 0.02734375 0.0671875
1 0.7828125 0.44296875 0.021875 0.03984375
3 0.8921875 0.5359375 0.02734375 0.06015625
3 0.54765625 0.41640625 0.0234375 0.0609375
3 0.54140625 0.440625 0.02109375 0.05078125
3 0.6578125 0.42421875 0.021875 0.05078125
0 0.89765625 0.55078125 0.0109375 0.02890625