3 0.30234375 0.37109375 0.01640625 0.04296875
3 0.38984375 0.4921875 0.02265625 0.05703125
3 0.471875 0.40234375 0.01875 0.0390625
3 0.453125 0.50234375 0.028125 0.08828125
2 0.96875 0.4703125 0.02421875 0.0625
3 0.440625 0.34453125 0.01171875 0.03046875
3 0.15234375 0.48359375 0.0203125 0.065625
3 0.64765625 0.425 0.01953125 0.053125
3 0.3359375 0.353125 0.0171875 0.03515625
3 0.528125 0.3921875 0.0171875 0.04453125
0 0.4703125 0.34375 0.00859375 0.01015625
2 0.50859375 0.38515625 0.01953125 0.04140625
1 0.6046875 0.34921875 0.01484375 0.03984375
3 0.6625 0.3671875 0.01328125 0.03671875
3 0.684375 0.41875 0.02109375 0.05625