3 0.3390625 0.56171875 0.0203125 0.06796875
3 0.39453125 0.40234375 0.01640625 0.05546875
3 0.46171875 0.36484375 0.01328125 0.04609375
3 0.3921875 0.33125 0.01015625 0.04453125
3 0.40234375 0.32421875 0.0109375 0.034375
3 0.459375 0.26328125 0.0109375 0.03515625
3 0.3921875 0.28359375 0.009375 0.0359375
3 0.6234375 0.30234375 0.0140625 0.04375
3 0.51328125 0.31328125 0.0109375 0.034375
3 0.6609375 0.2671875 0.01171875 0.03984375
3 0.5515625 0.4140625 0.0125 0.0578125
3 0.7703125 0.57890625 0.0203125 0.0640625
3 0.56328125 0.2796875 0.0125 0.0359375
3 0.7484375 0.26328125 0.01015625 0.0296875
3 0.6921875 0.3375 0.01328125 0.04453125
1 0.1546875 0.33515625 0.01640625 0.0578125
2 0.4953125 0.33125 0.0140625 0.0484375
3 0.84296875 0.39921875 0.0171875 0.05390625
1 0.96640625 0.35078125 0.01484375 0.03828125
0 0.69765625 0.259375 0.00546875 0.01171875
3 0.48984375 0.2453125 0.0109375 0.0359375