3 0.27578125 0.6734375 0.0203125 0.06796875
3 0.25390625 0.52890625 0.01640625 0.05546875
3 0.31796875 0.4828125 0.01953125 0.05625
3 0.2625 0.41484375 0.01484375 0.06484375
3 0.321875 0.30703125 0.0109375 0.034375
3 0.30625 0.30390625 0.0109375 0.04296875
3 0.28125 0.378125 0.01171875 0.03984375
3 0.43125 0.32265625 0.0109375 0.04375
3 0.45859375 0.27578125 0.0109375 0.04140625
3 0.596875 0.32421875 0.01875 0.05
3 0.5484375 0.39453125 0.01640625 0.06328125
3 0.52578125 0.51484375 0.0125 0.0578125
3 0.62578125 0.615625 0.0203125 0.0640625
3 0.63984375 0.41015625 0.01640625 0.053125
3 0.6875 0.2734375 0.01328125 0.04453125
3 0.7109375 0.36484375 0.02109375 0.04453125
1 0.009375 0.40703125 0.01640625 0.0578125
2 0.37421875 0.38984375 0.0140625 0.0484375
3 0.8046875 0.40625 0.0171875 0.05390625
1 0.77890625 0.31796875 0.01484375 0.03828125
0 0.765625 0.33125 0.00546875 0.01171875