3 0.309375 0.58125 0.0203125 0.06796875
3 0.33671875 0.4203125 0.01640625 0.05546875
3 0.40234375 0.378125 0.01328125 0.04609375
3 0.33671875 0.3296875 0.01015625 0.04453125
3 0.4234375 0.33125 0.0109375 0.034375
3 0.34609375 0.340625 0.0109375 0.03515625
3 0.365625 0.28515625 0.009375 0.0359375
3 0.59296875 0.30546875 0.0140625 0.04375
3 0.378125 0.26796875 0.0109375 0.034375
3 0.65 0.27578125 0.01171875 0.03984375
3 0.49375 0.42578125 0.0125 0.0578125
3 0.72734375 0.58984375 0.0203125 0.0640625
3 0.5359375 0.29453125 0.009375 0.0359375
3 0.721875 0.26640625 0.01015625 0.03046875
3 0.65546875 0.3421875 0.01328125 0.04453125
1 0.09375 0.35625 0.01640625 0.0578125
2 0.43359375 0.3375 0.0109375 0.04296875
3 0.809375 0.378125 0.0171875 0.05390625
1 0.878125 0.334375 0.01484375 0.04296875
3 0.44140625 0.24296875 0.0109375 0.03046875