3 0.3296875 0.46328125 0.0296875 0.05859375
3 0.59921875 0.34296875 0.01640625 0.04140625
3 0.64453125 0.3671875 0.0171875 0.04296875
3 0.62734375 0.43828125 0.028125 0.05859375
3 0.5765625 0.3765625 0.0234375 0.04921875
3 0.66015625 0.3328125 0.01796875 0.03515625
3 0.7453125 0.39765625 0.02265625 0.05078125
3 0.76328125 0.390625 0.01875 0.05234375
3 0.39765625 0.5046875 0.02890625 0.06875
3 0.53359375 0.34296875 0.01640625 0.03984375
2 0.6765625 0.42109375 0.02265625 0.05390625
3 0.51484375 0.37109375 0.021875 0.0453125
3 0.6921875 0.37265625 0.01484375 0.04453125
3 0.43671875 0.40390625 0.02109375 0.0515625
3 0.45703125 0.36796875 0.01875 0.05234375
3 0.896875 0.4421875 0.02890625 0.059375
3 0.8328125 0.4453125 0.0296875 0.06171875
1 0.16171875 0.3796875 0.02421875 0.059375
3 0.81015625 0.3765625 0.02265625 0.04765625
3 0.45078125 0.38125 0.02265625 0.053125
3 0.8046875 0.49296875 0.02109375 0.08125