3 0.3328125 0.603125 0.0203125 0.06796875
3 0.36953125 0.428125 0.01640625 0.05546875
3 0.44296875 0.396875 0.01953125 0.05625
3 0.371875 0.35 0.01015625 0.04453125
3 0.3796875 0.33203125 0.0109375 0.034375
3 0.43203125 0.25546875 0.0109375 0.03515625
3 0.3671875 0.31015625 0.009375 0.0359375
3 0.625 0.3265625 0.0140625 0.04375
3 0.50546875 0.28515625 0.0109375 0.034375
3 0.63515625 0.28203125 0.01171875 0.03984375
3 0.54609375 0.2578125 0.0109375 0.03984375
3 0.5515625 0.43984375 0.0125 0.0578125
3 0.7796875 0.5890625 0.0203125 0.0640625
3 0.54375 0.3421875 0.01640625 0.053125
3 0.6921875 0.2625 0.01015625 0.0296875
3 0.7046875 0.35 0.02109375 0.04453125
1 0.10546875 0.35 0.01640625 0.0578125
2 0.4796875 0.34375 0.0140625 0.0484375
3 0.890625 0.4234375 0.0171875 0.05390625
1 0.9359375 0.34140625 0.01484375 0.03828125
0 0.6828125 0.2734375 0.00546875 0.01171875
3 0.49296875 0.275 0.0109375 0.0359375