3 0.5765625 0.296875 0.015625 0.0390625
3 0.390625 0.3109375 0.01796875 0.0453125
3 0.2234375 0.42421875 0.0234375 0.06328125
3 0.5453125 0.3875 0.0265625 0.0625
3 0.27265625 0.459375 0.02734375 0.06953125
3 0.42578125 0.31796875 0.015625 0.04375
3 0.29765625 0.35625 0.02109375 0.05078125
2 0.57890625 0.35078125 0.01953125 0.046875
3 0.44765625 0.31171875 0.0171875 0.040625
3 0.69140625 0.31953125 0.01953125 0.0453125
3 0.53359375 0.2890625 0.01484375 0.03828125
2 0.3734375 0.25625 0.0140625 0.0359375
3 0.32890625 0.34375 0.01953125 0.05390625
3 0.30859375 0.3125 0.0171875 0.046875
3 0.70390625 0.3078125 0.015625 0.04296875
3 0.540625 0.265625 0.0140625 0.0328125
3 0.428125 0.28359375 0.01328125 0.03671875
3 0.72890625 0.3640625 0.02421875 0.05703125
3 0.48515625 0.2765625 0.015625 0.040625
3 0.7890625 0.35546875 0.02421875 0.05234375
3 0.63203125 0.321875 0.01796875 0.04765625
0 0.55625 0.28203125 0.00859375 0.01171875
3 0.72421875 0.42265625 0.021875 0.0640625