3 0.16796875 0.70859375 0.0203125 0.06796875
3 0.24765625 0.5984375 0.01640625 0.05546875
3 0.29375 0.5390625 0.01953125 0.05625
3 0.2765625 0.51640625 0.01484375 0.06484375
3 0.32578125 0.3109375 0.0109375 0.034375
3 0.2890625 0.3171875 0.0109375 0.04296875
3 0.2734375 0.37578125 0.01171875 0.04921875
3 0.26328125 0.37109375 0.01171875 0.03984375
3 0.44453125 0.3703125 0.01484375 0.04765625
3 0.41640625 0.3 0.0109375 0.04140625
3 0.47265625 0.35 0.01328125 0.04296875
3 0.59765625 0.36875 0.01875 0.05
3 0.5640625 0.509375 0.01640625 0.06328125
3 0.58984375 0.57421875 0.0125 0.0578125
3 0.60703125 0.55 0.0203125 0.0640625
3 0.67265625 0.47890625 0.01640625 0.053125
3 0.69921875 0.3125 0.01328125 0.04453125
3 0.740625 0.46875 0.02109375 0.04453125
0 0.79921875 0.44921875 0.0078125 0.01640625
1 0.01015625 0.39140625 0.01640625 0.0578125
2 0.35859375 0.4265625 0.0140625 0.0484375
3 0.815625 0.4484375 0.0171875 0.05390625
1 0.9078125 0.365625 0.01796875 0.053125
2 0.9859375 0.66171875 0.028125 0.0765625