3 0.2078125 0.37890625 0.01953125 0.0546875
3 0.4265625 0.440625 0.0265625 0.0625
3 0.08984375 0.43125 0.021875 0.06328125
3 0.4515625 0.36015625 0.02109375 0.05234375
3 0.43515625 0.2890625 0.02265625 0.04375
3 0.01171875 0.3703125 0.0234375 0.06015625
3 0.8046875 0.45390625 0.03203125 0.06796875
3 0.5390625 0.3234375 0.0296875 0.05625
3 0.11171875 0.50859375 0.03046875 0.07578125
3 0.1875 0.2984375 0.015625 0.03984375
3 0.1703125 0.39453125 0.0203125 0.05859375
1 0.7015625 0.30703125 0.02109375 0.04921875
3 0.0046875 0.4359375 0.009375 0.053125
3 0.14375 0.3109375 0.01484375 0.0421875
2 0.9609375 0.50078125 0.0390625 0.075
2 0.37890625 0.328125 0.01484375 0.04375
3 0.37109375 0.36171875 0.01875 0.05
3 0.72109375 0.4109375 0.02734375 0.0640625
3 0.50546875 0.3625 0.0203125 0.04375
3 0.275 0.3046875 0.0171875 0.0421875
3 0.58125 0.32578125 0.02265625 0.06328125
0 0.85859375 0.4859375 0.015625 0.02421875