2 0.3828125 0.36953125 0.01796875 0.0484375
3 0.56484375 0.3140625 0.01953125 0.0453125
3 0.3578125 0.53828125 0.02109375 0.0671875
3 0.4640625 0.49609375 0.0171875 0.05703125
3 0.33125 0.4328125 0.0203125 0.06640625
3 0.27109375 0.4765625 0.02265625 0.05859375
3 0.25234375 0.403125 0.015625 0.0515625
3 0.26328125 0.36796875 0.0125 0.04609375
3 0.2796875 0.334375 0.01171875 0.04453125
3 0.30625 0.2765625 0.009375 0.03671875
3 0.3421875 0.26484375 0.0125 0.0359375
3 0.43125 0.31640625 0.01015625 0.03984375
3 0.44375 0.3859375 0.0125 0.04296875
3 0.509375 0.40546875 0.01484375 0.05078125
3 0.609375 0.39140625 0.01328125 0.05234375
3 0.6546875 0.70703125 0.02578125 0.07109375
3 0.48828125 0.31328125 0.0125 0.0421875
3 0.43125 0.25625 0.0109375 0.0390625
3 0.634375 0.28984375 0.01171875 0.0390625
3 0.7765625 0.4171875 0.01484375 0.0515625
0 0.76640625 0.43671875 0.00546875 0.0109375
1 0.840625 0.3328125 0.0140625 0.04375