3 0.13046875 0.3203125 0.01953125 0.0515625
3 0.2890625 0.2578125 0.01796875 0.05
3 0.4875 0.346875 0.02890625 0.0515625
3 0.384375 0.3234375 0.02265625 0.04921875
3 0.159375 0.44921875 0.025 0.06875
3 0.171875 0.3734375 0.0265625 0.07578125
3 0.29921875 0.32890625 0.0203125 0.05078125
3 0.3046875 0.4328125 0.02734375 0.07109375
3 0.403125 0.26328125 0.01328125 0.03671875
2 0.14375 0.259375 0.01875 0.03984375
3 0.26796875 0.31953125 0.015625 0.0453125
3 0.46015625 0.25859375 0.0140625 0.0484375
3 0.6578125 0.2953125 0.01953125 0.05
3 0.6640625 0.36015625 0.02265625 0.053125
3 0.50546875 0.32890625 0.01875 0.046875
1 0.8828125 0.309375 0.01875 0.05390625
3 0.68046875 0.34296875 0.02109375 0.071875
3 0.27265625 0.2671875 0.015625 0.04765625
3 0.6390625 0.2875 0.01796875 0.0421875
2 0.51796875 0.30703125 0.021875 0.04765625
0 0.49921875 0.35703125 0.00859375 0.0171875