3 0.73515625 0.36328125 0.02265625 0.053125
3 0.20859375 0.30625 0.01640625 0.04765625
3 0.7265625 0.28203125 0.01953125 0.04453125
3 0.7671875 0.31640625 0.01875 0.0515625
3 0.2171875 0.35546875 0.01953125 0.05703125
3 0.2484375 0.33984375 0.02109375 0.05703125
3 0.1859375 0.41953125 0.03125 0.0671875
3 0.26015625 0.4375 0.03203125 0.06640625
3 0.34609375 0.31015625 0.021875 0.04609375
3 0.47265625 0.25078125 0.0171875 0.03671875
3 0.684375 0.27109375 0.01953125 0.0390625
3 0.7234375 0.32734375 0.01875 0.04375
3 0.3921875 0.30234375 0.015625 0.04609375
3 0.3265625 0.29375 0.0171875 0.0453125
3 0.50625 0.25625 0.015625 0.03671875
2 0.56953125 0.30703125 0.02421875 0.06328125
2 0.2453125 0.24765625 0.02109375 0.03828125
3 0.553125 0.365625 0.02578125 0.0625
1 0.9828125 0.3171875 0.02265625 0.0578125
3 0.36171875 0.2609375 0.0171875 0.0390625