3 0.6765625 0.3890625 0.03359375 0.05703125
3 0.48046875 0.36171875 0.02421875 0.06171875
3 0.0671875 0.34375 0.01875 0.05390625
3 0.7296875 0.4203125 0.0265625 0.06328125
3 0.140625 0.48359375 0.02890625 0.07421875
3 0.24765625 0.3625 0.02109375 0.05390625
3 0.3984375 0.42890625 0.02265625 0.06640625
3 0.13203125 0.41171875 0.02578125 0.0625
3 0.521875 0.36015625 0.0265625 0.059375
3 0.1921875 0.2875 0.01640625 0.0484375
3 0.3890625 0.346875 0.0234375 0.05703125
3 0.071875 0.4 0.02421875 0.06796875
3 0.590625 0.328125 0.0203125 0.05234375
3 0.23125 0.2828125 0.015625 0.04140625
3 0.21328125 0.36328125 0.01875 0.05390625
2 0.43515625 0.3171875 0.01796875 0.04921875
3 0.4734375 0.275 0.01640625 0.0421875
1 0.78671875 0.30390625 0.02109375 0.0484375
3 0.32578125 0.2859375 0.0171875 0.04453125
2 0.046875 0.27578125 0.01953125 0.040625
3 0.19765625 0.29296875 0.01796875 0.04921875
3 0.4578125 0.2828125 0.015625 0.040625
3 0.5703125 0.31484375 0.01953125 0.046875
0 0.796875 0.471875 0.01171875 0.0265625