3 0.55546875 0.2921875 0.01796875 0.04453125
3 0.73203125 0.32265625 0.02578125 0.05234375
3 0.24140625 0.3359375 0.02265625 0.0578125
3 0.15859375 0.41875 0.0265625 0.06953125
3 0.209375 0.35078125 0.0203125 0.0546875
3 0.50625 0.375 0.01953125 0.06015625
3 0.67109375 0.29453125 0.01953125 0.04453125
3 0.390625 0.2515625 0.0125 0.0390625
3 0.33203125 0.3109375 0.01640625 0.0453125
3 0.36875 0.3 0.015625 0.04296875
3 0.4578125 0.2609375 0.0171875 0.0390625
3 0.21484375 0.4484375 0.0265625 0.06875
3 0.67734375 0.33515625 0.0234375 0.05234375
3 0.50703125 0.26171875 0.015625 0.040625
3 0.31015625 0.29609375 0.01484375 0.0453125
3 0.3546875 0.26796875 0.0125 0.0375
3 0.21171875 0.30234375 0.01484375 0.046875
3 0.65390625 0.28203125 0.01796875 0.0453125
3 0.6859375 0.38359375 0.02109375 0.06171875
2 0.26015625 0.24765625 0.0140625 0.03984375
2 0.534375 0.325 0.01796875 0.05
3 0.36484375 0.30625 0.01640625 0.04375
0 0.48203125 0.26171875 0.00625 0.02265625