3 0.3046875 0.6390625 0.0203125 0.06796875
3 0.2796875 0.478125 0.01640625 0.05546875
3 0.340625 0.4171875 0.01328125 0.04609375
3 0.28046875 0.35625 0.01015625 0.04453125
3 0.45859375 0.36640625 0.0109375 0.03984375
3 0.2734375 0.39609375 0.0109375 0.04375
3 0.28984375 0.31640625 0.009375 0.0359375
3 0.5515625 0.3390625 0.0140625 0.04375
3 0.328125 0.28671875 0.0109375 0.034375
3 0.4359375 0.2640625 0.01171875 0.03984375
3 0.45859375 0.478125 0.0125 0.0578125
3 0.846875 0.61796875 0.0203125 0.0640625
3 0.44375 0.32265625 0.009375 0.0359375
3 0.64765625 0.2671875 0.01015625 0.03046875
3 0.63125 0.37578125 0.01328125 0.04453125
1 0.015625 0.39296875 0.01640625 0.0578125
2 0.39140625 0.37109375 0.0109375 0.04296875
3 0.7984375 0.3796875 0.01640625 0.0390625
1 0.81171875 0.32578125 0.01484375 0.04296875
3 0.353125 0.259375 0.0109375 0.03046875
3 0.5859375 0.3078125 0.0125 0.03984375
0 0.78671875 0.39453125 0.00546875 0.009375
3 0.33828125 0.26796875 0.0078125 0.02890625