3 0.45390625 0.4796875 0.02421875 0.06484375
3 0.565625 0.40546875 0.0171875 0.046875
3 0.6140625 0.4203125 0.02109375 0.05546875
3 0.65703125 0.3859375 0.01640625 0.05
3 0.5109375 0.37890625 0.01953125 0.0484375
3 0.5515625 0.36640625 0.01484375 0.03828125
3 0.6828125 0.36640625 0.01640625 0.04140625
3 0.53046875 0.34609375 0.021875 0.0578125
3 0.83984375 0.4390625 0.0203125 0.05703125
1 0.33984375 0.35546875 0.02265625 0.04453125
3 0.4671875 0.37734375 0.021875 0.06328125
3 0.61015625 0.36484375 0.0140625 0.04375
2 0.54375 0.45625 0.01953125 0.059375
3 0.7640625 0.4546875 0.01953125 0.06015625
3 0.72265625 0.4875 0.03125 0.06640625
3 0.41015625 0.4375 0.02109375 0.05703125
3 0.70078125 0.39921875 0.01796875 0.05078125
3 0.7828125 0.478125 0.02421875 0.06640625