3 0.709375 0.68203125 0.01875 0.07890625
3 0.37734375 0.54609375 0.0171875 0.06328125
3 0.50234375 0.540625 0.015625 0.07109375
3 0.28125 0.50234375 0.0140625 0.0484375
3 0.31953125 0.44453125 0.01640625 0.0546875
3 0.2421875 0.41796875 0.015625 0.059375
3 0.25546875 0.38125 0.0140625 0.05234375
3 0.2671875 0.35234375 0.0109375 0.04140625
3 0.29921875 0.28828125 0.01328125 0.0453125
3 0.33046875 0.2734375 0.0125 0.034375
3 0.415625 0.26953125 0.0125 0.04375
3 0.42109375 0.3359375 0.01484375 0.05
3 0.4421875 0.4171875 0.0140625 0.05390625
3 0.509375 0.4453125 0.0140625 0.05625
3 0.48125 0.3171875 0.01640625 0.0484375
3 0.48359375 0.23828125 0.01171875 0.0328125
3 0.56875 0.32890625 0.01484375 0.0484375
3 0.64140625 0.290625 0.0125 0.04140625
3 0.64453125 0.42421875 0.01484375 0.06328125
3 0.76171875 0.440625 0.01328125 0.04921875
0 0.75234375 0.4609375 0.00546875 0.01328125
2 0.94453125 0.68359375 0.0203125 0.075
1 0.86015625 0.33984375 0.0171875 0.0484375
2 0.38203125 0.3859375 0.01640625 0.05