3 0.1890625 0.30703125 0.01796875 0.04765625
3 0.215625 0.3625 0.02265625 0.0578125
3 0.73125 0.28046875 0.01796875 0.0421875
3 0.1984375 0.4328125 0.028125 0.06640625
3 0.23828125 0.346875 0.01875 0.0609375
3 0.29609375 0.43046875 0.028125 0.0671875
2 0.21328125 0.2515625 0.0171875 0.0375
3 0.46953125 0.25078125 0.01640625 0.0390625
3 0.3484375 0.31640625 0.015625 0.04765625
3 0.5390625 0.3484375 0.021875 0.05
3 0.4046875 0.3125 0.02109375 0.05
3 0.7328125 0.33203125 0.01953125 0.04140625
1 0.95078125 0.31328125 0.02421875 0.059375
3 0.321875 0.29921875 0.01640625 0.0421875
3 0.56953125 0.30234375 0.01875 0.0453125
3 0.346875 0.25546875 0.01796875 0.03828125
3 0.49765625 0.2609375 0.01171875 0.0265625
3 0.3421875 0.26171875 0.015625 0.03984375
3 0.6984375 0.27265625 0.01640625 0.03828125
3 0.46328125 0.24375 0.0140625 0.03984375
0 0.5265625 0.28359375 0.00703125 0.0140625
2 0.5796875 0.30546875 0.021875 0.05234375
3 0.725 0.36328125 0.01796875 0.05390625
3 0.75234375 0.3171875 0.01796875 0.046875