3 0.29765625 0.32578125 0.02109375 0.046875
3 0.59921875 0.3671875 0.02109375 0.04921875
2 0.0078125 0.3765625 0.015625 0.06875
2 0.39140625 0.359375 0.01171875 0.04765625
3 0.33359375 0.26484375 0.0140625 0.04296875
3 0.3609375 0.2515625 0.0140625 0.0328125
3 0.346875 0.4125 0.01328125 0.05546875
3 0.27890625 0.45234375 0.0171875 0.05546875
3 0.27265625 0.38203125 0.0140625 0.04765625
3 0.28046875 0.3625 0.0125 0.05078125
3 0.4484375 0.36484375 0.01796875 0.04609375
3 0.45 0.30234375 0.0125 0.0375
3 0.45859375 0.25390625 0.01171875 0.0390625
3 0.5109375 0.309375 0.015625 0.0453125
3 0.5625 0.3 0.0125 0.04375
3 0.525 0.371875 0.0140625 0.0453125
3 0.646875 0.2890625 0.0109375 0.0453125
3 0.35 0.5375 0.02109375 0.05703125
3 0.46796875 0.46484375 0.01640625 0.05234375
0 0.6765625 0.3375 0.00703125 0.01328125
1 0.85 0.32890625 0.0171875 0.05546875
3 0.803125 0.40703125 0.01640625 0.0546875