3 0.03203125 0.3875 0.01953125 0.05390625
3 0.52578125 0.4421875 0.03203125 0.05390625
3 0.23359375 0.38984375 0.0203125 0.04921875
3 0.121875 0.44453125 0.02421875 0.06484375
3 0.159375 0.52109375 0.028125 0.07265625
3 0.115625 0.28828125 0.01328125 0.0328125
3 0.225 0.3171875 0.01484375 0.0390625
3 0.5125 0.375 0.0265625 0.05234375
3 0.1953125 0.41875 0.0203125 0.0578125
3 0.00625 0.446875 0.0125 0.06875
3 0.159375 0.32109375 0.0140625 0.04140625
3 0.4 0.37109375 0.02109375 0.05078125
3 0.284375 0.3203125 0.01796875 0.0453125
3 0.90078125 0.4671875 0.02890625 0.06953125
1 0.6625 0.31796875 0.02109375 0.04921875
3 0.5234375 0.328125 0.02421875 0.04765625
2 0.38515625 0.33671875 0.01875 0.04296875
3 0.4453125 0.30703125 0.01953125 0.04296875
2 0.946875 0.46875 0.0203125 0.06640625
0 0.89765625 0.48828125 0.0140625 0.01640625