1 0.07421875 0.3609375 0.015625 0.0515625
3 0.71875 0.2796875 0.01640625 0.04140625
3 0.56328125 0.34921875 0.01171875 0.046875
2 0.4375 0.34921875 0.01328125 0.04453125
3 0.43203125 0.2390625 0.009375 0.0390625
3 0.5109375 0.28828125 0.00859375 0.03203125
3 0.85859375 0.40078125 0.015625 0.04921875
3 0.49609375 0.34375 0.0140625 0.04140625
3 0.409375 0.39765625 0.01328125 0.05078125
3 0.415625 0.24921875 0.01015625 0.03828125
3 0.57734375 0.30703125 0.009375 0.0375
3 0.34609375 0.35078125 0.01015625 0.04296875
3 0.36015625 0.3125 0.0109375 0.03984375
3 0.33671875 0.36484375 0.01171875 0.0546875
3 0.640625 0.70390625 0.02265625 0.0828125
3 0.3796875 0.540625 0.01875 0.05859375
1 0.9109375 0.3390625 0.01796875 0.05078125
3 0.52421875 0.2453125 0.01171875 0.04140625
3 0.58203125 0.23203125 0.0109375 0.03515625
3 0.61171875 0.2859375 0.01171875 0.03984375
3 0.33203125 0.43359375 0.01328125 0.05
3 0.64921875 0.35859375 0.0109375 0.05234375
0 0.70859375 0.29375 0.00625 0.0109375
3 0.51875 0.4484375 0.0140625 0.05390625