3 0.34375 0.56796875 0.0203125 0.06796875
3 0.3921875 0.40234375 0.01640625 0.05546875
3 0.46171875 0.36484375 0.01328125 0.04609375
3 0.3921875 0.32421875 0.01015625 0.04453125
3 0.440625 0.2625 0.0109375 0.034375
3 0.40078125 0.32421875 0.0109375 0.03515625
3 0.41015625 0.275 0.009375 0.0359375
3 0.6375 0.3015625 0.0140625 0.04375
3 0.47578125 0.3109375 0.0109375 0.034375
3 0.69296875 0.26953125 0.01171875 0.03984375
3 0.54765625 0.4140625 0.0125 0.0578125
3 0.76484375 0.58671875 0.0203125 0.0640625
3 0.59140625 0.2828125 0.009375 0.0359375
3 0.76796875 0.26328125 0.01015625 0.03046875
3 0.69296875 0.34296875 0.01328125 0.04453125
1 0.1546875 0.33828125 0.01640625 0.0578125
2 0.4859375 0.33203125 0.0109375 0.04296875
3 0.83359375 0.3859375 0.0171875 0.05390625
1 0.95078125 0.3484375 0.01484375 0.04296875
0 0.76484375 0.278125 0.00546875 0.01171875
3 0.50078125 0.2390625 0.0109375 0.03046875