3 0.17890625 0.70390625 0.0203125 0.06796875
3 0.246875 0.61875 0.01640625 0.05546875
3 0.2875 0.55 0.01953125 0.05625
3 0.26484375 0.53203125 0.01484375 0.06484375
3 0.334375 0.30625 0.0109375 0.034375
3 0.29765625 0.3171875 0.0109375 0.04296875
3 0.2734375 0.37578125 0.01171875 0.04921875
3 0.26328125 0.37109375 0.01171875 0.03984375
3 0.4328125 0.3875 0.01484375 0.04765625
3 0.4140625 0.29921875 0.0109375 0.04140625
3 0.47578125 0.3515625 0.01328125 0.04296875
3 0.5953125 0.3796875 0.01875 0.05
3 0.60234375 0.52890625 0.01640625 0.06328125
3 0.61796875 0.55859375 0.0125 0.0578125
3 0.659375 0.56796875 0.0203125 0.0640625
3 0.71171875 0.5359375 0.01640625 0.053125
3 0.69375 0.3171875 0.01328125 0.04453125
3 0.715625 0.48671875 0.02109375 0.04453125
0 0.73046875 0.5328125 0.0078125 0.01640625
1 0.0203125 0.38984375 0.01640625 0.0578125
2 0.36796875 0.4265625 0.0140625 0.0484375
3 0.81328125 0.46171875 0.0171875 0.05390625
1 0.95625 0.3859375 0.01796875 0.053125
2 0.9453125 0.67421875 0.028125 0.0765625