3 0.27890625 0.65625 0.0203125 0.06796875
3 0.27734375 0.4734375 0.01640625 0.05546875
3 0.35625 0.4359375 0.01953125 0.05625
3 0.29140625 0.378125 0.01484375 0.05390625
3 0.34140625 0.26640625 0.0109375 0.034375
3 0.328125 0.271875 0.0109375 0.04296875
3 0.3 0.33125 0.01171875 0.03984375
3 0.4390625 0.3046875 0.0109375 0.04375
3 0.46015625 0.26171875 0.0109375 0.04140625
3 0.57265625 0.29765625 0.01875 0.05
3 0.5171875 0.35390625 0.01640625 0.06328125
3 0.51328125 0.48125 0.0125 0.0578125
3 0.67578125 0.59140625 0.0203125 0.0640625
3 0.6046875 0.340625 0.01640625 0.053125
3 0.6609375 0.25390625 0.01015625 0.0296875
3 0.6765625 0.35078125 0.02109375 0.04453125
1 0.0140625 0.3875 0.01640625 0.0578125
2 0.396875 0.35390625 0.0140625 0.0484375
3 0.84375 0.3984375 0.0171875 0.05390625
1 0.7953125 0.309375 0.01484375 0.03828125
0 0.6578125 0.27578125 0.00546875 0.01171875