3 0.6515625 0.37890625 0.02421875 0.0515625
3 0.35859375 0.30546875 0.02109375 0.040625
1 0.06953125 0.37421875 0.01875 0.05625
3 0.278125 0.51328125 0.02421875 0.06875
3 0.340625 0.63359375 0.0265625 0.065625
3 0.31953125 0.66875 0.03125 0.06484375
3 0.475 0.38359375 0.01484375 0.0484375
2 0.428125 0.41875 0.01875 0.0625
3 0.30859375 0.53671875 0.01171875 0.065625
3 0.39609375 0.28984375 0.01328125 0.0484375
3 0.46796875 0.2890625 0.01484375 0.04375
3 0.53515625 0.3375 0.01796875 0.0484375
3 0.64296875 0.55 0.02890625 0.06171875
3 0.7015625 0.54375 0.021875 0.0671875
3 0.7546875 0.63984375 0.02109375 0.07265625
3 0.77578125 0.6328125 0.01484375 0.06875
3 0.78359375 0.5 0.01875 0.059375
3 0.740625 0.31640625 0.0171875 0.0453125
3 0.85234375 0.47890625 0.0234375 0.05625
3 0.3171875 0.3640625 0.009375 0.04375
3 0.32578125 0.3734375 0.0109375 0.04140625