3 0.13359375 0.484375 0.02734375 0.0671875
3 0.30546875 0.4359375 0.02109375 0.05625
3 0.2421875 0.453125 0.01953125 0.0578125
3 0.51640625 0.39296875 0.01875 0.04765625
3 0.17890625 0.434375 0.0203125 0.053125
3 0.3953125 0.39296875 0.0171875 0.053125
3 0.2625 0.34453125 0.01640625 0.040625
3 0.37109375 0.37578125 0.01640625 0.0484375
3 0.36640625 0.34375 0.01328125 0.034375
3 0.56953125 0.46015625 0.02265625 0.0578125
3 0.26015625 0.415625 0.01640625 0.046875
3 0.2125 0.4 0.0171875 0.05
2 0.21484375 0.49375 0.028125 0.06640625
3 0.28125 0.37578125 0.01484375 0.04453125
1 0.00546875 0.3984375 0.0109375 0.06015625
3 0.23828125 0.37109375 0.01875 0.04765625
0 0.82109375 0.471875 0.0125 0.0296875
1 0.88125 0.48125 0.02421875 0.0640625
3 0.41484375 0.4640625 0.0203125 0.0703125
2 0.29921875 0.29296875 0.01015625 0.03203125