3 0.4640625 0.3859375 0.01875 0.0484375
3 0.72109375 0.403125 0.02265625 0.05
3 0.66875 0.38828125 0.01796875 0.04375
3 0.54609375 0.44296875 0.02578125 0.059375
3 0.66171875 0.42109375 0.025 0.053125
1 0.3375 0.353125 0.021875 0.0546875
3 0.73203125 0.38125 0.01640625 0.0453125
3 0.58203125 0.378125 0.01796875 0.04765625
3 0.5453125 0.36796875 0.01640625 0.0515625
3 0.82578125 0.49765625 0.028125 0.07265625
3 0.47578125 0.50390625 0.02578125 0.07265625
3 0.88359375 0.45234375 0.021875 0.06171875
3 0.4984375 0.35078125 0.0234375 0.04765625
3 0.85078125 0.48671875 0.0234375 0.06796875
3 0.7671875 0.50546875 0.02734375 0.06953125
2 0.59453125 0.45234375 0.02421875 0.06328125
3 0.55390625 0.3953125 0.0171875 0.04375
2 0.59453125 0.2890625 0.01328125 0.0328125
3 0.446875 0.3765625 0.0265625 0.06328125
3 0.39765625 0.43984375 0.0234375 0.0625
3 0.63828125 0.365625 0.01875 0.0484375