3 0.240625 0.3921875 0.01640625 0.04921875
3 0.37109375 0.48828125 0.01953125 0.05859375
3 0.44765625 0.4171875 0.0171875 0.04609375
3 0.56015625 0.3546875 0.01640625 0.03359375
3 0.43828125 0.48671875 0.0234375 0.0578125
3 0.41640625 0.36171875 0.02109375 0.04375
3 0.45703125 0.53515625 0.02421875 0.065625
2 0.48828125 0.390625 0.01953125 0.0453125
3 0.66171875 0.3640625 0.021875 0.04765625
3 0.5234375 0.40234375 0.0203125 0.04609375
2 0.9546875 0.46328125 0.025 0.05390625
3 0.11953125 0.4984375 0.02578125 0.0671875
3 0.2890625 0.36015625 0.0140625 0.0390625
2 0.03984375 0.35703125 0.01640625 0.04296875
3 0.86328125 0.440625 0.01015625 0.0484375
3 0.7203125 0.45078125 0.01953125 0.053125
3 0.721875 0.41484375 0.01171875 0.05390625
3 0.846875 0.41953125 0.01640625 0.0484375
1 0.6390625 0.35390625 0.01875 0.0453125