1 0.0125 0.36953125 0.025 0.05546875
3 0.4109375 0.60390625 0.0265625 0.06875
3 0.38828125 0.60390625 0.01953125 0.05546875
3 0.30625 0.48515625 0.01875 0.059375
3 0.26640625 0.45390625 0.015625 0.053125
3 0.28828125 0.36015625 0.0125 0.04375
3 0.3 0.359375 0.0125 0.04453125
3 0.33984375 0.2859375 0.0109375 0.04453125
3 0.3734375 0.271875 0.01171875 0.0375
3 0.4515625 0.271875 0.0109375 0.03828125
3 0.46015625 0.36328125 0.01328125 0.04921875
3 0.52109375 0.31953125 0.01484375 0.05078125
3 0.57890625 0.4984375 0.0171875 0.0625
3 0.63828125 0.3578125 0.01171875 0.05078125
3 0.7265625 0.2984375 0.00859375 0.05078125
3 0.65390625 0.496875 0.0140625 0.06328125
3 0.7609375 0.4828125 0.0171875 0.059375
3 0.84140625 0.46328125 0.0171875 0.05703125
3 0.68046875 0.64921875 0.0203125 0.08359375
3 0.78671875 0.703125 0.01640625 0.07265625
0 0.771875 0.72265625 0.00859375 0.01640625
2 0.41875 0.40625 0.01796875 0.05234375