3 0.34140625 0.5859375 0.0203125 0.06796875
3 0.390625 0.41484375 0.01640625 0.05546875
3 0.4546875 0.378125 0.01953125 0.05625
3 0.39140625 0.34375 0.01015625 0.04453125
3 0.40234375 0.32421875 0.0109375 0.034375
3 0.4609375 0.24921875 0.0109375 0.03515625
3 0.37890625 0.30234375 0.009375 0.0359375
3 0.62421875 0.3125 0.0140625 0.04375
3 0.51953125 0.2828125 0.0109375 0.034375
3 0.65703125 0.26953125 0.01171875 0.03984375
3 0.58046875 0.25 0.0109375 0.03984375
3 0.55703125 0.42734375 0.0125 0.0578125
3 0.7859375 0.5859375 0.0203125 0.0640625
3 0.54140625 0.3265625 0.01640625 0.053125
3 0.71015625 0.2625 0.01015625 0.0296875
3 0.69921875 0.34609375 0.01328125 0.04453125
1 0.13671875 0.34375 0.01640625 0.0578125
2 0.49375 0.33828125 0.0140625 0.0484375
3 0.87265625 0.415625 0.0171875 0.05390625
1 0.9640625 0.35234375 0.01484375 0.03828125
0 0.6421875 0.25 0.00546875 0.01171875
3 0.48515625 0.27265625 0.0109375 0.0359375