3 0.1796875 0.44921875 0.021875 0.06171875
3 0.28046875 0.3921875 0.0171875 0.0484375
3 0.27890625 0.3171875 0.01796875 0.0421875
3 0.23125 0.52890625 0.02734375 0.07109375
3 0.07265625 0.3875 0.01953125 0.0546875
3 0.6390625 0.37734375 0.0265625 0.0484375
3 0.1921875 0.32109375 0.0140625 0.040625
3 0.11484375 0.28984375 0.01328125 0.0328125
3 0.2453125 0.440625 0.02109375 0.0625
3 0.015625 0.45390625 0.02421875 0.06875
3 0.48125 0.303125 0.015625 0.0421875
3 0.91640625 0.4578125 0.0296875 0.06640625
2 0.97578125 0.46328125 0.0265625 0.065625
1 0.66875 0.3171875 0.01875 0.0453125
3 0.196875 0.325 0.01640625 0.04140625
3 0.35859375 0.2484375 0.01640625 0.0328125
3 0.553125 0.32734375 0.01953125 0.05
2 0.41875 0.34140625 0.02890625 0.06484375