3 0.4578125 0.48046875 0.025 0.06015625
3 0.29921875 0.36796875 0.01875 0.04609375
3 0.434375 0.403125 0.0171875 0.040625
3 0.35078125 0.4921875 0.02265625 0.0671875
3 0.42890625 0.52578125 0.02421875 0.06640625
3 0.121875 0.4734375 0.01875 0.06484375
3 0.625 0.421875 0.0203125 0.053125
3 0.69765625 0.38359375 0.021875 0.06640625
3 0.5859375 0.36640625 0.01875 0.04140625
3 0.36875 0.33359375 0.01640625 0.04609375
3 0.4171875 0.33359375 0.01640625 0.03203125
3 0.4546875 0.3484375 0.0140625 0.03828125
2 0.47265625 0.38046875 0.01640625 0.04296875
1 0.59921875 0.35390625 0.01640625 0.053125
0 0.42109375 0.3390625 0.00625 0.01328125
3 0.50078125 0.3890625 0.01328125 0.04140625
3 0.5625 0.3546875 0.0109375 0.03828125
3 0.6390625 0.37421875 0.01484375 0.04765625
3 0.65859375 0.41953125 0.01953125 0.0546875
3 0.7640625 0.409375 0.015625 0.04453125
3 0.8609375 0.46484375 0.01796875 0.0640625