1 0.09765625 0.353125 0.0140625 0.053125
3 0.53984375 0.28359375 0.0109375 0.03671875
3 0.378125 0.54921875 0.01875 0.0609375
3 0.86796875 0.4140625 0.01796875 0.05078125
3 0.5765625 0.34375 0.009375 0.04296875
3 0.515625 0.33515625 0.01171875 0.0390625
3 0.36640625 0.3578125 0.01328125 0.0546875
1 0.00546875 0.3109375 0.009375 0.065625
3 0.61171875 0.303125 0.01171875 0.03828125
3 0.47890625 0.2328125 0.0109375 0.04765625
3 0.75546875 0.27265625 0.009375 0.03828125
2 0.45 0.33984375 0.01328125 0.046875
3 0.53984375 0.4390625 0.01171875 0.05546875
3 0.38359375 0.3015625 0.0125 0.04609375
3 0.4328125 0.390625 0.01328125 0.0484375
3 0.66640625 0.35546875 0.0125 0.0484375
3 0.659375 0.6859375 0.0234375 0.07890625
3 0.378125 0.3546875 0.0109375 0.05390625
3 0.559375 0.2390625 0.0125 0.03984375
3 0.45625 0.246875 0.009375 0.0328125
3 0.6296875 0.2828125 0.01015625 0.03515625
0 0.73203125 0.28046875 0.00703125 0.01640625
3 0.6265625 0.2328125 0.009375 0.0328125
1 0.94921875 0.34453125 0.0140625 0.04609375