3 0.46640625 0.346875 0.015625 0.04296875
3 0.53046875 0.4234375 0.01875 0.05234375
3 0.60234375 0.35390625 0.0140625 0.0390625
3 0.584375 0.37421875 0.01796875 0.046875
3 0.6234375 0.38984375 0.01796875 0.05
3 0.73828125 0.41640625 0.01796875 0.0484375
3 0.49453125 0.34453125 0.01953125 0.059375
3 0.37578125 0.46171875 0.0234375 0.06171875
3 0.53125 0.359375 0.01484375 0.04375
3 0.51171875 0.40390625 0.01640625 0.04453125
3 0.7078125 0.459375 0.02265625 0.0609375
3 0.446875 0.38828125 0.01640625 0.04453125
3 0.4171875 0.37890625 0.0203125 0.06484375
2 0.45546875 0.46171875 0.0375 0.06015625
3 0.35703125 0.4375 0.01875 0.05390625
3 0.51640625 0.40703125 0.01796875 0.04375
3 0.478125 0.43984375 0.01875 0.053125
3 0.63046875 0.46328125 0.021875 0.06015625
1 0.27890625 0.353125 0.02578125 0.0453125
3 0.64453125 0.428125 0.02265625 0.04609375