3 0.19921875 0.69765625 0.0203125 0.06796875
3 0.26171875 0.58046875 0.01640625 0.05546875
3 0.3140625 0.52265625 0.01953125 0.05625
3 0.27578125 0.475 0.01484375 0.06484375
3 0.334375 0.30859375 0.0109375 0.034375
3 0.30390625 0.309375 0.0109375 0.04296875
3 0.28125 0.35859375 0.01171875 0.04921875
3 0.271875 0.37109375 0.01171875 0.03984375
3 0.4546875 0.35 0.01484375 0.04765625
3 0.43515625 0.28828125 0.0109375 0.04140625
3 0.48203125 0.34296875 0.01328125 0.04296875
3 0.61796875 0.3484375 0.01875 0.05
3 0.56015625 0.46015625 0.01640625 0.06328125
3 0.58046875 0.53515625 0.0125 0.0578125
3 0.6 0.59375 0.0203125 0.0640625
3 0.64453125 0.4328125 0.01640625 0.053125
3 0.71015625 0.3 0.01328125 0.04453125
3 0.75625 0.4234375 0.02109375 0.04453125
1 0.0203125 0.39453125 0.01640625 0.0578125
2 0.371875 0.41015625 0.0140625 0.0484375
3 0.7984375 0.40859375 0.0171875 0.05390625