3 0.109375 0.33203125 0.021875 0.05234375
3 0.159375 0.39453125 0.02265625 0.0625
3 0.26953125 0.27421875 0.0140625 0.04140625
3 0.15859375 0.46640625 0.02265625 0.07265625
3 0.3578125 0.425 0.02578125 0.0640625
3 0.4796875 0.26328125 0.01328125 0.0328125
3 0.3703125 0.2765625 0.01484375 0.03984375
3 0.67265625 0.38828125 0.03203125 0.05703125
3 0.2375 0.2828125 0.01640625 0.0453125
3 0.13046875 0.38046875 0.0203125 0.0625
3 0.49296875 0.36015625 0.0234375 0.0546875
3 0.24296875 0.3421875 0.0203125 0.053125
3 0.603125 0.32109375 0.02265625 0.05234375
3 0.28203125 0.34296875 0.0171875 0.0484375
3 0.4609375 0.27265625 0.01796875 0.0390625
3 0.5859375 0.30859375 0.02109375 0.04765625
3 0.40078125 0.33515625 0.0171875 0.05
2 0.48359375 0.31328125 0.01640625 0.04765625
1 0.1078125 0.271875 0.01484375 0.04140625
1 0.8453125 0.30546875 0.01875 0.046875
0 0.5640625 0.39296875 0.01484375 0.01875
3 0.5078125 0.35234375 0.01484375 0.053125