3 0.28203125 0.66484375 0.0203125 0.06796875
3 0.25859375 0.5046875 0.01640625 0.05546875
3 0.334375 0.46328125 0.01953125 0.05625
3 0.275 0.4 0.01484375 0.05390625
3 0.3265625 0.2875 0.0109375 0.034375
3 0.3109375 0.28984375 0.0109375 0.04296875
3 0.28203125 0.3640625 0.01171875 0.03984375
3 0.4296875 0.321875 0.0109375 0.04375
3 0.45625 0.26953125 0.0109375 0.04140625
3 0.58203125 0.31484375 0.01875 0.05
3 0.54140625 0.375 0.01640625 0.06328125
3 0.52109375 0.50625 0.0125 0.0578125
3 0.6375 0.60859375 0.0203125 0.0640625
3 0.61640625 0.371875 0.01640625 0.053125
3 0.6734375 0.26171875 0.01328125 0.04453125
3 0.68984375 0.36015625 0.02109375 0.04453125
1 0.0078125 0.40234375 0.015625 0.0578125
2 0.384375 0.36953125 0.0140625 0.0484375
3 0.8234375 0.3984375 0.0171875 0.05390625
1 0.765625 0.31171875 0.01484375 0.03828125
0 0.7359375 0.31328125 0.00546875 0.01171875