3 0.29921875 0.59765625 0.0203125 0.06796875
3 0.30546875 0.43515625 0.01640625 0.05546875
3 0.36875 0.390625 0.01328125 0.04609375
3 0.3078125 0.3328125 0.01015625 0.04453125
3 0.42109375 0.34296875 0.0109375 0.034375
3 0.309375 0.359375 0.0109375 0.03515625
3 0.33359375 0.2984375 0.009375 0.0359375
3 0.571875 0.31328125 0.0140625 0.04375
3 0.34609375 0.27890625 0.0109375 0.034375
3 0.490625 0.2515625 0.01171875 0.03984375
3 0.46328125 0.43984375 0.0125 0.0578125
3 0.7453125 0.6078125 0.0203125 0.0640625
3 0.490625 0.30390625 0.009375 0.0359375
3 0.6875 0.27421875 0.01015625 0.03046875
3 0.6390625 0.346875 0.01328125 0.04453125
1 0.05546875 0.3765625 0.01640625 0.0578125
2 0.409375 0.3453125 0.0109375 0.04296875
3 0.81328125 0.38203125 0.0171875 0.05390625
1 0.83828125 0.32734375 0.01484375 0.04296875
3 0.415625 0.246875 0.0109375 0.03046875
3 0.61875 0.2828125 0.0125 0.03984375
0 0.696875 0.296875 0.00546875 0.009375
3 0.39609375 0.2515625 0.0078125 0.02890625