3 0.31640625 0.4765625 0.02421875 0.059375
3 0.20703125 0.39609375 0.0171875 0.04765625
3 0.4 0.4171875 0.0203125 0.04609375
3 0.41875 0.5375 0.0296875 0.06640625
3 0.3890625 0.47421875 0.0265625 0.05859375
3 0.3828125 0.35078125 0.01796875 0.04296875
3 0.609375 0.3625 0.01875 0.0390625
3 0.1015625 0.4859375 0.0234375 0.06796875
3 0.51640625 0.3421875 0.0171875 0.03515625
3 0.503125 0.39296875 0.02109375 0.046875
2 0.45859375 0.38125 0.02265625 0.0453125
3 0.275 0.35625 0.0171875 0.04140625
3 0.8140625 0.4359375 0.01796875 0.0515625
3 0.72734375 0.425 0.015625 0.05234375
3 0.7140625 0.4015625 0.0125 0.05390625
3 0.8515625 0.4296875 0.02109375 0.05234375
1 0.64296875 0.3453125 0.01171875 0.0453125
2 0.93671875 0.46328125 0.01484375 0.05859375
3 0.5609375 0.34609375 0.01875 0.0390625