3 0.53203125 0.36953125 0.0203125 0.0515625
3 0.609375 0.375 0.01796875 0.0484375
3 0.4703125 0.5078125 0.028125 0.071875
2 0.625 0.43984375 0.02265625 0.0609375
3 0.7015625 0.4140625 0.01953125 0.05859375
3 0.56328125 0.3890625 0.021875 0.04375
3 0.5734375 0.43671875 0.025 0.06484375
3 0.871875 0.42890625 0.0203125 0.05625
3 0.6671875 0.38984375 0.01796875 0.05234375
3 0.740625 0.3953125 0.02109375 0.05078125
3 0.46171875 0.39140625 0.02265625 0.053125
3 0.48515625 0.34609375 0.01796875 0.04453125
3 0.7578125 0.39296875 0.01953125 0.046875
3 0.81953125 0.48515625 0.025 0.07109375
3 0.6609375 0.36171875 0.01875 0.040625
3 0.87734375 0.48515625 0.02421875 0.06796875
1 0.2921875 0.3609375 0.0234375 0.0625
3 0.775 0.51171875 0.040625 0.078125
3 0.38671875 0.440625 0.02578125 0.0640625
3 0.44375 0.3734375 0.0234375 0.0546875
3 0.5109375 0.3578125 0.02265625 0.0640625