3 0.2359375 0.68203125 0.0203125 0.06796875
3 0.26484375 0.55078125 0.01640625 0.05546875
3 0.32265625 0.5046875 0.01953125 0.05625
3 0.265625 0.44140625 0.01484375 0.06484375
3 0.33828125 0.29921875 0.0109375 0.034375
3 0.3125 0.29921875 0.0109375 0.04296875
3 0.290625 0.3453125 0.01171875 0.04921875
3 0.2828125 0.37265625 0.01171875 0.03984375
3 0.4546875 0.3296875 0.01484375 0.04765625
3 0.446875 0.275 0.0109375 0.04140625
3 0.47578125 0.3265625 0.01328125 0.04296875
3 0.6234375 0.33984375 0.01875 0.05
3 0.571875 0.41640625 0.01640625 0.06328125
3 0.55859375 0.51953125 0.0125 0.0578125
3 0.61796875 0.6078125 0.0203125 0.0640625
3 0.646875 0.41015625 0.01640625 0.053125
3 0.70390625 0.28515625 0.01328125 0.04453125
3 0.7671875 0.38203125 0.02109375 0.04453125
1 0.0203125 0.39453125 0.01640625 0.0578125
2 0.37578125 0.39296875 0.0140625 0.0484375
3 0.79453125 0.3890625 0.0171875 0.05390625
1 0.84140625 0.31953125 0.01484375 0.03828125
0 0.79296875 0.3546875 0.0046875 0.009375