3 0.67890625 0.3921875 0.01953125 0.0546875
3 0.62734375 0.38828125 0.02421875 0.05703125
3 0.5546875 0.35546875 0.01796875 0.04453125
3 0.53125 0.3796875 0.02421875 0.05625
3 0.8953125 0.475 0.02421875 0.06640625
3 0.85 0.41484375 0.021875 0.0546875
3 0.47578125 0.51484375 0.0296875 0.0734375
1 0.26953125 0.3703125 0.025 0.0625
2 0.659375 0.4421875 0.02734375 0.06015625
3 0.47890625 0.403125 0.02265625 0.05859375
3 0.6078125 0.43984375 0.02109375 0.0640625
3 0.7859375 0.51484375 0.0375 0.07890625
3 0.73671875 0.4171875 0.02265625 0.0609375
3 0.3875 0.446875 0.02421875 0.06953125
3 0.51484375 0.3484375 0.01953125 0.04375
3 0.8375 0.47734375 0.025 0.06953125
3 0.7265625 0.36953125 0.0203125 0.0515625