3 0.271875 0.38828125 0.01796875 0.0421875
3 0.40234375 0.49296875 0.0234375 0.0609375
3 0.48125 0.4125 0.01640625 0.0390625
3 0.43984375 0.36875 0.021875 0.0453125
3 0.6765625 0.44140625 0.021875 0.05
3 0.4609375 0.51640625 0.02890625 0.084375
3 0.13984375 0.49765625 0.02265625 0.0671875
1 0.621875 0.35390625 0.0140625 0.0390625
3 0.29609375 0.365625 0.01640625 0.03671875
2 0.965625 0.46953125 0.02109375 0.04765625
3 0.7109375 0.42578125 0.021875 0.05
3 0.52890625 0.40234375 0.0171875 0.0453125
3 0.821875 0.415625 0.01796875 0.05390625
3 0.8625 0.44140625 0.01328125 0.05859375
2 0.50546875 0.39140625 0.0140625 0.04765625