3 0.24453125 0.6828125 0.0203125 0.06796875
3 0.24453125 0.54765625 0.01640625 0.05546875
3 0.3078125 0.5 0.01953125 0.05625
3 0.24765625 0.4296875 0.01484375 0.06484375
3 0.321875 0.30703125 0.0109375 0.034375
3 0.2953125 0.30546875 0.0109375 0.04296875
3 0.2734375 0.37734375 0.01171875 0.03984375
3 0.42734375 0.3234375 0.01484375 0.04765625
3 0.4390625 0.27578125 0.0109375 0.04140625
3 0.440625 0.3203125 0.01328125 0.04296875
3 0.6078125 0.334375 0.01875 0.05
3 0.5484375 0.39453125 0.01640625 0.06328125
3 0.528125 0.515625 0.0125 0.0578125
3 0.61796875 0.615625 0.0203125 0.0640625
3 0.6515625 0.42421875 0.01640625 0.053125
3 0.68125 0.27734375 0.01328125 0.04453125
3 0.72734375 0.3703125 0.02109375 0.04453125
1 0.0078125 0.3984375 0.015625 0.05625
2 0.36015625 0.39765625 0.0140625 0.0484375
3 0.78671875 0.3921875 0.0171875 0.05390625
1 0.78203125 0.315625 0.01484375 0.03828125