3 0.32578125 0.62890625 0.0203125 0.06796875
3 0.3515625 0.446875 0.01640625 0.05546875
3 0.43046875 0.41875 0.01953125 0.05625
3 0.36015625 0.36015625 0.01484375 0.04453125
3 0.403125 0.26015625 0.0109375 0.034375
3 0.4203125 0.24921875 0.0109375 0.03515625
3 0.36171875 0.3359375 0.009375 0.0359375
3 0.63984375 0.33203125 0.0140625 0.04375
3 0.503125 0.29609375 0.0109375 0.034375
3 0.621875 0.28984375 0.01171875 0.03984375
3 0.52890625 0.25390625 0.0109375 0.03984375
3 0.5546875 0.45234375 0.0125 0.0578125
3 0.7640625 0.5859375 0.0203125 0.0640625
3 0.553125 0.35390625 0.01640625 0.053125
3 0.70234375 0.25859375 0.01015625 0.0296875
3 0.71875 0.34921875 0.02109375 0.04453125
1 0.08359375 0.36015625 0.01640625 0.0578125
2 0.46640625 0.34140625 0.0140625 0.0484375
3 0.909375 0.42265625 0.0171875 0.05390625
1 0.90078125 0.32578125 0.01484375 0.03828125
0 0.69140625 0.2703125 0.00546875 0.01171875