2 0.3859375 0.38984375 0.01484375 0.04921875
3 0.40703125 0.56328125 0.02109375 0.07421875
3 0.3328125 0.27109375 0.0109375 0.03828125
3 0.30234375 0.284375 0.0140625 0.0453125
3 0.41484375 0.26484375 0.01328125 0.04296875
3 0.4203125 0.3484375 0.01328125 0.04375
3 0.4859375 0.31875 0.0109375 0.046875
3 0.48046875 0.4578125 0.01640625 0.059375
3 0.30859375 0.45390625 0.01796875 0.05390625
3 0.3234375 0.540625 0.01875 0.05546875
3 0.23671875 0.428125 0.01953125 0.05390625
3 0.25078125 0.37265625 0.0125 0.05
3 0.26171875 0.35546875 0.0109375 0.0453125
3 0.59296875 0.34375 0.0109375 0.06015625
3 0.553125 0.465625 0.01796875 0.0609375
3 0.56015625 0.57109375 0.0203125 0.05390625
3 0.69609375 0.45390625 0.0125 0.06015625
3 0.77734375 0.45859375 0.015625 0.059375
0 0.7546875 0.55859375 0.00625 0.01484375
3 0.77578125 0.69140625 0.02890625 0.07421875
1 0.9296875 0.3515625 0.0203125 0.05390625
3 0.66875 0.28671875 0.0171875 0.04140625
2 0.959375 0.70546875 0.025 0.07890625