3 0.32265625 0.36796875 0.015625 0.0421875
3 0.2734375 0.36171875 0.01796875 0.04140625
3 0.284375 0.45234375 0.0203125 0.05703125
3 0.54453125 0.4515625 0.01953125 0.05859375
3 0.215625 0.41484375 0.021875 0.0515625
3 0.2953125 0.40859375 0.01484375 0.04375
3 0.16171875 0.47890625 0.03046875 0.07578125
3 0.32734375 0.43203125 0.01953125 0.05390625
3 0.421875 0.3890625 0.0140625 0.0484375
3 0.39609375 0.34765625 0.01484375 0.0375
2 0.25234375 0.48671875 0.02734375 0.06484375
3 0.4328125 0.45625 0.02421875 0.05859375
3 0.38984375 0.375 0.0171875 0.04296875
3 0.2921875 0.34375 0.0203125 0.04453125
3 0.47890625 0.43203125 0.02109375 0.05390625
3 0.2359375 0.4 0.02109375 0.0640625
1 0.88046875 0.47109375 0.03984375 0.05078125
1 0.0515625 0.3875 0.01875 0.0453125
3 0.5375 0.3953125 0.01640625 0.04921875
0 0.865625 0.48125 0.0109375 0.02578125