3 0.50625 0.57890625 0.06640625 0.11953125
3 0.0546875 0.3703125 0.03203125 0.090625
3 0.0453125 0.44296875 0.03046875 0.10390625
3 0.5484375 0.5421875 0.04296875 0.1234375
2 0.2265625 0.41640625 0.03359375 0.1078125
3 0.13125 0.53671875 0.040625 0.1171875
3 0.41171875 0.4546875 0.04609375 0.10546875
3 0.5890625 0.24921875 0.0234375 0.08828125
3 0.4796875 0.54609375 0.0328125 0.096875
3 0.23671875 0.35 0.028125 0.09140625
3 0.97734375 0.39921875 0.0359375 0.12734375
3 0.05078125 0.30234375 0.02421875 0.0875