3 0.50234375 0.4796875 0.03984375 0.09609375
3 0.54296875 0.36171875 0.03125 0.09375
3 0.18125 0.5203125 0.0265625 0.11171875
3 0.1125 0.6296875 0.03515625 0.1328125
3 0.3796875 0.525 0.03828125 0.0609375
3 0.88125 0.5640625 0.034375 0.109375
3 0.29375 0.50078125 0.02734375 0.121875
3 0.2109375 0.36171875 0.0296875 0.0984375
3 0.171875 0.646875 0.03046875 0.13828125
0 0.77890625 0.41953125 0.015625 0.03046875
2 0.1625 0.44140625 0.025 0.10703125
3 0.69453125 0.44453125 0.02890625 0.10703125
1 0.88515625 0.353125 0.02890625 0.103125
3 0.5 0.6171875 0.04140625 0.1
3 0.67890625 0.42421875 0.025 0.1015625
1 0.51171875 0.5515625 0.02890625 0.1