2 0.36484375 0.34375 0.03984375 0.1046875
3 0.26953125 0.88125 0.05859375 0.2015625
3 0.81953125 0.35859375 0.04453125 0.1078125
3 0.74140625 0.359375 0.0421875 0.10625
3 0.2203125 0.4921875 0.0484375 0.14140625
3 0.25234375 0.32265625 0.04140625 0.08359375
3 0.675 0.46875 0.0359375 0.13984375
3 0.43203125 0.95859375 0.06484375 0.08203125
3 0.3984375 0.34375 0.0390625 0.1015625
3 0.34765625 0.57734375 0.04453125 0.1359375
3 0.67890625 0.334375 0.03671875 0.12734375
3 0.15078125 0.55 0.03984375 0.0875
0 0.5453125 0.38203125 0.01484375 0.0296875