3 0.37890625 0.503125 0.03828125 0.0984375
3 0.77265625 0.53828125 0.04140625 0.10078125
3 0.29296875 0.671875 0.03984375 0.11328125
3 0.49765625 0.41640625 0.03046875 0.10234375
3 0.0265625 0.5890625 0.0359375 0.10703125
3 0.446875 0.47265625 0.03984375 0.10625
3 0.4546875 0.28203125 0.02265625 0.078125
3 0.6359375 0.50078125 0.0375 0.1109375
0 0.63515625 0.684375 0.0171875 0.03984375
3 0.959375 0.396875 0.03046875 0.11484375
3 0.4703125 0.88671875 0.04375 0.19375
3 0.61484375 0.30703125 0.02265625 0.0796875
3 0.740625 0.4140625 0.03046875 0.1046875
3 0.23671875 0.49375 0.03125 0.11484375
2 0.70703125 0.509375 0.02578125 0.11484375
3 0.3515625 0.390625 0.0296875 0.096875
3 0.678125 0.21484375 0.01796875 0.0640625
1 0.0171875 0.30625 0.025 0.09140625
2 0.61640625 0.196875 0.01875 0.059375
3 0.22890625 0.4328125 0.03203125 0.11171875
3 0.34140625 0.353125 0.02890625 0.06640625