0 0.1078125 0.5828125 0.01640625 0.03203125
3 0.125 0.54140625 0.0328125 0.09296875
3 0.15703125 0.52734375 0.03046875 0.10625
3 0.190625 0.61875 0.028125 0.1234375
3 0.2921875 0.62890625 0.03671875 0.1375
3 0.465625 0.575 0.03984375 0.125
3 0.5828125 0.41484375 0.04140625 0.0984375
3 0.7296875 0.38984375 0.0265625 0.109375
3 0.78203125 0.375 0.0328125 0.1046875
3 0.82578125 0.45703125 0.03671875 0.1109375
3 0.84921875 0.40390625 0.0265625 0.109375
3 0.953125 0.46328125 0.0328125 0.1203125
3 0.89453125 0.70234375 0.0421875 0.16640625
2 0.73125 0.66328125 0.03984375 0.1515625
1 0.53203125 0.371875 0.0328125 0.08359375