3 0.88828125 0.69453125 0.04921875 0.16796875
2 0.49140625 0.325 0.03203125 0.09609375
3 0.16328125 0.53828125 0.04609375 0.13828125
3 0.60546875 0.690625 0.059375 0.1578125
3 0.08671875 0.33828125 0.03671875 0.1171875
3 0.84453125 0.4390625 0.04140625 0.13515625
3 0.2078125 0.428125 0.040625 0.11796875
3 0.47734375 0.44140625 0.0328125 0.1171875
3 0.38515625 0.3203125 0.0296875 0.10234375
3 0.3796875 0.234375 0.025 0.09140625
3 0.7 0.228125 0.02890625 0.08984375
3 0.50859375 0.1828125 0.02265625 0.075
3 0.7984375 0.33671875 0.03125 0.11171875
3 0.45 0.25859375 0.02734375 0.09375
3 0.78515625 0.28984375 0.0296875 0.1015625
3 0.71171875 0.6109375 0.0484375 0.1515625
3 0.7109375 0.69296875 0.06640625 0.125
3 0.71796875 0.64609375 0.06875 0.221875
0 0.61328125 0.31875 0.0265625 0.0546875