3 0.74296875 0.63671875 0.01953125 0.0671875
3 0.790625 0.5953125 0.01875 0.059375
3 0.365625 0.43046875 0.0125 0.03984375
3 0.38984375 0.4859375 0.0171875 0.05234375
3 0.50078125 0.61484375 0.0203125 0.04765625
3 0.69453125 0.5359375 0.01484375 0.05078125
3 0.70546875 0.45390625 0.01640625 0.04765625
3 0.42890625 0.59453125 0.0171875 0.059375
2 0.58984375 0.52421875 0.01640625 0.0453125
3 0.76328125 0.47109375 0.015625 0.05234375
3 0.89296875 0.47578125 0.01484375 0.04375
3 0.665625 0.56875 0.01796875 0.04921875
3 0.65703125 0.74453125 0.02421875 0.059375
3 0.5390625 0.475 0.01484375 0.046875
3 0.7046875 0.3765625 0.01328125 0.04453125
3 0.4390625 0.41953125 0.0140625 0.0484375
3 0.59921875 0.7375 0.0203125 0.06875
1 0.9265625 0.37578125 0.0140625 0.03984375
3 0.4578125 0.46171875 0.01484375 0.05
3 0.60625 0.39375 0.01171875 0.03984375