3 0.9296875 0.65859375 0.05390625 0.12578125
3 0.26953125 0.48671875 0.0421875 0.096875
0 0.81484375 0.7015625 0.0234375 0.03046875
3 0.0984375 0.58046875 0.0484375 0.1171875
3 0.31328125 0.5046875 0.03359375 0.0859375
3 0.0671875 0.490625 0.03828125 0.096875
3 0.21015625 0.49609375 0.01953125 0.08671875
3 0.57109375 0.5625 0.01640625 0.103125
2 0.54609375 0.56015625 0.01953125 0.11171875
1 0.409375 0.43125 0.01796875 0.08828125
3 0.19140625 0.47421875 0.0171875 0.0890625
3 0.1703125 0.45703125 0.02109375 0.09921875
3 0.1421875 0.46015625 0.02421875 0.08515625