3 0.56171875 0.70234375 0.05703125 0.14140625
2 0.20234375 0.4015625 0.03515625 0.1203125
3 0.22890625 0.5625 0.046875 0.14140625
3 0.75625 0.30546875 0.0296875 0.10859375
3 0.8640625 0.471875 0.0421875 0.12421875
3 0.084375 0.25703125 0.034375 0.0921875
3 0.10625 0.35078125 0.03203125 0.10546875
3 0.50703125 0.484375 0.0390625 0.11953125
3 0.57578125 0.465625 0.0359375 0.125
3 0.79765625 0.4140625 0.034375 0.12109375
3 0.7140625 0.690625 0.03984375 0.1484375
3 0.38359375 0.24921875 0.028125 0.09296875
0 0.6921875 0.75234375 0.0171875 0.03671875
3 0.00625 0.42734375 0.0125 0.1046875