3 0.04453125 0.34375 0.03046875 0.09375
3 0.07265625 0.51484375 0.040625 0.140625
3 0.09296875 0.44453125 0.0359375 0.1078125
3 0.22578125 0.31484375 0.02265625 0.07734375
3 0.30390625 0.41796875 0.03671875 0.0953125
3 0.40390625 0.56796875 0.0359375 0.1328125
3 0.496875 0.55078125 0.04921875 0.1234375
3 0.4734375 0.3484375 0.0328125 0.08046875
3 0.51640625 0.34609375 0.02109375 0.07890625
3 0.5234375 0.4390625 0.03984375 0.096875
3 0.58515625 0.44609375 0.03359375 0.1046875
3 0.7734375 0.50859375 0.0484375 0.125
3 0.8421875 0.48203125 0.02890625 0.11875
3 0.89765625 0.7390625 0.03828125 0.1546875
0 0.55234375 0.36171875 0.0140625 0.0296875
2 0.16328125 0.4640625 0.03046875 0.1078125