0 0.28359375 0.8125 0.028125 0.04453125
2 0.35078125 0.09375 0.01796875 0.04453125
2 0.59375 0.35703125 0.02578125 0.1
3 0.03359375 0.353125 0.0375 0.1078125
3 0.1828125 0.25625 0.0328125 0.1015625
3 0.2359375 0.22109375 0.03046875 0.07890625
3 0.24921875 0.1875 0.02421875 0.06953125
3 0.29609375 0.2625 0.0265625 0.07734375
3 0.4171875 0.20078125 0.0234375 0.07421875
3 0.46953125 0.41875 0.0546875 0.128125
3 0.4890625 0.27734375 0.02421875 0.09140625
3 0.359375 0.4671875 0.0484375 0.11875
3 0.35625 0.721875 0.053125 0.1296875
3 0.4203125 0.7625 0.046875 0.1453125
3 0.4640625 0.76484375 0.05390625 0.140625
3 0.659375 0.26953125 0.03984375 0.07890625
3 0.67421875 0.20546875 0.025 0.0953125
3 0.78203125 0.221875 0.0296875 0.08046875
3 0.81015625 0.2859375 0.040625 0.09140625
3 0.86953125 0.4734375 0.04375 0.1078125
3 0.74453125 0.5125 0.0359375 0.1078125