3 0.64453125 0.36640625 0.02890625 0.10546875
3 0.6453125 0.51875 0.03203125 0.1265625
3 0.33359375 0.3140625 0.025 0.0953125
3 0.41171875 0.69375 0.03671875 0.13984375
3 0.1453125 0.41328125 0.02890625 0.1109375
3 0.35390625 0.6375 0.034375 0.1078125
3 0.3609375 0.32109375 0.02421875 0.09140625
3 0.36171875 0.559375 0.03125 0.11875
3 0.76171875 0.53828125 0.0359375 0.13125
3 0.7078125 0.8109375 0.05078125 0.1765625
3 0.45625 0.33515625 0.02578125 0.0921875
3 0.459375 0.41171875 0.02734375 0.1109375
1 0.5484375 0.2828125 0.02890625 0.09609375
3 0.04921875 0.33671875 0.02734375 0.0921875
3 0.0234375 0.32734375 0.02109375 0.08671875
3 0.7984375 0.53203125 0.03671875 0.1359375
0 0.70078125 0.740625 0.0234375 0.03359375