1 0.71484375 0.3765625 0.02421875 0.090625
3 0.09765625 0.6453125 0.04140625 0.153125
3 0.91796875 0.4078125 0.02578125 0.10078125
3 0.56015625 0.571875 0.03046875 0.11953125
3 0.96171875 0.42265625 0.03125 0.10078125
3 0.428125 0.52890625 0.0421875 0.1
3 0.6515625 0.4515625 0.02578125 0.09765625
3 0.60078125 0.45078125 0.02578125 0.10234375
3 0.69921875 0.69375 0.0328125 0.15078125
3 0.678125 0.69453125 0.03515625 0.14765625
2 0.7921875 0.5859375 0.0328125 0.128125
3 0.721875 0.44296875 0.028125 0.1015625
3 0.37421875 0.5203125 0.0296875 0.09453125
0 0.09921875 0.57109375 0.01875 0.0390625