3 0.1046875 0.021875 0.025 0.04375
3 0.0953125 0.54609375 0.0421875 0.13125
3 0.76796875 0.125 0.02890625 0.07890625
3 0.49453125 0.0171875 0.021875 0.034375
3 0.01875 0.05859375 0.03046875 0.0671875
3 0.7921875 0.33828125 0.0421875 0.11875
3 0.28671875 0.05234375 0.02421875 0.06015625
3 0.61953125 0.59921875 0.05703125 0.1140625
3 0.6828125 0.13515625 0.025 0.06484375
3 0.675 0.0453125 0.02265625 0.07421875
3 0.4953125 0.34765625 0.03046875 0.1140625
3 0.40625 0.15625 0.02578125 0.08125
3 0.10859375 0.271875 0.03203125 0.10234375
3 0.5671875 0.62109375 0.0484375 0.11875
0 0.521875 0.6640625 0.02109375 0.04140625
2 0.16640625 0.28515625 0.02890625 0.1234375
3 0.34375 0.15078125 0.02578125 0.115625