3 0.8921875 0.77734375 0.05234375 0.15859375
3 0.44453125 0.69375 0.05625 0.15078125
3 0.04921875 0.52109375 0.05390625 0.1296875
3 0.71015625 0.696875 0.04375 0.15234375
3 0.19921875 0.684375 0.05234375 0.153125
3 0.584375 0.465625 0.04140625 0.115625
3 0.2546875 0.4328125 0.04765625 0.10625
3 0.8875 0.64765625 0.04375 0.15
3 0.22421875 0.53125 0.0484375 0.10703125
3 0.8328125 0.428125 0.034375 0.10859375
3 0.87734375 0.5171875 0.03671875 0.109375
3 0.475 0.57890625 0.04140625 0.12734375
2 0.65390625 0.5140625 0.0421875 0.1125
3 0.534375 0.48515625 0.03828125 0.09765625
3 0.9859375 0.41875 0.028125 0.103125
3 0.903125 0.58671875 0.03671875 0.109375