3 0.29921875 0.41796875 0.03203125 0.10390625
3 0.39375 0.36484375 0.02890625 0.0984375
3 0.58359375 0.72890625 0.0421875 0.15390625
3 0.203125 0.615625 0.04296875 0.14375
3 0.55859375 0.36484375 0.0359375 0.1078125
3 0.7453125 0.55546875 0.0421875 0.1171875
3 0.37578125 0.27109375 0.0234375 0.0890625
3 0.02109375 0.52421875 0.0390625 0.11484375
3 0.275 0.54375 0.03359375 0.13515625
3 0.496875 0.54765625 0.0296875 0.12578125
1 0.90703125 0.30078125 0.034375 0.09375
3 0.76640625 0.54375 0.03046875 0.11875