3 0.48125 0.69765625 0.053125 0.15546875
3 0.0375 0.76953125 0.05859375 0.16875
3 0.7796875 0.584375 0.053125 0.14765625
3 0.2046875 0.50625 0.03359375 0.12265625
3 0.57109375 0.51015625 0.03828125 0.1296875
3 0.1265625 0.4296875 0.0328125 0.1078125
3 0.66953125 0.3078125 0.028125 0.096875
3 0.1609375 0.3890625 0.028125 0.1046875
0 0.6921875 0.6453125 0.0125 0.03046875
3 0.26484375 0.30546875 0.01953125 0.0859375
3 0.2546875 0.18984375 0.01640625 0.0578125
3 0.01171875 0.540625 0.02265625 0.13125