3 0.8796875 0.4359375 0.04453125 0.1140625
3 0.77578125 0.93359375 0.046875 0.1328125
3 0.55859375 0.678125 0.03671875 0.14921875
3 0.41171875 0.40703125 0.03203125 0.10625
2 0.546875 0.48828125 0.0265625 0.1125
3 0.81953125 0.38125 0.0328125 0.0875
3 0.184375 0.6921875 0.040625 0.153125
3 0.08203125 0.41015625 0.0328125 0.11875
3 0.98359375 0.5703125 0.0328125 0.13828125
3 0.03359375 0.471875 0.03828125 0.125
3 0.3421875 0.359375 0.02734375 0.08046875
3 0.63125 0.4078125 0.02890625 0.1
3 0.55625 0.4109375 0.03203125 0.0921875
3 0.31640625 0.4015625 0.028125 0.09375
3 0.60390625 0.3609375 0.03046875 0.0984375
2 0.2578125 0.3078125 0.02421875 0.06328125