3 0.45390625 0.1578125 0.0296875 0.071875
3 0.31640625 0.24921875 0.034375 0.09765625
3 0.090625 0.48359375 0.04296875 0.1328125
3 0.7640625 0.234375 0.03359375 0.10859375
3 0.146875 0.4625 0.0390625 0.11953125
3 0.64765625 0.3953125 0.03984375 0.103125
3 0.328125 0.16015625 0.02421875 0.06875
3 0.428125 0.303125 0.03046875 0.075
3 0.1296875 0.26953125 0.03046875 0.09453125
3 0.0515625 0.21171875 0.03125 0.07265625
3 0.93828125 0.371875 0.034375 0.125
3 0.1859375 0.18125 0.02421875 0.07109375
3 0.715625 0.56171875 0.040625 0.1453125
2 0.034375 0.4734375 0.03984375 0.1453125
0 0.57265625 0.61015625 0.02109375 0.04765625
3 0.2078125 0.2265625 0.02421875 0.0953125