3 0.72890625 0.55703125 0.078125 0.14765625
3 0.79921875 0.74921875 0.06484375 0.18671875
3 0.5421875 0.521875 0.05703125 0.12734375
3 0.88828125 0.51484375 0.05 0.1375
3 0.08671875 0.64296875 0.0515625 0.16875
0 0.2890625 0.38359375 0.01640625 0.02109375
3 0.253125 0.446875 0.0484375 0.11484375
3 0.6328125 0.51796875 0.05234375 0.12734375
3 0.33828125 0.5 0.046875 0.12265625
3 0.85625 0.43203125 0.04296875 0.13359375
3 0.0375 0.41796875 0.03984375 0.10703125
3 0.11796875 0.3734375 0.03828125 0.09296875
3 0.46953125 0.3734375 0.02421875 0.1078125