3 0.025 0.203125 0.03203125 0.1125
3 0.07265625 0.23125 0.040625 0.1140625
3 0.25078125 0.83046875 0.0796875 0.18828125
0 0.3234375 0.89453125 0.021875 0.03828125
0 0.38203125 0.26796875 0.0390625 0.103125
0 0.29453125 0.13671875 0.02265625 0.07578125
3 0.3265625 0.18828125 0.03125 0.1078125
2 0.41875 0.31796875 0.03671875 0.1109375
3 0.475 0.1265625 0.0296875 0.08671875
3 0.50859375 0.334375 0.03203125 0.13125
3 0.596875 0.15625 0.03984375 0.08671875
3 0.5875 0.2421875 0.04375 0.1046875
3 0.71953125 0.1359375 0.05 0.0953125
3 0.70625 0.29453125 0.0375 0.1234375
3 0.78046875 0.2265625 0.04765625 0.0984375
3 0.7375 0.434375 0.03125 0.134375
3 0.76015625 0.51484375 0.034375 0.11875
3 0.92734375 0.40859375 0.05 0.1328125