3 0.590625 0.5015625 0.03984375 0.16640625
3 0.17109375 0.45234375 0.046875 0.16328125
3 0.47578125 0.31171875 0.03828125 0.1328125
2 0.284375 0.465625 0.04453125 0.15625
3 0.75 0.44296875 0.06015625 0.15546875
3 0.6515625 0.54609375 0.0421875 0.1734375
3 0.428125 0.6578125 0.03984375 0.2015625
3 0.415625 0.303125 0.04296875 0.1234375
3 0.41171875 0.43359375 0.0515625 0.1265625
2 0.896875 0.40859375 0.03828125 0.14921875
0 0.77578125 0.5125 0.0171875 0.0359375
3 0.2203125 0.35859375 0.03359375 0.1421875
3 0.64296875 0.5125 0.0390625 0.1875
3 0.71875 0.38984375 0.0484375 0.1328125
3 0.2109375 0.246875 0.03203125 0.13984375