3 0.05546875 0.6921875 0.0421875 0.15859375
3 0.19453125 0.61328125 0.0328125 0.125
3 0.38515625 0.715625 0.03125 0.140625
3 0.4234375 0.7390625 0.0328125 0.1265625
3 0.54296875 0.6203125 0.03046875 0.1328125
3 0.45859375 0.45 0.0234375 0.096875
3 0.5265625 0.37734375 0.02578125 0.08203125
3 0.38828125 0.5421875 0.0265625 0.09375
3 0.4078125 0.5265625 0.03125 0.0984375
3 0.74765625 0.359375 0.01640625 0.08359375
3 0.6546875 0.5 0.021875 0.08984375
0 0.671875 0.503125 0.0140625 0.01875
3 0.77265625 0.56640625 0.03046875 0.1234375
3 0.83125 0.45859375 0.040625 0.0953125
3 0.82421875 0.57109375 0.02890625 0.1109375
3 0.8921875 0.67734375 0.034375 0.1421875
2 0.70078125 0.57109375 0.03125 0.1234375
1 0.0875 0.35859375 0.01796875 0.07890625