3 0.52421875 0.81640625 0.0609375 0.1859375
3 0.59609375 0.60390625 0.0484375 0.13671875
2 0.553125 0.59609375 0.0453125 0.1390625
3 0.8859375 0.6328125 0.04765625 0.140625
3 0.30390625 0.45859375 0.04921875 0.11015625
3 0.1953125 0.4734375 0.05078125 0.12890625
3 0.14296875 0.534375 0.05625 0.1359375
3 0.471875 0.475 0.0421875 0.096875
3 0.740625 0.95703125 0.05703125 0.08515625
3 0.7109375 0.45703125 0.04375 0.1109375
3 0.43203125 0.45703125 0.02734375 0.1125
2 0.45390625 0.39921875 0.03828125 0.08046875
3 0.6390625 0.409375 0.034375 0.11328125
3 0.36171875 0.4546875 0.0375 0.1078125