3 0.13046875 0.853125 0.06953125 0.196875
3 0.65234375 0.64453125 0.0390625 0.13515625
3 0.10859375 0.9578125 0.0484375 0.084375
3 0.2921875 0.41875 0.03984375 0.103125
3 0.13203125 0.3640625 0.02421875 0.1
3 0.378125 0.28828125 0.02734375 0.07578125
3 0.54609375 0.4140625 0.02421875 0.0890625
3 0.0703125 0.534375 0.02890625 0.11640625
3 0.321875 0.57265625 0.03046875 0.12421875
0 0.784375 0.59140625 0.0140625 0.03671875
3 0.63671875 0.38125 0.0296875 0.10703125
3 0.5515625 0.35859375 0.02421875 0.084375
3 0.81484375 0.53828125 0.03984375 0.12734375
3 0.56953125 0.30078125 0.02890625 0.0875
3 0.74765625 0.89921875 0.05625 0.19296875
1 0.8796875 0.29765625 0.0234375 0.09375