3 0.075 0.75 0.0671875 0.175
2 0.07421875 0.44765625 0.03046875 0.10625
3 0.76953125 0.70390625 0.040625 0.153125
1 0.59765625 0.4625 0.028125 0.121875
3 0.55625 0.4078125 0.0265625 0.1015625
3 0.19140625 0.3875 0.03203125 0.09296875
3 0.14296875 0.465625 0.03515625 0.10625
3 0.684375 0.48515625 0.03359375 0.11484375
3 0.39453125 0.4765625 0.03203125 0.11328125
3 0.484375 0.53515625 0.0328125 0.11953125
3 0.40078125 0.3734375 0.025 0.0984375
3 0.32890625 0.3125 0.021875 0.08046875
3 0.590625 0.35625 0.02421875 0.0734375
0 0.70078125 0.70703125 0.0171875 0.0359375