3 0.409375 0.775 0.040625 0.16640625
3 0.60390625 0.41015625 0.028125 0.08515625
3 0.7375 0.484375 0.03515625 0.0984375
3 0.78359375 0.55 0.034375 0.1203125
3 0.759375 0.7375 0.03828125 0.1578125
3 0.2125 0.58515625 0.0359375 0.12421875
3 0.3265625 0.5640625 0.034375 0.11015625
3 0.41171875 0.5875 0.03046875 0.11796875
3 0.50859375 0.603125 0.03046875 0.11953125
3 0.2984375 0.8734375 0.0375 0.17421875
2 0.93828125 0.2828125 0.01875 0.06640625
1 0.29296875 0.3921875 0.02109375 0.08515625
3 0.4953125 0.52109375 0.03046875 0.10703125
3 0.2921875 0.66640625 0.03359375 0.13984375
3 0.43515625 0.50078125 0.0296875 0.09609375
3 0.678125 0.69921875 0.03203125 0.13671875
3 0.790625 0.36328125 0.01875 0.08203125
2 0.70625 0.6578125 0.02890625 0.12578125
3 0.4578125 0.521875 0.02578125 0.1046875