2 0.3875 0.5203125 0.0390625 0.13515625
3 0.8671875 0.3921875 0.03359375 0.10703125
3 0.9265625 0.43984375 0.04765625 0.1171875
3 0.12890625 0.48125 0.03984375 0.11875
3 0.8171875 0.3515625 0.03046875 0.0984375
3 0.215625 0.340625 0.02421875 0.07890625
3 0.36484375 0.3 0.03203125 0.08046875
3 0.4015625 0.7046875 0.04453125 0.16171875
3 0.08984375 0.40703125 0.02890625 0.109375
3 0.76484375 0.5234375 0.03125 0.13359375
3 0.01484375 0.9203125 0.028125 0.15859375
2 0.18984375 0.2859375 0.03125 0.07421875
3 0.059375 0.490625 0.04375 0.11953125
3 0.56484375 0.36484375 0.03671875 0.08125
3 0.60859375 0.37109375 0.02578125 0.08984375
3 0.42265625 0.39140625 0.0421875 0.10078125
3 0.590625 0.36796875 0.02578125 0.0890625