3 0.6046875 0.37890625 0.0375 0.09140625
3 0.41796875 0.46484375 0.03671875 0.11171875
2 0.51015625 0.5578125 0.040625 0.1453125
3 0.2171875 0.4328125 0.03359375 0.11640625
3 0.2203125 0.6421875 0.05078125 0.1625
3 0.61640625 0.8796875 0.046875 0.2
3 0.70625 0.37890625 0.0265625 0.08828125
3 0.50625 0.33984375 0.02421875 0.08984375
3 0.8484375 0.43828125 0.034375 0.1203125
3 0.3546875 0.3734375 0.02890625 0.09453125
3 0.41328125 0.353125 0.03203125 0.0890625
3 0.8734375 0.58203125 0.03515625 0.1453125
3 0.3 0.42734375 0.03203125 0.11484375
3 0.946875 0.421875 0.03359375 0.11953125
2 0.42578125 0.315625 0.02265625 0.07265625
3 0.028125 0.52734375 0.03515625 0.1390625
0 0.46328125 0.40546875 0.015625 0.025
3 0.30078125 0.37109375 0.02421875 0.07421875