3 0.5234375 0.3203125 0.03203125 0.11875
3 0.81484375 0.30390625 0.04375 0.09140625
3 0.6515625 0.2921875 0.0375 0.09609375
3 0.87890625 0.39609375 0.03359375 0.1234375
2 0.92890625 0.46875 0.046875 0.11328125
3 0.48203125 0.43359375 0.04140625 0.12109375
3 0.5796875 0.31171875 0.03984375 0.1125
3 0.7234375 0.69609375 0.0671875 0.2140625
3 0.25 0.46484375 0.0578125 0.11015625
1 0.1171875 0.28671875 0.028125 0.08203125
2 0.91953125 0.15859375 0.028125 0.08203125
0 0.40390625 0.5671875 0.025 0.0390625
3 0.58515625 0.459375 0.0421875 0.134375
3 0.24296875 0.5734375 0.0453125 0.125