2 0.81328125 0.6296875 0.03984375 0.15
3 0.85546875 0.409375 0.03359375 0.1125
3 0.23046875 0.61796875 0.0484375 0.13984375
3 0.55625 0.678125 0.04296875 0.1609375
3 0.74375 0.38515625 0.0296875 0.10546875
3 0.95546875 0.48203125 0.03515625 0.1265625
3 0.30078125 0.46796875 0.034375 0.1125
3 0.15703125 0.62578125 0.04375 0.14375
3 0.9140625 0.93984375 0.0484375 0.1203125
3 0.30546875 0.67421875 0.03515625 0.159375
3 0.478125 0.54375 0.03125 0.12421875
3 0.6328125 0.48671875 0.03359375 0.11875
3 0.6046875 0.34921875 0.0265625 0.10234375
3 0.97265625 0.6421875 0.04609375 0.1546875
3 0.40078125 0.446875 0.0296875 0.1203125
3 0.4515625 0.42265625 0.034375 0.11328125
1 0.253125 0.3828125 0.0265625 0.10859375
0 0.35 0.42890625 0.01484375 0.0296875
2 0.8390625 0.25859375 0.02421875 0.06796875