2 0.39375 0.64453125 0.0375 0.14375
3 0.93984375 0.61796875 0.04140625 0.13515625
1 0.21796875 0.509375 0.025 0.1078125
3 0.68671875 0.54296875 0.03671875 0.12421875
3 0.840625 0.54296875 0.03671875 0.12734375
3 0.45234375 0.559375 0.03046875 0.11953125
3 0.29140625 0.55 0.02890625 0.1203125
3 0.3546875 0.55078125 0.02734375 0.11484375
3 0.2515625 0.54453125 0.02421875 0.11328125
3 0.32578125 0.55703125 0.02265625 0.11015625
3 0.43515625 0.56015625 0.025 0.1203125
3 0.99453125 0.61875 0.01015625 0.128125
3 0.3296875 0.46953125 0.02734375 0.0875
3 0.3453125 0.55 0.02265625 0.1171875
3 0.23359375 0.52421875 0.0171875 0.08984375
0 0.72109375 0.3734375 0.01015625 0.025
2 0.74375 0.33828125 0.025 0.08046875