0 0.68125 0.45546875 0.01484375 0.03359375
2 0.58671875 0.540625 0.0328125 0.1375
2 0.77421875 0.27109375 0.02578125 0.09140625
1 0.21953125 0.42421875 0.0265625 0.1046875
3 0.23984375 0.490625 0.025 0.1140625
3 0.3 0.44609375 0.04375 0.1296875
3 0.3578125 0.3984375 0.03046875 0.1078125
3 0.39296875 0.43125 0.02890625 0.115625
3 0.44453125 0.3875 0.0296875 0.0953125
3 0.4875 0.40234375 0.02578125 0.096875
3 0.509375 0.47734375 0.0296875 0.1125
3 0.615625 0.36875 0.03828125 0.08671875
3 0.7171875 0.3609375 0.0265625 0.08046875
3 0.709375 0.4359375 0.0359375 0.103125
3 0.6265625 0.453125 0.0484375 0.096875
3 0.71328125 0.59765625 0.0375 0.15625
3 0.878125 0.48203125 0.06328125 0.115625