1 0.40234375 0.42109375 0.02421875 0.09921875
3 0.06875 0.8015625 0.04296875 0.159375
3 0.28984375 0.50390625 0.03515625 0.1140625
3 0.10234375 0.43203125 0.03515625 0.09921875
3 0.296875 0.7453125 0.03828125 0.14765625
3 0.20390625 0.51875 0.03046875 0.1109375
3 0.80390625 0.54765625 0.0359375 0.115625
3 0.0234375 0.55390625 0.0328125 0.11953125
3 0.3890625 0.57421875 0.03203125 0.11875
3 0.41484375 0.64609375 0.0328125 0.13359375
3 0.475 0.50859375 0.02734375 0.109375
3 0.17421875 0.42734375 0.0265625 0.1046875
3 0.20078125 0.4390625 0.02265625 0.08671875
3 0.778125 0.4921875 0.03671875 0.09375