3 0.875 0.4296875 0.04453125 0.13671875
3 0.67578125 0.8984375 0.07421875 0.19296875
1 0.48828125 0.21015625 0.02265625 0.0859375
3 0.60625 0.62265625 0.040625 0.15078125
3 0.72734375 0.28046875 0.02890625 0.1046875
3 0.87265625 0.2859375 0.03125 0.11640625
2 0.7421875 0.52109375 0.034375 0.15625
3 0.2796875 0.46640625 0.0421875 0.1234375
3 0.2734375 0.5484375 0.07109375 0.11875
3 0.24453125 0.56875 0.06015625 0.125
0 0.2171875 0.59921875 0.01640625 0.0296875
3 0.71484375 0.38125 0.0375 0.1203125