1 0.2078125 0.28828125 0.034375 0.09921875
3 0.4796875 0.69375 0.059375 0.1609375
3 0.4953125 0.46015625 0.05703125 0.11328125
3 0.378125 0.63984375 0.05625 0.16640625
3 0.83515625 0.51640625 0.0640625 0.15390625
3 0.01953125 0.50625 0.0390625 0.14453125
3 0.6328125 0.53671875 0.05390625 0.1421875
3 0.5984375 0.44765625 0.05 0.1125
3 0.121875 0.3765625 0.04453125 0.12734375
3 0.090625 0.371875 0.04140625 0.12109375
3 0.3796875 0.37265625 0.04296875 0.1125
3 0.03984375 0.340625 0.040625 0.12734375
0 0.6203125 0.5953125 0.02109375 0.0296875