3 0.9 0.653125 0.04296875 0.14140625
3 0.834375 0.65 0.03359375 0.13359375
2 0.459375 0.6734375 0.03359375 0.14453125
3 0.46640625 0.55078125 0.03046875 0.103125
3 0.4 0.55390625 0.0265625 0.11328125
3 0.3484375 0.584375 0.03125 0.1203125
3 0.3765625 0.58203125 0.025 0.11953125
3 0.8140625 0.521875 0.03046875 0.12265625
3 0.5578125 0.4953125 0.02109375 0.08125
3 0.6 0.47890625 0.0234375 0.096875
3 0.53515625 0.528125 0.02421875 0.08671875
3 0.4984375 0.49296875 0.0234375 0.08671875
3 0.52578125 0.51484375 0.02890625 0.1109375
3 0.8 0.52734375 0.03046875 0.11640625
3 0.584375 0.48203125 0.01953125 0.08984375
3 0.37734375 0.51484375 0.02265625 0.08515625
3 0.47578125 0.49609375 0.0234375 0.0859375
2 0.95078125 0.35703125 0.0234375 0.07578125