1 0.5296875 0.3390625 0.0203125 0.08359375
3 0.309375 0.8 0.0484375 0.1703125
3 0.1484375 0.546875 0.03671875 0.12109375
3 0.33828125 0.6703125 0.04375 0.1375
2 0.77265625 0.56171875 0.02734375 0.1234375
3 0.55703125 0.46796875 0.02578125 0.09921875
3 0.75390625 0.690625 0.03203125 0.1328125
3 0.10546875 0.5671875 0.0328125 0.12265625
3 0.9390625 0.5 0.02734375 0.11328125
3 0.71171875 0.634375 0.034375 0.140625
3 0.9171875 0.3984375 0.02734375 0.09453125
3 0.6671875 0.37265625 0.025 0.0859375
3 0.31796875 0.4796875 0.025 0.09609375
3 0.7109375 0.3859375 0.0265625 0.09453125
3 0.33046875 0.43046875 0.02890625 0.09375
3 0.53671875 0.41875 0.0265625 0.10546875