1 0.0140625 0.24921875 0.02734375 0.090625
2 0.965625 0.42734375 0.0375 0.1109375
3 0.94609375 0.63359375 0.059375 0.1265625
3 0.8046875 0.74296875 0.06640625 0.1296875
3 0.590625 0.35390625 0.053125 0.10390625
3 0.29609375 0.55078125 0.04296875 0.10625
3 0.23671875 0.50859375 0.04921875 0.12734375
3 0.71640625 0.40625 0.03828125 0.096875
3 0.87890625 0.41171875 0.04296875 0.11640625
3 0.8 0.22265625 0.03203125 0.0765625
3 0.66484375 0.278125 0.0328125 0.09296875
0 0.3234375 0.18828125 0.02421875 0.03203125
3 0.703125 0.321875 0.03203125 0.09296875