3 0.7890625 0.61484375 0.0421875 0.140625
3 0.815625 0.4234375 0.04375 0.10703125
3 0.365625 0.3921875 0.03125 0.084375
3 0.20078125 0.52890625 0.03125 0.1203125
3 0.978125 0.57421875 0.04375 0.1203125
3 0.69296875 0.39375 0.02890625 0.0875
3 0.53515625 0.4234375 0.03671875 0.08828125
3 0.18671875 0.40234375 0.025 0.0984375
3 0.575 0.38984375 0.02578125 0.09140625
3 0.50234375 0.34140625 0.02578125 0.0734375
3 0.90546875 0.4859375 0.03828125 0.1078125
3 0.31953125 0.3609375 0.0234375 0.08046875
3 0.3015625 0.45 0.03125 0.09609375
3 0.65078125 0.36015625 0.02421875 0.0828125
3 0.92890625 0.49375 0.04140625 0.10546875
3 0.29140625 0.40078125 0.025 0.0796875
3 0.35 0.35859375 0.02265625 0.078125
2 0.49140625 0.4390625 0.03515625 0.103125