3 0.1546875 0.6328125 0.046875 0.1546875
3 0.30390625 0.50859375 0.03984375 0.115625
3 0.34140625 0.4703125 0.0359375 0.1140625
3 0.3828125 0.5140625 0.03984375 0.1171875
3 0.503125 0.42109375 0.0328125 0.1171875
3 0.65 0.5203125 0.0375 0.1359375
3 0.6609375 0.4125 0.02890625 0.10625
3 0.6953125 0.3890625 0.028125 0.0953125
3 0.69140625 0.3265625 0.01640625 0.04453125
3 0.7234375 0.3375 0.0234375 0.08828125
3 0.80703125 0.365625 0.0390625 0.09296875
3 0.88671875 0.42890625 0.03203125 0.1015625
2 0.77578125 0.54453125 0.04609375 0.1234375
2 0.834375 0.29609375 0.0296875 0.07734375
1 0.1234375 0.4375 0.03125 0.10625