3 0.36875 0.5296875 0.04609375 0.1171875
3 0.571875 0.5703125 0.0296875 0.1234375
3 0.63359375 0.4671875 0.034375 0.115625
3 0.134375 0.5765625 0.03828125 0.1234375
3 0.8546875 0.38828125 0.028125 0.09765625
3 0.07109375 0.521875 0.03828125 0.1140625
3 0.496875 0.5734375 0.0421875 0.11640625
3 0.34609375 0.784375 0.046875 0.1515625
3 0.509375 0.43125 0.02890625 0.1125
3 0.571875 0.42265625 0.028125 0.11015625
3 0.1734375 0.740625 0.05859375 0.12265625
3 0.6984375 0.38671875 0.03046875 0.103125
2 0.72890625 0.5546875 0.02890625 0.13125
3 0.8234375 0.34140625 0.02578125 0.09609375
3 0.9015625 0.4140625 0.03125 0.10546875
0 0.27578125 0.77109375 0.01953125 0.0328125
1 0.53125 0.31640625 0.021875 0.08203125