3 0.59140625 0.5828125 0.03359375 0.1484375
3 0.68671875 0.53671875 0.04296875 0.13046875
3 0.3390625 0.584375 0.0390625 0.125
3 0.09921875 0.70234375 0.046875 0.14609375
3 0.77578125 0.403125 0.03359375 0.1171875
3 0.965625 0.496875 0.0421875 0.12734375
3 0.08046875 0.3640625 0.03125 0.10703125
3 0.265625 0.51875 0.03984375 0.10859375
3 0.715625 0.415625 0.0375 0.11796875
3 0.53203125 0.32421875 0.03203125 0.0890625
3 0.0171875 0.48515625 0.03125 0.11015625
3 0.26796875 0.440625 0.0328125 0.103125
3 0.40546875 0.30625 0.028125 0.084375
3 0.328125 0.4484375 0.0359375 0.10625
0 0.45234375 0.47890625 0.01640625 0.0453125