3 0.4546875 0.3171875 0.01875 0.075
3 0.24375 0.4671875 0.03125 0.11015625
3 0.69609375 0.52265625 0.0296875 0.11015625
3 0.35 0.38828125 0.025 0.09609375
3 0.2515625 0.39296875 0.03828125 0.084375
3 0.734375 0.70859375 0.04921875 0.1515625
3 0.21796875 0.6828125 0.0359375 0.159375
3 0.33828125 0.484375 0.0359375 0.11015625
3 0.55546875 0.50546875 0.0296875 0.11328125
2 0.81796875 0.440625 0.0328125 0.10234375
3 0.6078125 0.3078125 0.025 0.08359375
3 0.409375 0.4234375 0.03046875 0.1078125
3 0.70078125 0.41875 0.02890625 0.09921875
0 0.121875 0.51015625 0.01640625 0.03125
3 0.575 0.74375 0.04296875 0.1515625
3 0.86953125 0.5875 0.0359375 0.13359375
3 0.9515625 0.32890625 0.02421875 0.0796875
3 0.73046875 0.325 0.01875 0.07578125
3 0.7265625 0.390625 0.02265625 0.09296875
2 0.4859375 0.22734375 0.021875 0.06015625