3 0.56953125 0.54765625 0.05078125 0.121875
3 0.69296875 0.67734375 0.04609375 0.15
3 0.14921875 0.37890625 0.034375 0.10546875
3 0.24453125 0.39140625 0.0359375 0.109375
2 0.725 0.453125 0.0328125 0.11640625
3 0.8109375 0.35703125 0.0375 0.08828125
2 0.2125 0.30703125 0.02734375 0.06875
3 0.2296875 0.56015625 0.04140625 0.14453125
3 0.9671875 0.46328125 0.0578125 0.140625
3 0.521875 0.41328125 0.040625 0.1
3 0.01875 0.45859375 0.03125 0.128125
3 0.37890625 0.41015625 0.0390625 0.1109375
3 0.65234375 0.45625 0.03046875 0.09375
3 0.64921875 0.38828125 0.034375 0.078125
3 0.50859375 0.3484375 0.03125 0.08359375
3 0.62578125 0.3359375 0.02734375 0.0765625
3 0.98125 0.546875 0.03671875 0.128125
0 0.64140625 0.36484375 0.009375 0.015625