3 0.9109375 0.58125 0.0203125 0.0703125
3 0.6390625 0.44296875 0.01953125 0.059375
3 0.55703125 0.52734375 0.01953125 0.0625
3 0.75078125 0.39140625 0.0234375 0.0546875
1 0.3046875 0.4734375 0.0140625 0.059375
3 0.965625 0.50078125 0.0203125 0.0625
3 0.68515625 0.6171875 0.02265625 0.0640625
3 0.54765625 0.4296875 0.01796875 0.05078125
3 0.8671875 0.4046875 0.0171875 0.06171875
3 0.75703125 0.67421875 0.0234375 0.0796875
3 0.7328125 0.5671875 0.02421875 0.0625
3 0.61328125 0.31015625 0.02421875 0.046875
3 0.68359375 0.559375 0.0171875 0.06171875
2 0.77109375 0.64375 0.0234375 0.0765625
3 0.68359375 0.5171875 0.0171875 0.06171875
3 0.53203125 0.5109375 0.0203125 0.06640625
3 0.54921875 0.6609375 0.02578125 0.06953125