3 0.90703125 0.57109375 0.040625 0.13828125
3 0.92109375 0.3921875 0.03671875 0.10859375
3 0.9828125 0.36796875 0.0296875 0.1125
3 0.59921875 0.434375 0.0515625 0.0765625
3 0.0859375 0.51953125 0.0390625 0.128125
2 0.559375 0.51953125 0.03203125 0.12578125
3 0.0171875 0.5953125 0.03046875 0.125
3 0.76875 0.4453125 0.02890625 0.1234375
3 0.5078125 0.425 0.0265625 0.10078125
3 0.55 0.321875 0.03125 0.08203125
3 0.84296875 0.73984375 0.0578125 0.1421875
3 0.41015625 0.41015625 0.0265625 0.109375
2 0.32265625 0.275 0.02421875 0.0734375
3 0.35390625 0.3421875 0.01953125 0.08828125
3 0.3515625 0.42265625 0.0265625 0.109375
3 0.14765625 0.45703125 0.02578125 0.1140625
3 0.475 0.51328125 0.0328125 0.11171875
3 0.46796875 0.47109375 0.03671875 0.090625
3 0.15703125 0.4015625 0.0234375 0.10234375
0 0.5953125 0.46328125 0.015625 0.03359375