3 0.28828125 0.584375 0.05 0.115625
3 0.3390625 0.4328125 0.03828125 0.10625
3 0.3796875 0.4015625 0.02265625 0.1015625
3 0.47578125 0.41953125 0.04453125 0.04921875
3 0.6109375 0.37734375 0.02578125 0.08828125
3 0.63671875 0.490625 0.040625 0.1203125
3 0.7625 0.41484375 0.01875 0.08984375
3 0.75625 0.51328125 0.0296875 0.128125
3 0.7453125 0.78984375 0.0640625 0.16953125
2 0.8296875 0.55546875 0.05 0.1515625
3 0.98515625 0.35703125 0.0296875 0.10625
2 0.63984375 0.28828125 0.03125 0.07734375
0 0.6375 0.4171875 0.0125 0.0234375