3 0.54453125 0.44296875 0.04140625 0.11484375
3 0.9625 0.7890625 0.07109375 0.20390625
3 0.20078125 0.478125 0.04140625 0.1203125
3 0.61328125 0.5234375 0.053125 0.1203125
3 0.13671875 0.509375 0.04296875 0.121875
3 0.3625 0.5046875 0.04296875 0.1265625
3 0.6515625 0.33984375 0.03046875 0.096875
3 0.4921875 0.6875 0.05078125 0.15390625
3 0.4109375 0.66328125 0.04453125 0.171875
3 0.4109375 0.3875 0.03203125 0.109375
3 0.31953125 0.3234375 0.03125 0.1125
3 0.7015625 0.578125 0.040625 0.14140625
3 0.4671875 0.56328125 0.0359375 0.1328125
0 0.575 0.52734375 0.0140625 0.0296875
3 0.0875 0.38515625 0.03046875 0.115625
3 0.98671875 0.3484375 0.0265625 0.121875
3 0.46484375 0.2828125 0.0265625 0.09765625
3 0.12421875 0.38984375 0.03359375 0.1125
2 0.50078125 0.4125 0.02578125 0.11640625
1 0.184375 0.2296875 0.0203125 0.0765625