3 0.20078125 0.5671875 0.06484375 0.15234375
3 0.13984375 0.7453125 0.0734375 0.190625
3 0.19921875 0.91171875 0.0671875 0.17109375
3 0.03515625 0.56171875 0.04921875 0.15
3 0.56484375 0.38125 0.0453125 0.1125
3 0.9015625 0.26640625 0.053125 0.1046875
3 0.54765625 0.634375 0.05078125 0.15390625
3 0.153125 0.3765625 0.046875 0.1171875
3 0.60234375 0.5328125 0.05390625 0.1375
3 0.3765625 0.25 0.03359375 0.08828125
3 0.109375 0.29296875 0.0375 0.0953125
3 0.65 0.40859375 0.04140625 0.1265625
3 0.27578125 0.3046875 0.04140625 0.1015625
0 0.715625 0.39375 0.0234375 0.03125
3 0.3484375 0.2015625 0.021875 0.08828125