3 0.51796875 0.45703125 0.03359375 0.11015625
3 0.28125 0.46953125 0.03515625 0.11875
3 0.4484375 0.9375 0.0578125 0.125
3 0.25859375 0.6453125 0.03203125 0.15078125
3 0.4796875 0.52109375 0.025 0.1140625
3 0.3203125 0.37265625 0.0296875 0.10625
3 0.59140625 0.31875 0.02421875 0.0921875
3 0.16171875 0.61328125 0.0375 0.1390625
3 0.59140625 0.51640625 0.02578125 0.11171875
3 0.434375 0.2921875 0.02109375 0.08359375
3 0.22265625 0.45625 0.03359375 0.11484375
3 0.89765625 0.5625 0.03671875 0.13203125
2 0.728125 0.54453125 0.02734375 0.11953125
3 0.85078125 0.4765625 0.03046875 0.12109375
3 0.71484375 0.2234375 0.0140625 0.071875
3 0.7078125 0.51640625 0.02265625 0.1078125
2 0.56328125 0.1953125 0.021875 0.0703125
3 0.6546875 0.53828125 0.02734375 0.1125
0 0.665625 0.5859375 0.01171875 0.03046875
3 0.653125 0.50546875 0.028125 0.103125