0 0.11640625 0.73359375 0.0125 0.0265625
1 0.490625 0.40234375 0.01875 0.08515625
2 0.81328125 0.68046875 0.04765625 0.1359375
3 0.09453125 0.684375 0.0296875 0.125
3 0.2 0.58046875 0.034375 0.0984375
3 0.28046875 0.63125 0.0484375 0.1203125
3 0.3296875 0.54765625 0.034375 0.0953125
3 0.55859375 0.646875 0.03203125 0.1265625
3 0.65078125 0.70625 0.04140625 0.121875
3 0.68515625 0.57109375 0.04375 0.1046875
3 0.78203125 0.5015625 0.03828125 0.1078125
3 0.96796875 0.4671875 0.0328125 0.109375
3 0.60546875 0.45546875 0.0390625 0.07421875
3 0.65859375 0.4203125 0.03984375 0.08515625
3 0.61953125 0.4125 0.02109375 0.08515625
3 0.71328125 0.4421875 0.0421875 0.08828125
3 0.75859375 0.39453125 0.02421875 0.09140625
3 0.73984375 0.38984375 0.02578125 0.08828125