3 0.4265625 0.78515625 0.04921875 0.1546875
3 0.4765625 0.5109375 0.03125 0.10625
3 0.5546875 0.50390625 0.034375 0.10390625
2 0.0578125 0.475 0.0328125 0.10703125
3 0.63828125 0.53203125 0.0328125 0.1109375
1 0.8671875 0.46328125 0.0265625 0.096875
3 0.265625 0.41796875 0.03671875 0.090625
3 0.13671875 0.38125 0.03125 0.08515625
3 0.4078125 0.440625 0.02578125 0.0921875
3 0.2140625 0.409375 0.02734375 0.0890625
3 0.3046875 0.46484375 0.034375 0.0859375
3 0.34296875 0.49140625 0.03671875 0.09296875
3 0.45078125 0.5484375 0.03359375 0.09921875
3 0.36328125 0.4890625 0.02578125 0.10390625
3 0.31640625 0.43125 0.02265625 0.0734375
0 0.35703125 0.53359375 0.01484375 0.025