3 0.56171875 0.6515625 0.04609375 0.13046875
3 0.24609375 0.6625 0.0375 0.14296875
3 0.2640625 0.46484375 0.03984375 0.10703125
3 0.15546875 0.55078125 0.04453125 0.11328125
3 0.4734375 0.50625 0.0328125 0.10546875
3 0.0828125 0.53515625 0.04609375 0.1296875
3 0.7109375 0.4515625 0.03125 0.10234375
3 0.40859375 0.44921875 0.03359375 0.1046875
3 0.5625 0.44609375 0.03046875 0.090625
3 0.653125 0.51171875 0.04453125 0.10078125
3 0.8796875 0.55 0.04375 0.12578125
3 0.57421875 0.578125 0.0328125 0.109375
3 0.79921875 0.44375 0.03125 0.1046875
3 0.18515625 0.46640625 0.034375 0.10703125
3 0.76875 0.4796875 0.0359375 0.103125
3 0.22265625 0.42890625 0.03203125 0.09140625
3 0.48515625 0.40703125 0.03125 0.07734375
3 0.6328125 0.37109375 0.03046875 0.0796875
3 0.76015625 0.39765625 0.03046875 0.07890625
2 0.59609375 0.44765625 0.03046875 0.09296875