3 0.80234375 0.62578125 0.04609375 0.1421875
1 0.44140625 0.44453125 0.0359375 0.11953125
3 0.65703125 0.490625 0.03671875 0.1296875
3 0.8625 0.50859375 0.03515625 0.14375
3 0.88046875 0.44296875 0.03515625 0.1171875
3 0.37890625 0.45703125 0.0390625 0.09921875
3 0.42265625 0.55625 0.0390625 0.1234375
3 0.70234375 0.43359375 0.0265625 0.11015625
3 0.715625 0.615625 0.03125 0.14140625
3 0.68984375 0.45546875 0.0296875 0.12578125
3 0.25078125 0.534375 0.0375 0.11484375
2 0.74140625 0.66171875 0.0390625 0.1609375
3 0.5609375 0.51953125 0.034375 0.12421875
3 0.56171875 0.45703125 0.02890625 0.1140625
3 0.54765625 0.5140625 0.028125 0.10390625
3 0.240625 0.503125 0.03125 0.08125