3 0.0828125 0.38984375 0.03046875 0.109375
3 0.065625 0.521875 0.0421875 0.1171875
3 0.05234375 0.6359375 0.04453125 0.1390625
3 0.15 0.4421875 0.025 0.103125
3 0.1390625 0.5171875 0.0265625 0.1109375
3 0.23515625 0.38671875 0.034375 0.10625
3 0.34140625 0.33671875 0.03203125 0.0984375
3 0.30546875 0.40625 0.025 0.07421875
3 0.3140625 0.43984375 0.025 0.1078125
3 0.2953125 0.50625 0.02578125 0.1234375
2 0.27109375 0.5515625 0.040625 0.134375
3 0.45859375 0.3390625 0.02890625 0.10625
2 0.5140625 0.246875 0.0265625 0.08046875
3 0.4328125 0.4875 0.04375 0.1109375
3 0.5203125 0.38828125 0.0296875 0.1125
3 0.54609375 0.56796875 0.0359375 0.1296875
3 0.6453125 0.39609375 0.0421875 0.1
3 0.87421875 0.51015625 0.0484375 0.134375