1 0.49296875 0.49140625 0.0296875 0.1140625
3 0.48515625 0.6921875 0.05703125 0.1515625
3 0.14921875 0.58828125 0.0515625 0.1140625
3 0.60546875 0.590625 0.04609375 0.12890625
3 0.04609375 0.4640625 0.034375 0.11796875
3 0.246875 0.4875 0.03828125 0.1109375
3 0.13828125 0.4765625 0.04609375 0.12890625
3 0.30546875 0.4703125 0.03359375 0.11171875
3 0.47578125 0.546875 0.03828125 0.10546875
3 0.01484375 0.48125 0.0265625 0.09140625
3 0.209375 0.47578125 0.0265625 0.10625
3 0.28671875 0.4734375 0.03203125 0.1125
0 0.721875 0.640625 0.015625 0.03203125