2 0.62421875 0.5671875 0.0265625 0.103125
3 0.9171875 0.46015625 0.025 0.08125
3 0.75078125 0.52265625 0.02265625 0.08515625
3 0.9375 0.52890625 0.0234375 0.0828125
3 0.884375 0.44296875 0.01953125 0.08203125
3 0.95859375 0.475 0.02265625 0.08046875
3 0.82578125 0.45234375 0.01953125 0.0703125
1 0.665625 0.4296875 0.015625 0.06640625
3 0.7359375 0.4328125 0.01875 0.07109375
3 0.6328125 0.44375 0.01875 0.0703125
3 0.07265625 0.56484375 0.0265625 0.08984375
3 0.75 0.43125 0.0203125 0.07578125
3 0.92734375 0.440625 0.0203125 0.0765625
3 0.84921875 0.44140625 0.01953125 0.07421875
0 0.08359375 0.59140625 0.01640625 0.03125