2 0.365625 0.2421875 0.02421875 0.07421875
3 0.0484375 0.52734375 0.0328125 0.1296875
3 0.47109375 0.4296875 0.03046875 0.109375
2 0.29453125 0.46796875 0.03203125 0.1203125
3 0.97578125 0.54296875 0.04296875 0.15625
3 0.3421875 0.40546875 0.028125 0.10078125
3 0.821875 0.328125 0.0359375 0.09453125
3 0.19921875 0.32578125 0.02578125 0.1015625
3 0.371875 0.3359375 0.02421875 0.0875
3 0.603125 0.3125 0.028125 0.09296875
3 0.40859375 0.3125 0.02421875 0.08828125
3 0.04921875 0.41953125 0.0296875 0.1078125
3 0.52421875 0.2640625 0.02265625 0.08125
3 0.48984375 0.28203125 0.0234375 0.07890625
3 0.1609375 0.359375 0.02578125 0.1078125
0 0.80546875 0.46171875 0.01171875 0.028125
3 0.11484375 0.38515625 0.03515625 0.1078125
3 0.13046875 0.36796875 0.025 0.109375
3 0.00859375 0.43203125 0.01640625 0.1359375