3 0.60546875 0.64375 0.05390625 0.13515625
3 0.30703125 0.28125 0.02421875 0.08046875
3 0.790625 0.36796875 0.03515625 0.11171875
3 0.13515625 0.24765625 0.021875 0.075
3 0.103125 0.38828125 0.03203125 0.11015625
3 0.221875 0.5046875 0.02578125 0.11796875
3 0.878125 0.51875 0.0390625 0.1203125
3 0.43046875 0.26328125 0.0203125 0.0734375
3 0.4453125 0.60078125 0.04296875 0.1375
3 0.640625 0.26875 0.0234375 0.08046875
3 0.48046875 0.50234375 0.03203125 0.1140625
3 0.3203125 0.48984375 0.025 0.11875
3 0.41015625 0.36328125 0.028125 0.103125
3 0.25078125 0.26171875 0.02109375 0.07578125
2 0.45390625 0.371875 0.03046875 0.10390625
3 0.51484375 0.50546875 0.03046875 0.10546875
2 0.11015625 0.19140625 0.021875 0.06796875
0 0.36015625 0.296875 0.01640625 0.02890625