2 0.19921875 0.478125 0.03203125 0.1046875
3 0.09375 0.6390625 0.03125 0.1421875
3 0.08828125 0.43515625 0.03203125 0.09296875
3 0.215625 0.76875 0.0375 0.1515625
3 0.1390625 0.95625 0.040625 0.0875
3 0.2484375 0.9578125 0.046875 0.084375
3 0.3546875 0.53828125 0.0359375 0.1140625
3 0.38203125 0.409375 0.0390625 0.1
3 0.5328125 0.47734375 0.02578125 0.08828125
3 0.60078125 0.46640625 0.0359375 0.09296875
3 0.571875 0.40703125 0.02265625 0.07734375
3 0.528125 0.40390625 0.0484375 0.09375
3 0.7796875 0.76484375 0.0421875 0.15625
1 0.79609375 0.41015625 0.03046875 0.0984375