3 0.53046875 0.57109375 0.03359375 0.1140625
3 0.0796875 0.77890625 0.05390625 0.1609375
2 0.73828125 0.57421875 0.040625 0.11953125
3 0.3328125 0.5546875 0.028125 0.11171875
3 0.9046875 0.534375 0.03828125 0.11953125
3 0.87734375 0.42890625 0.02890625 0.10546875
3 0.396875 0.5046875 0.02890625 0.1140625
3 0.484375 0.5671875 0.034375 0.11640625
3 0.478125 0.42109375 0.0234375 0.08515625
3 0.76171875 0.41796875 0.0328125 0.0890625
3 0.303125 0.653125 0.034375 0.1265625
3 0.67734375 0.796875 0.03515625 0.1578125
3 0.4421875 0.5484375 0.02890625 0.11875
1 0.2578125 0.45078125 0.0265625 0.096875
3 0.640625 0.51640625 0.02109375 0.1046875
3 0.51484375 0.48671875 0.02734375 0.0984375
3 0.6390625 0.453125 0.02265625 0.08125
3 0.5359375 0.47890625 0.03046875 0.07109375