3 0.90078125 0.78984375 0.06796875 0.1953125
3 0.109375 0.465625 0.04921875 0.090625
2 0.51875 0.51328125 0.04296875 0.13984375
3 0.36953125 0.5515625 0.05625 0.13671875
3 0.55234375 0.6640625 0.04296875 0.15390625
3 0.3953125 0.46875 0.03828125 0.115625
3 0.9 0.4875 0.04375 0.13203125
3 0.0515625 0.4484375 0.04140625 0.115625
3 0.16640625 0.4453125 0.04453125 0.10625
3 0.7984375 0.43984375 0.04765625 0.0984375
3 0.87109375 0.30703125 0.04453125 0.0984375
3 0.44375 0.4359375 0.040625 0.13671875
3 0.5078125 0.3484375 0.03828125 0.109375
3 0.35390625 0.35078125 0.03515625 0.10546875
3 0.32109375 0.37578125 0.03125 0.1109375
0 0.82265625 0.4984375 0.01484375 0.03046875
3 0.30546875 0.3515625 0.03125 0.10703125