2 0.13984375 0.41171875 0.03046875 0.09140625
3 0.4328125 0.82890625 0.046875 0.16484375
3 0.10390625 0.753125 0.046875 0.146875
3 0.315625 0.51875 0.0375 0.10234375
3 0.08984375 0.51015625 0.03828125 0.1078125
3 0.60859375 0.45078125 0.034375 0.11015625
3 0.65546875 0.57890625 0.04296875 0.1265625
3 0.54140625 0.4421875 0.03515625 0.096875
3 0.38125 0.3734375 0.0328125 0.08984375
3 0.35 0.43828125 0.025 0.084375
3 0.32578125 0.38046875 0.02421875 0.08125
3 0.20546875 0.353125 0.028125 0.07421875
0 0.2140625 0.37890625 0.0125 0.0265625