3 0.18984375 0.59453125 0.04765625 0.10078125
3 0.27734375 0.5578125 0.03984375 0.08046875
3 0.63359375 0.475 0.02890625 0.1
3 0.884375 0.69921875 0.03984375 0.146875
1 0.428125 0.41796875 0.02109375 0.0796875
3 0.628125 0.40078125 0.025 0.08671875
3 0.1390625 0.6203125 0.0546875 0.09453125
3 0.4578125 0.51328125 0.028125 0.090625
3 0.6734375 0.40703125 0.0296875 0.096875
2 0.4953125 0.63203125 0.02890625 0.13671875
3 0.7 0.578125 0.03046875 0.11796875
3 0.52421875 0.4390625 0.03125 0.090625
3 0.725 0.39921875 0.025 0.0953125
3 0.56640625 0.43203125 0.0234375 0.09296875
3 0.6 0.41953125 0.02265625 0.0890625
3 0.4828125 0.4359375 0.025 0.0890625
2 0.9390625 0.29765625 0.01875 0.06171875
3 0.49921875 0.546875 0.0234375 0.090625
3 0.57734375 0.409375 0.021875 0.078125
0 0.24296875 0.628125 0.02421875 0.03125