3 0.26484375 0.61953125 0.034375 0.12421875
3 0.634375 0.8 0.03984375 0.153125
3 0.38359375 0.41796875 0.0234375 0.09296875
3 0.42265625 0.6609375 0.0359375 0.14296875
3 0.2109375 0.38359375 0.025 0.0765625
3 0.51171875 0.51015625 0.0265625 0.109375
3 0.48671875 0.44140625 0.0265625 0.090625
3 0.125 0.721875 0.04140625 0.14921875
2 0.01484375 0.50078125 0.0265625 0.1109375
3 0.80078125 0.75078125 0.03984375 0.14765625
3 0.56328125 0.40234375 0.02109375 0.0859375
1 0.53671875 0.41171875 0.02578125 0.09375