2 0.68203125 0.434375 0.02578125 0.1078125
3 0.115625 0.628125 0.04296875 0.15625
3 0.77109375 0.9421875 0.06015625 0.10703125
2 0.1765625 0.30390625 0.028125 0.08203125
3 0.575 0.6984375 0.0421875 0.16015625
3 0.0671875 0.4 0.0328125 0.1109375
3 0.9375 0.45546875 0.034375 0.13046875
3 0.51171875 0.56171875 0.03515625 0.140625
3 0.58515625 0.44609375 0.0328125 0.11171875
3 0.24453125 0.35859375 0.02578125 0.09375
3 0.32421875 0.4015625 0.03671875 0.1046875
3 0.3625 0.34921875 0.02734375 0.0828125
3 0.4734375 0.37421875 0.02734375 0.08984375
3 0.690625 0.3515625 0.01953125 0.08046875
3 0.396875 0.33203125 0.0234375 0.08828125
3 0.42734375 0.36640625 0.02734375 0.09609375
0 0.27421875 0.39140625 0.0125 0.02734375
3 0.99375 0.5375 0.0125 0.1578125