1 0.3828125 0.35390625 0.0265625 0.09296875
2 0.7875 0.5875 0.0484375 0.1234375
3 0.22734375 0.8015625 0.05703125 0.15546875
3 0.7375 0.4875 0.04609375 0.11171875
3 0.44609375 0.54765625 0.03984375 0.08671875
3 0.44453125 0.4703125 0.03671875 0.109375
3 0.69609375 0.39453125 0.0359375 0.1125
3 0.55546875 0.4515625 0.02890625 0.103125
3 0.53984375 0.53671875 0.03359375 0.11015625
3 0.60234375 0.4140625 0.0296875 0.10625
0 0.28671875 0.6375 0.01796875 0.034375
3 0.58984375 0.39765625 0.025 0.10703125