3 0.80546875 0.61015625 0.0359375 0.1453125
3 0.56640625 0.5015625 0.0296875 0.10703125
3 0.77890625 0.4859375 0.02890625 0.10625
3 0.36796875 0.53046875 0.0265625 0.11015625
3 0.6609375 0.64453125 0.03203125 0.1421875
3 0.42421875 0.4921875 0.03203125 0.12421875
3 0.146875 0.6328125 0.040625 0.1484375
3 0.49296875 0.43125 0.0234375 0.10703125
3 0.79921875 0.43125 0.03046875 0.1046875
3 0.228125 0.5578125 0.0328125 0.134375
3 0.6 0.44296875 0.028125 0.10234375
3 0.30234375 0.5015625 0.03125 0.12578125
2 0.5296875 0.59453125 0.03125 0.14296875
3 0.26640625 0.48671875 0.028125 0.12109375
3 0.465625 0.428125 0.0265625 0.10078125
3 0.11953125 0.56015625 0.0328125 0.125
3 0.37421875 0.459375 0.028125 0.10546875
1 0.1140625 0.49140625 0.0265625 0.103125
2 0.70625 0.334375 0.021875 0.08203125