3 0.11015625 0.52421875 0.0390625 0.15
3 0.1578125 0.4515625 0.0515625 0.16796875
3 0.32109375 0.4 0.03359375 0.1109375
3 0.30234375 0.45546875 0.0375 0.1234375
3 0.60859375 0.34375 0.0453125 0.10625
3 0.51171875 0.41953125 0.053125 0.1296875
3 0.4203125 0.49921875 0.0546875 0.146875
2 0.52421875 0.3046875 0.0484375 0.096875
3 0.66171875 0.31484375 0.02578125 0.09296875
3 0.678125 0.34375 0.02890625 0.096875
3 0.7 0.37109375 0.03203125 0.103125
3 0.63984375 0.60703125 0.05625 0.18359375
2 0.72734375 0.5421875 0.06015625 0.17109375
0 0.64140625 0.3578125 0.015625 0.03671875