2 0.115625 0.459375 0.02734375 0.09765625
3 0.7375 0.83359375 0.04453125 0.178125
3 0.8140625 0.66953125 0.03984375 0.1421875
3 0.228125 0.5171875 0.03046875 0.109375
3 0.478125 0.49375 0.02890625 0.10234375
0 0.1296875 0.38359375 0.0109375 0.02109375
3 0.1484375 0.5578125 0.03671875 0.12109375
3 0.84765625 0.54453125 0.03125 0.128125
3 0.559375 0.52109375 0.03046875 0.11484375
3 0.71875 0.48984375 0.02734375 0.1109375
3 0.3578125 0.51875 0.03125 0.10546875
3 0.62578125 0.51953125 0.02578125 0.1
3 0.35 0.39921875 0.02734375 0.08359375
1 0.98984375 0.428125 0.0203125 0.10625
3 0.17578125 0.5046875 0.03046875 0.10703125
3 0.47109375 0.39453125 0.0234375 0.08359375
3 0.6859375 0.50703125 0.02578125 0.10546875
3 0.621875 0.44453125 0.02421875 0.10703125
3 0.10625 0.35703125 0.028125 0.08046875
3 0.68515625 0.4546875 0.0234375 0.0859375