3 0.52734375 0.0234375 0.0265625 0.046875
3 0.4609375 0.203125 0.04140625 0.09765625
3 0.76875 0.10859375 0.04296875 0.11015625
3 0.81640625 0.23359375 0.04140625 0.11875
2 0.38359375 0.0640625 0.03359375 0.09375
3 0.5734375 0.2640625 0.059375 0.13828125
3 0.30234375 0.084375 0.02890625 0.0953125
3 0.265625 0.2421875 0.04296875 0.1171875
3 0.0515625 0.096875 0.040625 0.1046875
3 0.63125 0.04609375 0.034375 0.08359375
3 0.540625 0.08515625 0.04296875 0.1015625
3 0.37265625 0.61640625 0.05546875 0.19296875
3 0.075 0.0203125 0.0265625 0.040625