1 0.26875 0.46171875 0.021875 0.09375
3 0.71875 0.4234375 0.02265625 0.08984375
3 0.64921875 0.44140625 0.021875 0.0859375
3 0.38359375 0.565625 0.02421875 0.0984375
2 0.603125 0.6671875 0.0234375 0.1015625
3 0.81796875 0.4796875 0.02421875 0.0890625
3 0.35703125 0.43828125 0.0234375 0.08046875
3 0.48671875 0.47109375 0.021875 0.090625
3 0.45 0.478125 0.02265625 0.08828125
3 0.30703125 0.3953125 0.0234375 0.0828125
3 0.35703125 0.5296875 0.0203125 0.090625
3 0.84609375 0.4859375 0.0234375 0.090625
3 0.53046875 0.64140625 0.02265625 0.0953125
3 0.54921875 0.640625 0.02265625 0.09140625
3 0.29921875 0.4640625 0.021875 0.08828125
3 0.48828125 0.55 0.02109375 0.096875
3 0.5015625 0.553125 0.01953125 0.1015625
2 0.37578125 0.09453125 0.01796875 0.06015625