3 0.028125 0.94453125 0.05546875 0.1109375
3 0.85703125 0.6203125 0.03828125 0.13203125
3 0.6125 0.91171875 0.0484375 0.1765625
3 0.36640625 0.65 0.03828125 0.14375
3 0.1625 0.7515625 0.04375 0.16484375
0 0.67109375 0.4296875 0.01484375 0.03125
3 0.3796875 0.42421875 0.03203125 0.09375
2 0.54453125 0.5796875 0.03203125 0.121875
3 0.609375 0.54453125 0.03203125 0.1140625
3 0.825 0.43359375 0.0359375 0.096875
3 0.29453125 0.5625 0.0328125 0.12890625
2 0.1625 0.41015625 0.03125 0.10546875
3 0.75078125 0.4859375 0.03203125 0.09921875
3 0.421875 0.4078125 0.02734375 0.08671875
3 0.75 0.75234375 0.03984375 0.1671875
3 0.44140625 0.415625 0.0265625 0.0953125