3 0.47890625 0.21015625 0.01640625 0.04609375
2 0.515625 0.35 0.015625 0.05859375
3 0.7140625 0.3859375 0.01875 0.06171875
3 0.55859375 0.371875 0.01796875 0.0578125
3 0.24375 0.4125 0.01796875 0.0578125
3 0.7546875 0.36171875 0.01875 0.06171875
3 0.74609375 0.446875 0.01796875 0.065625
1 0.14609375 0.20859375 0.01640625 0.0671875
3 0.33359375 0.30390625 0.01484375 0.05546875
3 0.6140625 0.5109375 0.0265625 0.06875
3 0.36953125 0.27421875 0.0171875 0.0515625
3 0.453125 0.27578125 0.01796875 0.05078125
3 0.403125 0.24375 0.01875 0.05390625
3 0.4203125 0.49921875 0.01953125 0.06328125
3 0.62265625 0.34296875 0.02265625 0.06171875
3 0.61015625 0.4046875 0.015625 0.0515625
3 0.24765625 0.353125 0.0171875 0.05859375
3 0.4453125 0.19921875 0.01640625 0.04296875
3 0.66328125 0.309375 0.0203125 0.05625
3 0.2328125 0.32421875 0.01796875 0.05546875
3 0.5296875 0.32421875 0.015625 0.0609375
0 0.6671875 0.37578125 0.0125 0.0296875
2 0.53125 0.1140625 0.0140625 0.04296875