3 0.546875 0.55078125 0.03671875 0.11875
3 0.14921875 0.55 0.04140625 0.1203125
3 0.653125 0.465625 0.03203125 0.109375
3 0.33359375 0.56484375 0.0328125 0.10546875
3 0.92578125 0.58359375 0.03046875 0.13671875
3 0.37734375 0.43359375 0.02890625 0.096875
2 0.39921875 0.47421875 0.0265625 0.10234375
3 0.80546875 0.36328125 0.03125 0.090625
3 0.109375 0.36484375 0.03046875 0.1
3 0.71640625 0.353125 0.0203125 0.0828125
3 0.921875 0.44140625 0.0234375 0.0921875
3 0.34765625 0.41875 0.02578125 0.10078125
3 0.921875 0.50625 0.025 0.1
2 0.15390625 0.22265625 0.021875 0.06015625
3 0.4890625 0.58359375 0.03515625 0.12578125
3 0.50859375 0.57734375 0.03046875 0.1203125
3 0.990625 0.73046875 0.01796875 0.16484375
0 0.5046875 0.478125 0.0140625 0.03828125