2 0.2109375 0.6703125 0.0375 0.13984375
3 0.74375 0.6359375 0.04765625 0.15234375
3 0.87421875 0.6375 0.04921875 0.159375
3 0.3359375 0.44921875 0.04140625 0.115625
3 0.578125 0.5203125 0.03828125 0.12578125
3 0.29609375 0.54765625 0.034375 0.1234375
3 0.61171875 0.484375 0.0328125 0.1203125
3 0.22734375 0.5453125 0.03046875 0.12890625
3 0.128125 0.521875 0.03203125 0.1296875
3 0.1046875 0.5171875 0.03046875 0.12578125
1 0.05625 0.4953125 0.03203125 0.12734375
3 0.18125 0.5671875 0.040625 0.128125
3 0.2 0.48046875 0.03046875 0.1046875
3 0.28984375 0.446875 0.0359375 0.0984375
3 0.0265625 0.5234375 0.03203125 0.1265625
3 0.1671875 0.55078125 0.03359375 0.128125
2 0.60546875 0.33125 0.02578125 0.078125