3 0.13515625 0.48984375 0.03046875 0.11875
3 0.44375 0.6890625 0.02578125 0.146875
3 0.575 0.496875 0.0234375 0.1234375
3 0.70546875 0.56796875 0.0328125 0.1171875
3 0.81484375 0.53125 0.0328125 0.115625
3 0.7296875 0.4578125 0.03203125 0.109375
3 0.646875 0.4515625 0.02890625 0.109375
3 0.63828125 0.396875 0.025 0.1015625
3 0.578125 0.38359375 0.0296875 0.09140625
3 0.50546875 0.453125 0.04140625 0.08203125
3 0.4546875 0.37421875 0.03203125 0.08203125
3 0.428125 0.44765625 0.0375 0.1046875
3 0.346875 0.490625 0.03359375 0.1140625
3 0.38984375 0.55078125 0.0359375 0.1015625
3 0.228125 0.38828125 0.025 0.1
2 0.25078125 0.42578125 0.03046875 0.09296875
0 0.38359375 0.490625 0.02578125 0.028125