0 0.21875 0.69375 0.02265625 0.03515625
2 0.24453125 0.1609375 0.0203125 0.05390625
2 0.6375 0.27578125 0.0234375 0.08828125
3 0.07265625 0.43046875 0.02890625 0.1203125
3 0.16953125 0.65390625 0.03984375 0.14375
3 0.19375 0.2546875 0.02890625 0.0953125
3 0.39921875 0.36484375 0.0328125 0.1125
3 0.453125 0.26875 0.02421875 0.08046875
3 0.52265625 0.1796875 0.01875 0.06640625
3 0.55859375 0.29609375 0.0234375 0.08046875
3 0.55 0.37421875 0.03046875 0.1
3 0.628125 0.21875 0.02421875 0.07265625
3 0.740625 0.43828125 0.02890625 0.1140625
3 0.83359375 0.6953125 0.0515625 0.146875
3 0.8046875 0.3421875 0.02421875 0.10625
3 0.74765625 0.1921875 0.02265625 0.07265625
3 0.821875 0.20859375 0.02578125 0.08359375
3 0.9875 0.31875 0.025 0.08828125