2 0.25234375 0.43515625 0.04375 0.0984375
3 0.84453125 0.62734375 0.053125 0.13359375
3 0.7953125 0.46953125 0.0546875 0.109375
3 0.0390625 0.44765625 0.05 0.1078125
3 0.6984375 0.59296875 0.0515625 0.121875
3 0.1078125 0.64765625 0.0625 0.12578125
3 0.21796875 0.2609375 0.028125 0.0625
3 0.25 0.578125 0.05703125 0.10859375
3 0.57421875 0.34453125 0.03515625 0.0890625
3 0.35625 0.2953125 0.0359375 0.07578125
3 0.51484375 0.365625 0.03359375 0.0828125
3 0.26875 0.37109375 0.0296875 0.0734375
1 0.98828125 0.309375 0.02265625 0.0921875
3 0.4703125 0.43125 0.03984375 0.09375