1 0.27890625 0.34609375 0.0328125 0.10625
2 0.63203125 0.68203125 0.02890625 0.1265625
3 0.67109375 0.35390625 0.0328125 0.10703125
3 0.8359375 0.49375 0.03046875 0.1078125
3 0.70625 0.3421875 0.02890625 0.11328125
3 0.8984375 0.496875 0.02890625 0.1140625
3 0.45234375 0.271875 0.025 0.08046875
3 0.2609375 0.425 0.0296875 0.10625
3 0.3328125 0.38046875 0.025 0.09921875
3 0.4328125 0.2984375 0.02421875 0.0953125
3 0.4953125 0.34375 0.02421875 0.09140625
3 0.36484375 0.3921875 0.02734375 0.09765625
3 0.57421875 0.35 0.0203125 0.08515625
3 0.31484375 0.35234375 0.02734375 0.09921875