3 0.46015625 0.60078125 0.04921875 0.1515625
3 0.30625 0.5 0.03671875 0.11328125
2 0.41640625 0.50390625 0.0328125 0.13359375
3 0.053125 0.396875 0.0328125 0.11171875
3 0.203125 0.3546875 0.02421875 0.08671875
3 0.4140625 0.34296875 0.0203125 0.07890625
2 0.10390625 0.3078125 0.03125 0.08515625
3 0.984375 0.48671875 0.03125 0.128125
3 0.55546875 0.365625 0.025 0.084375
3 0.021875 0.3921875 0.028125 0.09921875
3 0.71328125 0.421875 0.03203125 0.11015625
3 0.540625 0.40859375 0.02734375 0.10234375
3 0.2984375 0.44296875 0.02421875 0.1
3 0.72578125 0.3359375 0.021875 0.0921875
3 0.3859375 0.38984375 0.02421875 0.078125
3 0.38125 0.34453125 0.0203125 0.0734375