3 0.765625 0.525 0.03515625 0.11875
3 0.31640625 0.571875 0.046875 0.11484375
3 0.8265625 0.57265625 0.04140625 0.12109375
3 0.44140625 0.57265625 0.0390625 0.1125
3 0.615625 0.446875 0.03828125 0.09921875
3 0.4890625 0.503125 0.04609375 0.0859375
3 0.36484375 0.55390625 0.02734375 0.115625
3 0.4875 0.72109375 0.03671875 0.14765625
3 0.7046875 0.4171875 0.025 0.1
2 0.67421875 0.68828125 0.04609375 0.13984375
3 0.396875 0.61328125 0.03515625 0.1171875
3 0.48828125 0.58828125 0.0390625 0.10625
3 0.60078125 0.5703125 0.034375 0.096875
1 0.4359375 0.40625 0.02734375 0.09921875
3 0.72265625 0.43828125 0.02734375 0.10703125
3 0.59921875 0.6578125 0.02734375 0.1140625
0 0.58671875 0.60234375 0.0140625 0.03515625