3 0.4078125 0.38984375 0.0296875 0.10546875
3 0.596875 0.328125 0.0234375 0.084375
3 0.60625 0.6140625 0.03828125 0.15625
2 0.79375 0.45703125 0.034375 0.11875
3 0.36015625 0.5375 0.034375 0.134375
3 0.23046875 0.45 0.03515625 0.12421875
3 0.36875 0.4 0.034375 0.10078125
3 0.93046875 0.334375 0.0234375 0.0890625
3 0.77890625 0.3453125 0.02265625 0.090625
3 0.0484375 0.359375 0.0265625 0.10625
3 0.81796875 0.41171875 0.02890625 0.1140625
3 0.42578125 0.3125 0.02109375 0.0859375
3 0.7515625 0.3265625 0.02109375 0.08203125
2 0.0265625 0.30078125 0.0265625 0.09453125