3 0.09453125 0.30234375 0.02734375 0.08671875
3 0.459375 0.471875 0.034375 0.11796875
3 0.79296875 0.46875 0.03359375 0.11796875
3 0.5109375 0.74296875 0.0421875 0.1453125
3 0.715625 0.5078125 0.034375 0.11796875
3 0.52421875 0.34765625 0.0296875 0.0984375
3 0.27265625 0.5390625 0.03125 0.12578125
2 0.165625 0.42890625 0.0265625 0.1078125
3 0.7578125 0.7953125 0.0421875 0.1828125
3 0.16171875 0.31875 0.0234375 0.0828125
3 0.3921875 0.31171875 0.021875 0.0890625
3 0.690625 0.465625 0.025 0.10078125
3 0.6390625 0.38984375 0.0265625 0.10390625
1 0.5765625 0.29453125 0.02265625 0.08671875
3 0.425 0.75 0.0359375 0.15078125
3 0.6640625 0.396875 0.025 0.1046875
3 0.41015625 0.3125 0.021875 0.08828125
0 0.76640625 0.7234375 0.01796875 0.03671875