2 0.68046875 0.56484375 0.03828125 0.128125
3 0.47734375 0.40390625 0.02890625 0.10234375
3 0.5796875 0.63125 0.04296875 0.1296875
3 0.32890625 0.4484375 0.0296875 0.07578125
3 0.7765625 0.46328125 0.03671875 0.1125
3 0.29453125 0.5453125 0.0375 0.1234375
3 0.8625 0.47421875 0.03359375 0.10390625
3 0.3890625 0.4296875 0.028125 0.10390625
3 0.246875 0.678125 0.03828125 0.13125
3 0.5515625 0.49765625 0.03203125 0.11484375
1 0.37265625 0.37578125 0.021875 0.08984375
3 0.8984375 0.91171875 0.05390625 0.17265625
3 0.221875 0.68125 0.03046875 0.1328125
3 0.68359375 0.38046875 0.03203125 0.09375
0 0.3171875 0.58984375 0.01796875 0.03671875
2 0.89921875 0.2453125 0.040625 0.07421875