3 0.703125 0.490625 0.0375 0.125
3 0.64765625 0.478125 0.0484375 0.13671875
3 0.32734375 0.60859375 0.04609375 0.14296875
3 0.2484375 0.415625 0.0359375 0.12265625
1 0.92265625 0.4296875 0.03515625 0.13125
3 0.55546875 0.43125 0.0265625 0.09921875
3 0.37109375 0.47734375 0.03671875 0.14453125
3 0.5640625 0.48984375 0.0328125 0.13125
3 0.0421875 0.496875 0.0421875 0.146875
3 0.60078125 0.4984375 0.03125 0.1703125
3 0.8328125 0.475 0.04921875 0.11875
3 0.79140625 0.4859375 0.0359375 0.1234375
3 0.34140625 0.521875 0.03125 0.121875