3 0.665625 0.78359375 0.04140625 0.16484375
2 0.1671875 0.3109375 0.02890625 0.0796875
3 0.1015625 0.5875 0.0421875 0.14609375
3 0.2546875 0.44609375 0.03671875 0.1140625
3 0.39140625 0.44453125 0.0390625 0.10390625
3 0.02265625 0.525 0.034375 0.1359375
3 0.33046875 0.38203125 0.02734375 0.09609375
3 0.721875 0.36796875 0.0203125 0.08671875
3 0.86171875 0.5078125 0.03359375 0.11796875
2 0.525 0.4875 0.0328125 0.11796875
3 0.75390625 0.49765625 0.03046875 0.1125
3 0.2125 0.50859375 0.034375 0.11484375
3 0.93359375 0.4203125 0.0296875 0.10625
3 0.60078125 0.43359375 0.028125 0.08203125
3 0.3578125 0.396875 0.02734375 0.08671875
3 0.77421875 0.4421875 0.03046875 0.103125
3 0.93671875 0.36328125 0.021875 0.0703125
0 0.34453125 0.41015625 0.009375 0.01875