3 0.5734375 0.8296875 0.08671875 0.21484375
2 0.42578125 0.50625 0.046875 0.13203125
3 0.190625 0.353125 0.05390625 0.13515625
3 0.625 0.30859375 0.04453125 0.10703125
3 0.22265625 0.52578125 0.05390625 0.1640625
3 0.0703125 0.38984375 0.04765625 0.11171875
3 0.76015625 0.4390625 0.04765625 0.12578125
3 0.94765625 0.9421875 0.0734375 0.115625
3 0.83515625 0.31875 0.04296875 0.11875
3 0.06953125 0.484375 0.04921875 0.140625
3 0.36953125 0.3015625 0.04140625 0.10859375
3 0.4640625 0.44609375 0.04140625 0.121875
3 0.57421875 0.40078125 0.03984375 0.12734375
3 0.43203125 0.35234375 0.04296875 0.1265625
3 0.39609375 0.3015625 0.03125 0.10546875
0 0.60390625 0.45078125 0.015625 0.03671875