3 0.9296875 0.8703125 0.05 0.190625
3 0.6859375 0.36796875 0.0328125 0.10390625
3 0.91484375 0.37890625 0.028125 0.1046875
3 0.246875 0.5234375 0.03125 0.11484375
3 0.74765625 0.453125 0.03046875 0.11015625
3 0.3390625 0.48046875 0.0328125 0.115625
3 0.41015625 0.43359375 0.03203125 0.115625
3 0.49296875 0.52734375 0.03203125 0.1203125
3 0.4453125 0.64375 0.0375 0.15546875
3 0.85 0.34609375 0.02890625 0.103125
1 0.58359375 0.30390625 0.0234375 0.08125
3 0.31015625 0.4453125 0.02421875 0.09609375
2 0.86484375 0.575 0.03046875 0.1296875
3 0.49921875 0.65625 0.0328125 0.14375
3 0.1125 0.75546875 0.04375 0.15859375
0 0.1109375 0.7234375 0.02265625 0.03984375