3 0.8359375 0.42890625 0.04140625 0.090625
3 0.85546875 0.50078125 0.0484375 0.1203125
3 0.728125 0.5796875 0.059375 0.14375
2 0.5953125 0.55546875 0.04453125 0.1375
3 0.34296875 0.38984375 0.03359375 0.09375
3 0.2328125 0.49375 0.03671875 0.10859375
3 0.3359375 0.5390625 0.040625 0.121875
3 0.1859375 0.46875 0.03984375 0.11953125
3 0.7578125 0.4140625 0.04453125 0.09765625
3 0.16875 0.6 0.04921875 0.14609375
3 0.05859375 0.46015625 0.04296875 0.13125
3 0.5765625 0.8125 0.05625 0.1796875
3 0.2953125 0.49296875 0.0390625 0.11640625
3 0.2640625 0.403125 0.03359375 0.11484375
3 0.01640625 0.4984375 0.02890625 0.11875