3 0.60390625 0.48046875 0.03828125 0.1203125
3 0.31875 0.50390625 0.03359375 0.11328125
3 0.53359375 0.540625 0.03359375 0.11484375
3 0.4578125 0.75 0.059375 0.1515625
3 0.59140625 0.19765625 0.021875 0.07109375
3 0.2515625 0.26484375 0.02109375 0.08203125
3 0.840625 0.5859375 0.0421875 0.1390625
3 0.77265625 0.5453125 0.05078125 0.10234375
3 0.84765625 0.765625 0.0453125 0.15859375
3 0.26484375 0.40234375 0.025 0.1
3 0.78828125 0.2921875 0.0296875 0.09453125
3 0.72265625 0.6296875 0.0328125 0.13203125
3 0.71328125 0.2625 0.025 0.08671875
3 0.11171875 0.27578125 0.021875 0.08828125
3 0.53671875 0.27109375 0.02578125 0.07890625
3 0.5375 0.3390625 0.02578125 0.09140625
0 0.540625 0.615625 0.015625 0.03828125
3 0.3015625 0.409375 0.025 0.103125
2 0.05859375 0.15078125 0.01796875 0.0484375