3 0.68828125 0.67265625 0.04296875 0.15859375
3 0.54453125 0.53984375 0.0453125 0.128125
3 0.246875 0.51953125 0.0390625 0.1234375
3 0.96328125 0.49375 0.03359375 0.11171875
3 0.10625 0.5234375 0.0359375 0.13828125
2 0.48203125 0.5171875 0.0265625 0.11171875
3 0.8578125 0.50390625 0.03984375 0.12734375
3 0.40625 0.42265625 0.02890625 0.10859375
3 0.89921875 0.50078125 0.03515625 0.13359375
2 0.48359375 0.32109375 0.028125 0.0890625
3 0.4734375 0.5796875 0.04140625 0.1265625
3 0.55546875 0.38359375 0.028125 0.0984375
3 0.44296875 0.4796875 0.0359375 0.11171875
3 0.28515625 0.39296875 0.0296875 0.1
3 0.2 0.4265625 0.0328125 0.11953125
3 0.26484375 0.384375 0.0203125 0.10234375
3 0.78515625 0.34609375 0.03203125 0.0859375