3 0.2640625 0.3421875 0.03046875 0.0734375
3 0.034375 0.83125 0.0484375 0.1765625
3 0.31484375 0.3609375 0.028125 0.07890625
3 0.409375 0.46796875 0.02890625 0.10625
3 0.80625 0.378125 0.028125 0.10390625
3 0.13515625 0.50625 0.03203125 0.11640625
3 0.84921875 0.50625 0.034375 0.121875
2 0.33984375 0.54296875 0.0359375 0.1203125
3 0.72421875 0.384375 0.02734375 0.0953125
3 0.54765625 0.3328125 0.02109375 0.07578125
3 0.0953125 0.50078125 0.0296875 0.12109375
3 0.75078125 0.5234375 0.03203125 0.125
3 0.628125 0.57109375 0.03046875 0.12734375
2 0.12109375 0.3 0.03125 0.07578125
3 0.3140625 0.30703125 0.02578125 0.06875
3 0.32890625 0.70078125 0.034375 0.15078125