3 0.93046875 0.58828125 0.04921875 0.15078125
3 0.22265625 0.53125 0.053125 0.12421875
2 0.28046875 0.41640625 0.04375 0.11484375
1 0.94375 0.346875 0.03515625 0.10234375
3 0.7703125 0.584375 0.05078125 0.15390625
3 0.4921875 0.3640625 0.0453125 0.11015625
3 0.753125 0.4171875 0.0515625 0.121875
3 0.39453125 0.4203125 0.04140625 0.10859375
3 0.35625 0.38203125 0.0375 0.1046875
3 0.834375 0.35859375 0.046875 0.10859375
3 0.5640625 0.346875 0.04921875 0.1109375
3 0.015625 0.9671875 0.03125 0.065625
3 0.25703125 0.96875 0.06484375 0.0625
0 0.45234375 0.36953125 0.009375 0.0234375