2 0.49140625 0.57109375 0.03203125 0.11171875
3 0.0921875 0.62734375 0.04375 0.14140625
3 0.14765625 0.50625 0.0328125 0.121875
3 0.490625 0.47734375 0.02890625 0.09921875
3 0.875 0.5015625 0.040625 0.11640625
3 0.75390625 0.41875 0.0328125 0.090625
3 0.61328125 0.55703125 0.04296875 0.10078125
3 0.634375 0.3984375 0.028125 0.084375
3 0.22578125 0.4265625 0.03125 0.10703125
3 0.65 0.4703125 0.03203125 0.0828125
3 0.35625 0.68671875 0.03359375 0.125
3 0.4484375 0.4375 0.03671875 0.1
3 0.38359375 0.63046875 0.02890625 0.125
3 0.990625 0.4890625 0.01875 0.115625
0 0.540625 0.4453125 0.01171875 0.02421875
2 0.296875 0.3125 0.02734375 0.06640625