3 0.0609375 0.6265625 0.03828125 0.12734375
1 0.16796875 0.4421875 0.0234375 0.090625
3 0.1046875 0.59453125 0.028125 0.121875
2 0.35390625 0.565625 0.0296875 0.10625
3 0.909375 0.47265625 0.0234375 0.09140625
3 0.8125 0.48125 0.02421875 0.09375
3 0.515625 0.515625 0.025 0.10234375
3 0.65234375 0.44609375 0.02265625 0.0921875
3 0.3890625 0.55234375 0.025 0.09609375
3 0.2125 0.57109375 0.02578125 0.109375
3 0.33671875 0.51015625 0.02421875 0.09921875
0 0.865625 0.49375 0.01171875 0.0203125
3 0.29140625 0.5296875 0.02578125 0.10078125
3 0.4265625 0.475 0.0203125 0.0984375
3 0.25 0.54296875 0.02421875 0.1078125
3 0.3734375 0.4875 0.0203125 0.0984375
3 0.2265625 0.5515625 0.021875 0.1
3 0.38671875 0.484375 0.01796875 0.08984375
3 0.40625 0.48359375 0.01953125 0.09609375
3 0.27890625 0.53125 0.02421875 0.103125
2 0.71171875 0.32421875 0.021875 0.0609375