3 0.15546875 0.7765625 0.059375 0.19296875
1 0.16953125 0.203125 0.03359375 0.11328125
3 0.1671875 0.51796875 0.0421875 0.15859375
3 0.465625 0.4203125 0.04140625 0.13359375
3 0.3984375 0.534375 0.04375 0.1578125
3 0.5203125 0.41484375 0.03515625 0.134375
3 0.6953125 0.4953125 0.05703125 0.14453125
3 0.246875 0.44375 0.0359375 0.16796875
3 0.77265625 0.44453125 0.05546875 0.12578125
3 0.45 0.5375 0.0359375 0.1625
3 0.2359375 0.82734375 0.05390625 0.20546875
3 0.28203125 0.35 0.03203125 0.140625
3 0.5921875 0.396875 0.0484375 0.08515625
3 0.5671875 0.37578125 0.034375 0.12109375
0 0.77265625 0.3171875 0.0125 0.01875