3 0.29140625 0.66875 0.0671875 0.171875
1 0.03671875 0.09140625 0.03359375 0.0828125
3 0.090625 0.284375 0.0421875 0.1234375
3 0.77109375 0.13359375 0.03515625 0.09453125
3 0.2015625 0.36015625 0.04296875 0.12578125
3 0.34140625 0.259375 0.03984375 0.10078125
3 0.09921875 0.45078125 0.05 0.153125
3 0.48046875 0.26171875 0.03671875 0.09765625
3 0.265625 0.21875 0.0375 0.09609375
3 0.50078125 0.49375 0.0484375 0.11640625
3 0.4953125 0.6296875 0.05625 0.13984375
3 0.54765625 0.38125 0.04921875 0.10625
3 0.321875 0.34453125 0.03359375 0.09453125
3 0.6171875 0.2859375 0.034375 0.10703125
3 0.271875 0.31875 0.0328125 0.11953125
2 0.32109375 0.4390625 0.040625 0.121875
3 0.2359375 0.89609375 0.0515625 0.1203125
0 0.4625 0.33515625 0.0140625 0.01875