3 0.19921875 0.721875 0.05703125 0.1640625
2 0.50859375 0.5734375 0.03203125 0.13515625
3 0.68515625 0.590625 0.04296875 0.13515625
3 0.22578125 0.5234375 0.03671875 0.12734375
3 0.1265625 0.65234375 0.03828125 0.14765625
3 0.371875 0.4421875 0.040625 0.10703125
3 0.44921875 0.459375 0.0359375 0.10078125
3 0.696875 0.40703125 0.03125 0.103125
3 0.8921875 0.47578125 0.03828125 0.1109375
3 0.9859375 0.5421875 0.028125 0.128125
3 0.7203125 0.48046875 0.0375 0.1046875
3 0.51171875 0.38046875 0.03125 0.0921875
2 0.52421875 0.30546875 0.03046875 0.06640625