3 0.22265625 0.55703125 0.05390625 0.12578125
3 0.059375 0.44140625 0.03984375 0.11953125
3 0.4125 0.52890625 0.05546875 0.115625
3 0.88828125 0.5375 0.04296875 0.11640625
3 0.91328125 0.4171875 0.03828125 0.1015625
3 0.7578125 0.4125 0.03828125 0.1109375
3 0.94296875 0.87109375 0.06171875 0.20859375
3 0.49765625 0.45703125 0.04375 0.11171875
3 0.79453125 0.7125 0.0578125 0.15234375
3 0.803125 0.2796875 0.02421875 0.08046875
3 0.29296875 0.3171875 0.02734375 0.08671875
0 0.26953125 0.23828125 0.0109375 0.02421875
3 0.16328125 0.3625 0.025 0.09453125
3 0.3234375 0.34375 0.03203125 0.0828125
3 0.16875 0.42890625 0.03671875 0.09375
2 0.54296875 0.49921875 0.0453125 0.11875
3 0.52734375 0.3640625 0.0421875 0.1015625