3 0.35703125 0.85390625 0.04921875 0.20546875
2 0.253125 0.428125 0.03125 0.1265625
2 0.22109375 0.16953125 0.02890625 0.0703125
3 0.15390625 0.61953125 0.0421875 0.1515625
3 0.39375 0.28515625 0.0265625 0.09453125
3 0.12109375 0.2390625 0.028125 0.08671875
3 0.49140625 0.3125 0.0265625 0.08515625
3 0.34765625 0.4203125 0.03203125 0.109375
3 0.8484375 0.465625 0.04453125 0.1171875
3 0.8390625 0.31328125 0.03046875 0.1125
3 0.33046875 0.3390625 0.03125 0.09921875
3 0.1640625 0.3375 0.0296875 0.09609375
3 0.16484375 0.23359375 0.0265625 0.08046875
3 0.48359375 0.19609375 0.02265625 0.07734375
3 0.02890625 0.29375 0.02421875 0.084375
3 0.4875 0.4015625 0.028125 0.1171875
3 0.0265625 0.35625 0.0265625 0.09921875
0 0.80703125 0.5109375 0.01328125 0.02890625