3 0.76875 0.54375 0.034375 0.11953125
2 0.35625 0.43671875 0.0265625 0.103125
3 0.240625 0.42421875 0.034375 0.1015625
3 0.0625 0.49609375 0.03046875 0.11640625
3 0.7921875 0.4953125 0.0328125 0.12265625
3 0.33984375 0.715625 0.03984375 0.1625
3 0.78515625 0.690625 0.040625 0.14375
3 0.04453125 0.62890625 0.03046875 0.13125
3 0.3109375 0.39140625 0.02734375 0.09375
3 0.20546875 0.3578125 0.021875 0.0875
3 0.49296875 0.3828125 0.021875 0.0890625
3 0.46171875 0.38359375 0.0203125 0.0921875
3 0.47265625 0.38828125 0.02578125 0.0890625