3 0.6984375 0.86875 0.0484375 0.10546875
3 0.92578125 0.24765625 0.0265625 0.09453125
3 0.77890625 0.4234375 0.034375 0.10234375
3 0.821875 0.71171875 0.03671875 0.1390625
3 0.65078125 0.28125 0.03359375 0.103125
3 0.15703125 0.3078125 0.03203125 0.084375
3 0.3390625 0.34765625 0.02890625 0.1046875
3 0.8046875 0.05859375 0.021875 0.08125
3 0.546875 0.79140625 0.03515625 0.14921875
3 0.64375 0.06953125 0.0203125 0.075
3 0.89453125 0.0234375 0.0234375 0.046875
3 0.40078125 0.0296875 0.02421875 0.059375
3 0.3484375 0.6171875 0.03203125 0.09921875
2 0.83984375 0.35703125 0.03671875 0.1078125
3 0.446875 0.3703125 0.025 0.08359375
1 0.39453125 0.60390625 0.0296875 0.11328125