3 0.084375 0.553125 0.0390625 0.10234375
3 0.503125 0.2578125 0.01875 0.08046875
2 0.253125 0.24296875 0.0203125 0.07890625
3 0.28046875 0.5046875 0.02109375 0.10078125
3 0.20390625 0.2140625 0.0203125 0.07421875
3 0.2984375 0.21484375 0.01953125 0.0796875
3 0.5484375 0.4171875 0.0203125 0.08671875
3 0.25078125 0.51484375 0.02578125 0.11875
1 0.609375 0.3875 0.01328125 0.0640625
3 0.3765625 0.43203125 0.0203125 0.08984375
3 0.4 0.4375 0.02265625 0.096875
3 0.6109375 0.43046875 0.0203125 0.0859375
3 0.34375 0.4375 0.025 0.10546875
3 0.43125 0.421875 0.02265625 0.10859375
3 0.58984375 0.3671875 0.01953125 0.06875
3 0.43984375 0.4375 0.01796875 0.0875
3 0.67578125 0.44296875 0.0203125 0.09453125
3 0.48125 0.04921875 0.01328125 0.05625
3 0.20390625 0.12578125 0.0234375 0.0671875
1 0.60546875 0.37890625 0.015625 0.05546875