3 0.0234375 0.36015625 0.034375 0.109375
3 0.0796875 0.38359375 0.02421875 0.115625
3 0.11953125 0.49453125 0.02890625 0.1375
3 0.040625 0.66875 0.04921875 0.15
3 0.17265625 0.5265625 0.0296875 0.1296875
3 0.2359375 0.78828125 0.03828125 0.17265625
3 0.30546875 0.4875 0.034375 0.1328125
3 0.4015625 0.47109375 0.03671875 0.134375
3 0.44921875 0.4609375 0.03359375 0.121875
3 0.4828125 0.4171875 0.034375 0.1125
3 0.5328125 0.4140625 0.03046875 0.09375
3 0.54375 0.40859375 0.025 0.07109375
0 0.53046875 0.321875 0.01640625 0.03203125
1 0.78671875 0.4390625 0.0359375 0.134375