3 0.103125 0.58828125 0.015625 0.03359375
0 0.7375 0.5125 0.0234375 0.08671875
3 0.7875 0.51171875 0.02421875 0.08515625
3 0.6453125 0.4375 0.0171875 0.059375
3 0.671875 0.4453125 0.0171875 0.0671875
3 0.73203125 0.42890625 0.0171875 0.0671875
3 0.80703125 0.453125 0.02109375 0.06875
3 0.6953125 0.4265625 0.01171875 0.06171875
3 0.83203125 0.45703125 0.01796875 0.06796875
3 0.85 0.46328125 0.0203125 0.07265625
3 0.8828125 0.43515625 0.01171875 0.075
3 0.89765625 0.440625 0.01796875 0.06484375
3 0.903125 0.41171875 0.015625 0.06484375