3 0.1265625 0.54296875 0.0546875 0.1421875
3 0.18515625 0.709375 0.04375 0.140625
3 0.2515625 0.74375 0.040625 0.1484375
3 0.2484375 0.44140625 0.03359375 0.1265625
3 0.38359375 0.33671875 0.03203125 0.0953125
3 0.46640625 0.41796875 0.03125 0.1046875
3 0.49375 0.34453125 0.021875 0.08828125
3 0.56328125 0.5546875 0.03359375 0.11875
3 0.6390625 0.4453125 0.02578125 0.09140625
3 0.6328125 0.3359375 0.02265625 0.07578125
3 0.78515625 0.34765625 0.03046875 0.096875
3 0.83515625 0.55078125 0.03203125 0.1453125
3 0.75546875 0.62734375 0.03125 0.1375
3 0.91953125 0.45546875 0.0328125 0.1046875
3 0.946875 0.4453125 0.02890625 0.115625
0 0.38515625 0.040625 0.025 0.03515625
2 0.6828125 0.3828125 0.03046875 0.08359375