3 0.4484375 0.4609375 0.0359375 0.10546875
3 0.95078125 0.575 0.04609375 0.125
3 0.9046875 0.33125 0.04921875 0.09609375
3 0.05703125 0.4578125 0.034375 0.10078125
3 0.284375 0.63359375 0.04375 0.13828125
3 0.10390625 0.42734375 0.0390625 0.09765625
3 0.615625 0.31171875 0.02890625 0.07421875
3 0.16328125 0.315625 0.03203125 0.07265625
3 0.57578125 0.359375 0.040625 0.1015625
3 0.67265625 0.55625 0.025 0.10078125
3 0.7625 0.73203125 0.05234375 0.153125
0 0.32734375 0.06640625 0.01953125 0.02734375
3 0.703125 0.53359375 0.028125 0.1046875