1 0.79609375 0.34921875 0.02578125 0.08515625
2 0.0484375 0.41640625 0.0296875 0.08671875
3 0.10390625 0.5828125 0.04453125 0.11875
3 0.11953125 0.33203125 0.02421875 0.08671875
3 0.16953125 0.42265625 0.0265625 0.08984375
3 0.2296875 0.296875 0.02421875 0.07265625
3 0.29296875 0.3078125 0.03046875 0.07578125
3 0.35 0.409375 0.02578125 0.09140625
3 0.37734375 0.32578125 0.02890625 0.06484375
3 0.38984375 0.434375 0.03046875 0.09140625
3 0.42109375 0.35625 0.0375 0.1015625
3 0.4625 0.39765625 0.040625 0.09140625
3 0.66328125 0.4609375 0.0359375 0.08203125
3 0.73515625 0.5515625 0.040625 0.09375
3 0.9328125 0.6421875 0.0484375 0.1171875