3 0.56953125 0.434375 0.03515625 0.11328125
3 0.9734375 0.54296875 0.04296875 0.1375
3 0.14296875 0.47109375 0.0375 0.1296875
3 0.37734375 0.38515625 0.028125 0.09453125
3 0.83671875 0.43515625 0.0421875 0.125
3 0.175 0.3625 0.025 0.096875
3 0.596875 0.32265625 0.02265625 0.0828125
3 0.4296875 0.64921875 0.0359375 0.16015625
3 0.390625 0.321875 0.02265625 0.084375
2 0.203125 0.2953125 0.02890625 0.07734375
3 0.4046875 0.48046875 0.025 0.1140625
3 0.45390625 0.37734375 0.028125 0.103125
2 0.371875 0.51875 0.02890625 0.12734375
3 0.965625 0.390625 0.02890625 0.109375
3 0.06796875 0.521875 0.034375 0.12890625
3 0.98515625 0.38046875 0.02265625 0.10390625
3 0.37890625 0.48125 0.025 0.11328125