3 0.7796875 0.6515625 0.06640625 0.1828125
3 0.09375 0.46171875 0.05625 0.1421875
3 0.7390625 0.4234375 0.059375 0.1390625
3 0.2375 0.353125 0.046875 0.12265625
3 0.33203125 0.51484375 0.0546875 0.14296875
3 0.671875 0.42734375 0.05234375 0.13828125
2 0.15390625 0.4375 0.0453125 0.1296875
3 0.4828125 0.315625 0.025 0.09375
3 0.60625 0.43203125 0.053125 0.14921875
3 0.9765625 0.6578125 0.046875 0.184375
3 0.16875 0.35546875 0.03984375 0.1
3 0.1734375 0.8078125 0.05 0.1296875
0 0.45625 0.33203125 0.009375 0.01328125
3 0.16328125 0.528125 0.03125 0.1421875