3 0.12578125 0.37265625 0.0359375 0.125
3 0.3421875 0.2828125 0.03046875 0.09140625
3 0.2921875 0.46015625 0.0375 0.1140625
3 0.35703125 0.5625 0.03046875 0.134375
3 0.44765625 0.446875 0.05546875 0.109375
3 0.48203125 0.36640625 0.0390625 0.096875
3 0.5828125 0.2578125 0.03046875 0.08984375
3 0.6109375 0.34375 0.040625 0.07578125
3 0.65390625 0.3375 0.0234375 0.08828125
3 0.72734375 0.44375 0.03671875 0.109375
3 0.7453125 0.40078125 0.04375 0.096875
2 0.2390625 0.24140625 0.0359375 0.09140625
2 0.3765625 0.5078125 0.03671875 0.1421875
0 0.63984375 0.365625 0.01640625 0.028125