0 0.16328125 0.70625 0.01484375 0.0296875
1 0.5640625 0.3265625 0.03359375 0.08203125
2 0.703125 0.57265625 0.0296875 0.1296875
3 0.1453125 0.66484375 0.0328125 0.1328125
3 0.159375 0.60390625 0.025 0.125
3 0.23203125 0.57734375 0.0515625 0.1203125
3 0.26640625 0.54609375 0.03125 0.1140625
3 0.40546875 0.5890625 0.034375 0.115625
3 0.5609375 0.69140625 0.03359375 0.15703125
3 0.62734375 0.3921875 0.02578125 0.0984375
3 0.7640625 0.4765625 0.03828125 0.0953125
3 0.73515625 0.4390625 0.0296875 0.09140625
3 0.73359375 0.365625 0.025 0.08359375
3 0.76796875 0.36640625 0.025 0.09375
3 0.78046875 0.34296875 0.021875 0.09296875
3 0.90625 0.528125 0.03828125 0.1203125
3 0.95234375 0.34375 0.03671875 0.09296875