2 0.55234375 0.52890625 0.0328125 0.11171875
3 0.4484375 0.7734375 0.0453125 0.165625
3 0.66171875 0.54453125 0.0421875 0.121875
3 0.21953125 0.5875 0.03828125 0.1359375
3 0.365625 0.5671875 0.0328125 0.12265625
3 0.38828125 0.421875 0.03125 0.10703125
3 0.96171875 0.6453125 0.03671875 0.14609375
3 0.91328125 0.4546875 0.03046875 0.10859375
3 0.615625 0.3578125 0.02890625 0.08984375
3 0.70390625 0.46328125 0.03203125 0.10546875
3 0.31484375 0.4734375 0.03671875 0.11328125
3 0.528125 0.334375 0.0234375 0.07890625
3 0.87578125 0.37578125 0.02890625 0.08671875
3 0.74453125 0.340625 0.0234375 0.071875
3 0.32421875 0.44375 0.0234375 0.0796875
2 0.58203125 0.29296875 0.02734375 0.0734375