1 0.3140625 0.38046875 0.02109375 0.09375
2 0.55 0.6453125 0.025 0.1140625
3 0.259375 0.465625 0.025 0.09140625
3 0.28046875 0.34765625 0.01796875 0.07890625
3 0.30390625 0.4765625 0.02421875 0.07109375
3 0.35234375 0.5640625 0.02421875 0.1
3 0.3859375 0.37734375 0.021875 0.08828125
3 0.475 0.346875 0.02265625 0.08984375
3 0.45078125 0.39921875 0.0234375 0.09375
3 0.4953125 0.40859375 0.0296875 0.0953125
3 0.565625 0.40625 0.01875 0.06796875
3 0.58984375 0.36953125 0.01640625 0.096875
3 0.61171875 0.3796875 0.02109375 0.0953125
3 0.74140625 0.44296875 0.021875 0.1046875
3 0.77109375 0.4765625 0.02421875 0.09296875
3 0.815625 0.38984375 0.03203125 0.103125
3 0.8484375 0.64453125 0.03671875 0.109375
3 0.91171875 0.41484375 0.0296875 0.0953125