3 0.41484375 0.91875 0.0453125 0.1625
3 0.021875 0.42890625 0.02890625 0.11015625
3 0.87578125 0.61171875 0.04375 0.15390625
3 0.44609375 0.38671875 0.02734375 0.09921875
3 0.3484375 0.4015625 0.02890625 0.10078125
3 0.82578125 0.415625 0.0265625 0.1015625
3 0.2125 0.4015625 0.02421875 0.10546875
3 0.4171875 0.334375 0.02109375 0.071875
3 0.62578125 0.371875 0.028125 0.09140625
3 0.83125 0.34453125 0.02265625 0.0890625
3 0.978125 0.3546875 0.025 0.1015625
3 0.6671875 0.4078125 0.01953125 0.10859375
3 0.57734375 0.33828125 0.025 0.0859375
2 0.65234375 0.42109375 0.025 0.1046875