0 0.41796875 0.24453125 0.01484375 0.03828125
3 0.03359375 0.3765625 0.03359375 0.1140625
3 0.2609375 0.321875 0.02578125 0.09140625
3 0.3328125 0.55546875 0.0484375 0.1328125
3 0.31796875 0.409375 0.0265625 0.103125
3 0.3390625 0.3609375 0.034375 0.1046875
3 0.39296875 0.3484375 0.03203125 0.08671875
3 0.41171875 0.4109375 0.0265625 0.10625
3 0.47421875 0.37890625 0.03203125 0.10625
3 0.4515625 0.3171875 0.03125 0.08203125
3 0.559375 0.3171875 0.04765625 0.08828125
3 0.634375 0.55625 0.03203125 0.146875
3 0.63828125 0.384375 0.028125 0.1109375
3 0.65625 0.36640625 0.02578125 0.109375
3 0.69140625 0.33828125 0.0265625 0.0984375
3 0.93671875 0.4 0.03046875 0.1234375
3 0.87421875 0.33359375 0.02890625 0.1109375
2 0.56328125 0.4328125 0.040625 0.125