1 0.05703125 0.303125 0.0515625 0.10390625
2 0.56640625 0.48203125 0.04296875 0.11953125
3 0.6546875 0.35390625 0.0234375 0.1140625
3 0.25390625 0.50078125 0.0453125 0.125
3 0.48671875 0.29765625 0.03984375 0.096875
3 0.3015625 0.30390625 0.02890625 0.10234375
3 0.5453125 0.3609375 0.04375 0.11640625
3 0.13671875 0.4484375 0.05078125 0.1328125
3 0.221875 0.35546875 0.05234375 0.125
3 0.77890625 0.28828125 0.03984375 0.0984375
3 0.6953125 0.31953125 0.0453125 0.109375
3 0.86953125 0.30546875 0.040625 0.103125
3 0.2265625 0.8265625 0.05625 0.17734375
3 0.54375 0.55546875 0.0453125 0.13125
3 0.9859375 0.4984375 0.02734375 0.13671875
3 0.36953125 0.3140625 0.04765625 0.0953125
0 0.32109375 0.31953125 0.01796875 0.021875