3 0.92265625 0.90625 0.065625 0.1875
3 0.21015625 0.91640625 0.0609375 0.1671875
2 0.23046875 0.325 0.0296875 0.0875
3 0.31640625 0.4671875 0.034375 0.1265625
3 0.0484375 0.6484375 0.0484375 0.159375
3 0.90859375 0.4734375 0.03515625 0.11796875
3 0.1203125 0.43984375 0.03359375 0.1234375
3 0.178125 0.51953125 0.0390625 0.13359375
3 0.2703125 0.4671875 0.03359375 0.1203125
3 0.96328125 0.41875 0.028125 0.10546875
3 0.91640625 0.3546875 0.02265625 0.08984375
0 0.60546875 0.36953125 0.0125 0.02109375
3 0.409375 0.359375 0.028125 0.084375
3 0.57421875 0.34375 0.03515625 0.07265625
2 0.66796875 0.47890625 0.0328125 0.121875
3 0.59921875 0.34296875 0.0265625 0.07109375
3 0.01015625 0.821875 0.01953125 0.18515625