3 0.396875 0.9546875 0.06171875 0.08984375
3 0.6875 0.49375 0.034375 0.1171875
3 0.4703125 0.5296875 0.034375 0.12890625
3 0.93671875 0.4625 0.0328125 0.125
3 0.1109375 0.409375 0.03515625 0.115625
3 0.9484375 0.6453125 0.034375 0.1375
2 0.76875 0.42421875 0.02890625 0.11328125
3 0.7109375 0.3734375 0.0265625 0.09609375
3 0.79140625 0.3921875 0.025 0.096875
3 0.86171875 0.3421875 0.02578125 0.08828125
3 0.64921875 0.3453125 0.02421875 0.096875
3 0.57421875 0.41796875 0.02890625 0.1046875
2 0.21953125 0.29453125 0.0328125 0.0890625
3 0.9375 0.38515625 0.03046875 0.09765625
3 0.4765625 0.371875 0.02890625 0.12109375
3 0.58203125 0.30234375 0.02734375 0.08671875
3 0.79609375 0.31953125 0.03046875 0.08046875
0 0.234375 0.45 0.0140625 0.028125