3 0.78828125 0.4390625 0.03359375 0.13203125
1 0.40078125 0.36328125 0.03359375 0.09453125
3 0.93125 0.54296875 0.046875 0.15
3 0.946875 0.42109375 0.03671875 0.1390625
3 0.8140625 0.38046875 0.03125 0.11328125
2 0.58671875 0.57109375 0.05703125 0.15390625
3 0.24609375 0.55546875 0.0421875 0.15390625
3 0.61484375 0.39375 0.01796875 0.12265625
3 0.603125 0.4953125 0.0375 0.1375
3 0.54609375 0.7265625 0.0515625 0.19765625
3 0.35859375 0.4671875 0.03203125 0.1125
3 0.35078125 0.434375 0.0484375 0.09140625
0 0.3890625 0.51015625 0.0140625 0.03203125