3 0.328125 0.6609375 0.0484375 0.15078125
2 0.2234375 0.4703125 0.0359375 0.11171875
3 0.271875 0.53671875 0.0515625 0.1234375
3 0.7484375 0.6234375 0.040625 0.15
3 0.07109375 0.50859375 0.04296875 0.12890625
3 0.66015625 0.51640625 0.03984375 0.140625
3 0.303125 0.375 0.03515625 0.0953125
3 0.45390625 0.371875 0.034375 0.096875
3 0.36875 0.40546875 0.03203125 0.1015625
3 0.2359375 0.38046875 0.02265625 0.09296875
3 0.2625 0.41796875 0.02578125 0.10390625
3 0.42421875 0.4109375 0.03515625 0.09609375
3 0.396875 0.35625 0.028125 0.08046875