3 0.32109375 0.60390625 0.0359375 0.115625
3 0.36953125 0.3609375 0.021875 0.0765625
2 0.1 0.56875 0.034375 0.12578125
3 0.5796875 0.42578125 0.0265625 0.0796875
3 0.1359375 0.3234375 0.02578125 0.08046875
3 0.4953125 0.56328125 0.0375 0.09921875
3 0.5359375 0.44765625 0.03125 0.103125
3 0.04609375 0.453125 0.02890625 0.109375
3 0.77109375 0.3890625 0.02421875 0.09140625
3 0.4625 0.30546875 0.01953125 0.0765625
3 0.52734375 0.93359375 0.08125 0.1328125
0 0.746875 0.4328125 0.01328125 0.02890625
3 0.98515625 0.65390625 0.0296875 0.1453125
3 0.00859375 0.665625 0.0171875 0.12109375