3 0.81875 0.4953125 0.04296875 0.1203125
3 0.17421875 0.540625 0.04296875 0.115625
2 0.74296875 0.6140625 0.03671875 0.15234375
3 0.459375 0.70703125 0.0390625 0.15390625
3 0.28359375 0.6359375 0.04453125 0.14453125
3 0.23046875 0.5453125 0.0375 0.115625
3 0.62578125 0.503125 0.03203125 0.11484375
3 0.815625 0.353125 0.025 0.0953125
3 0.10625 0.7546875 0.04609375 0.1703125
3 0.46015625 0.478125 0.0296875 0.11796875
3 0.62109375 0.41640625 0.028125 0.1046875
1 0.49765625 0.30703125 0.0265625 0.08203125
1 0.11953125 0.72890625 0.02265625 0.04765625