3 0.57734375 0.69375 0.04453125 0.1484375
3 0.16640625 0.63125 0.040625 0.1546875
3 0.646875 0.50703125 0.0296875 0.11953125
3 0.7359375 0.52734375 0.0328125 0.11875
3 0.6765625 0.59296875 0.0390625 0.1296875
3 0.6921875 0.46484375 0.02734375 0.1296875
3 0.3546875 0.3796875 0.0265625 0.078125
2 0.34921875 0.58359375 0.040625 0.13828125
3 0.85625 0.534375 0.04140625 0.1578125
3 0.45703125 0.390625 0.02890625 0.09453125
1 0.95 0.50390625 0.040625 0.128125
0 0.34609375 0.39921875 0.0109375 0.0203125