3 0.540625 0.4625 0.02109375 0.0765625
3 0.93125 0.4546875 0.03203125 0.084375
3 0.20234375 0.4328125 0.02421875 0.075
3 0.84140625 0.40234375 0.02109375 0.0671875
3 0.68046875 0.47265625 0.0203125 0.07265625
3 0.91015625 0.72734375 0.0375 0.12421875
3 0.0453125 0.56015625 0.03203125 0.11171875
3 0.76328125 0.4828125 0.025 0.08515625
3 0.93515625 0.675 0.034375 0.1125
2 0.790625 0.4546875 0.028125 0.08046875
3 0.4125 0.4078125 0.025 0.06953125
3 0.93828125 0.546875 0.0265625 0.1078125
3 0.3765625 0.50859375 0.02734375 0.090625
3 0.98984375 0.52109375 0.0171875 0.09765625
3 0.6375 0.43515625 0.021875 0.07890625
3 0.35390625 0.40625 0.01875 0.065625
3 0.625 0.42265625 0.0203125 0.0640625
3 0.3515625 0.46953125 0.0203125 0.08203125
2 0.35234375 0.334375 0.025 0.0609375
0 0.4453125 0.45546875 0.015625 0.025