3 0.93046875 0.4390625 0.046875 0.1390625
2 0.040625 0.3921875 0.0390625 0.12265625
3 0.08359375 0.4546875 0.040625 0.11875
3 0.17890625 0.19921875 0.03046875 0.08515625
3 0.046875 0.16328125 0.02421875 0.0859375
3 0.11015625 0.959375 0.053125 0.07890625
3 0.48515625 0.26328125 0.02578125 0.0921875
3 0.725 0.4765625 0.040625 0.13984375
3 0.5578125 0.66015625 0.07109375 0.18125
3 0.42421875 0.18203125 0.02265625 0.08359375
3 0.63828125 0.15078125 0.02265625 0.084375
3 0.35078125 0.3 0.03046875 0.1046875
3 0.084375 0.08046875 0.02265625 0.07421875