3 0.6546875 0.47890625 0.0546875 0.0921875
2 0.20390625 0.48359375 0.0390625 0.103125
3 0.865625 0.3796875 0.04765625 0.10078125
3 0.43203125 0.45625 0.03359375 0.09765625
3 0.515625 0.40546875 0.02890625 0.0984375
3 0.31875 0.38671875 0.028125 0.0984375
3 0.35234375 0.471875 0.0296875 0.10546875
3 0.3453125 0.6359375 0.034375 0.1265625
3 0.3640625 0.3125 0.02421875 0.071875
3 0.82265625 0.49375 0.03828125 0.10859375
3 0.753125 0.77421875 0.053125 0.17265625
3 0.40625 0.259375 0.02265625 0.065625
0 0.7421875 0.49453125 0.0140625 0.028125
3 0.05078125 0.37890625 0.02421875 0.09375
3 0.4484375 0.41796875 0.025 0.09375
3 0.03984375 0.35 0.03125 0.09765625