0 0.3015625 0.446875 0.01640625 0.0296875
3 0.32109375 0.40703125 0.03359375 0.1078125
3 0.40546875 0.52109375 0.040625 0.121875
3 0.42421875 0.45625 0.03828125 0.10625
3 0.44765625 0.7578125 0.0515625 0.15703125
3 0.5328125 0.35390625 0.02578125 0.1
3 0.54921875 0.43671875 0.03125 0.1046875
3 0.6546875 0.85390625 0.0484375 0.16796875
3 0.784375 0.59921875 0.0515625 0.146875
3 0.859375 0.5078125 0.03828125 0.1109375
3 0.87265625 0.43046875 0.025 0.0953125
3 0.8671875 0.3765625 0.02109375 0.08359375
2 0.9484375 0.44140625 0.02890625 0.1203125
3 0.971875 0.58515625 0.0453125 0.1296875