3 0.03203125 0.75703125 0.0515625 0.15
3 0.41875 0.39609375 0.03515625 0.096875
3 0.62109375 0.52734375 0.0328125 0.09921875
3 0.74375 0.57109375 0.03671875 0.115625
3 0.19609375 0.34921875 0.0265625 0.08828125
2 0.49453125 0.5046875 0.0265625 0.121875
3 0.98359375 0.796875 0.0328125 0.171875
3 0.12734375 0.4671875 0.03125 0.10546875
3 0.44375 0.27265625 0.02265625 0.07421875
3 0.55078125 0.32421875 0.0234375 0.08359375
2 0.29765625 0.2453125 0.02734375 0.06328125
3 0.6140625 0.40859375 0.02890625 0.08671875
3 0.38984375 0.4875 0.03359375 0.103125
3 0.803125 0.3765625 0.02734375 0.103125
3 0.5 0.34375 0.034375 0.0828125
3 0.96015625 0.4375 0.0296875 0.10625
3 0.040625 0.9375 0.06484375 0.125
3 0.35859375 0.3984375 0.03046875 0.0921875
0 0.70546875 0.61015625 0.01640625 0.0375