1 0.73671875 0.33203125 0.0234375 0.07578125
3 0.503125 0.47734375 0.02734375 0.0796875
3 0.3453125 0.3234375 0.0296875 0.08046875
3 0.40234375 0.4859375 0.028125 0.08046875
3 0.0828125 0.3046875 0.03359375 0.08125
3 0.5109375 0.253125 0.034375 0.07578125
3 0.5078125 0.47578125 0.02734375 0.08125
3 0.42890625 0.3046875 0.0296875 0.08125
3 0.24765625 0.33671875 0.03125 0.075
3 0.51171875 0.35234375 0.02890625 0.071875
3 0.4234375 0.390625 0.03671875 0.08046875
2 0.1203125 0.27265625 0.03828125 0.07578125
3 0.53359375 0.23203125 0.028125 0.07890625
0 0.5421875 0.25546875 0.01484375 0.0265625