2 0.659375 0.55078125 0.04453125 0.1140625
3 0.35703125 0.5328125 0.05703125 0.1265625
3 0.45703125 0.49296875 0.0390625 0.11328125
3 0.58984375 0.52890625 0.03828125 0.115625
3 0.75546875 0.4640625 0.0421875 0.1078125
3 0.60703125 0.41796875 0.03203125 0.103125
3 0.7078125 0.446875 0.03125 0.103125
3 0.64609375 0.3875 0.025 0.08984375
3 0.9015625 0.55859375 0.040625 0.1203125
3 0.35703125 0.4296875 0.02890625 0.10859375
3 0.09921875 0.59921875 0.07421875 0.16484375
3 0.06875 0.584375 0.0359375 0.14375
3 0.01015625 0.765625 0.0203125 0.19296875