3 0.6390625 0.4265625 0.04921875 0.103125
3 0.30859375 0.61640625 0.05 0.1375
3 0.82890625 0.421875 0.03125 0.109375
2 0.41875 0.4859375 0.03359375 0.1203125
3 0.8265625 0.63828125 0.05078125 0.15234375
3 0.56328125 0.3796875 0.0296875 0.096875
3 0.1515625 0.39375 0.03046875 0.10546875
3 0.30546875 0.340625 0.021875 0.09609375
3 0.9765625 0.46953125 0.0375 0.1203125
3 0.0390625 0.50234375 0.0359375 0.109375
3 0.07734375 0.4515625 0.03359375 0.11796875
3 0.49765625 0.4203125 0.0375 0.0984375
3 0.925 0.39140625 0.0328125 0.10859375
3 0.4296875 0.3671875 0.02421875 0.090625
3 0.19140625 0.40390625 0.025 0.09765625
3 0.19921875 0.475 0.034375 0.10234375
2 0.23125 0.2921875 0.02578125 0.08046875
3 0.45078125 0.35 0.02265625 0.09453125
3 0.51171875 0.34921875 0.0234375 0.08515625
3 0.74921875 0.3515625 0.03125 0.0828125
3 0.72890625 0.3453125 0.034375 0.08046875
0 0.65625 0.44921875 0.01171875 0.0203125