3 0.8375 0.6921875 0.0515625 0.1390625
3 0.696875 0.55390625 0.0375 0.109375
3 0.6171875 0.6328125 0.04140625 0.1328125
3 0.5546875 0.69921875 0.0484375 0.1390625
3 0.3875 0.60625 0.0359375 0.128125
3 0.7125 0.43125 0.03359375 0.1
3 0.853125 0.5734375 0.0390625 0.109375
3 0.92578125 0.44609375 0.03671875 0.10234375
3 0.75625 0.52890625 0.0328125 0.10703125
3 0.959375 0.58125 0.03984375 0.1234375
3 0.815625 0.41796875 0.03125 0.1
3 0.45078125 0.40859375 0.0296875 0.09921875
3 0.571875 0.4890625 0.0328125 0.10546875
3 0.37890625 0.475 0.034375 0.11328125
3 0.39296875 0.45859375 0.0296875 0.11328125
2 0.78203125 0.46015625 0.0296875 0.09296875