3 0.490625 0.5109375 0.046875 0.11328125
3 0.6921875 0.41328125 0.04140625 0.0890625
3 0.259375 0.78125 0.046875 0.175
3 0.54609375 0.48984375 0.02734375 0.10078125
2 0.64375 0.59453125 0.03515625 0.1328125
3 0.5546875 0.6328125 0.03828125 0.1453125
3 0.35234375 0.50078125 0.03671875 0.10546875
3 0.2125 0.590625 0.03671875 0.12578125
3 0.61796875 0.42578125 0.034375 0.09375
3 0.821875 0.76171875 0.04921875 0.1703125
3 0.96328125 0.4609375 0.0359375 0.11953125
3 0.3875 0.41171875 0.03125 0.1015625
3 0.6875 0.3390625 0.025 0.08671875
3 0.89921875 0.603125 0.0453125 0.13984375
2 0.709375 0.2515625 0.0296875 0.08203125
3 0.32578125 0.4421875 0.0296875 0.1078125
3 0.54296875 0.403125 0.0265625 0.0875
1 0.015625 0.371875 0.03125 0.0984375
0 0.63203125 0.4265625 0.0203125 0.0234375