2 0.33671875 0.61953125 0.05703125 0.146875
3 0.46328125 0.4328125 0.0515625 0.1125
3 0.9703125 0.7265625 0.05859375 0.16015625
3 0.42734375 0.69609375 0.0578125 0.15859375
3 0.715625 0.36171875 0.04453125 0.09453125
3 0.48828125 0.33671875 0.03046875 0.084375
3 0.37890625 0.3453125 0.04140625 0.0890625
3 0.02421875 0.4640625 0.0484375 0.13515625
3 0.79296875 0.4921875 0.04296875 0.125
3 0.109375 0.42890625 0.04765625 0.1203125
3 0.63125 0.47890625 0.046875 0.12421875
3 0.98359375 0.38828125 0.0328125 0.1171875
3 0.15703125 0.43203125 0.0453125 0.128125
2 0.525 0.22421875 0.0171875 0.07578125