3 0.521875 0.43046875 0.0390625 0.1140625
3 0.19296875 0.56171875 0.046875 0.1296875
3 0.6359375 0.60625 0.0453125 0.134375
3 0.0921875 0.44609375 0.0375 0.1109375
3 0.3109375 0.3453125 0.03828125 0.10390625
3 0.2109375 0.94453125 0.0765625 0.1078125
3 0.21875 0.27109375 0.03125 0.084375
3 0.2625 0.540625 0.040625 0.1140625
3 0.2703125 0.31171875 0.03515625 0.0734375
3 0.1875 0.43203125 0.034375 0.11171875
3 0.01875 0.8640625 0.0375 0.15625
1 0.8859375 0.33046875 0.03125 0.096875
2 0.1265625 0.415625 0.03046875 0.10625
0 0.74296875 0.4890625 0.0125 0.0265625