3 0.84921875 0.6703125 0.07265625 0.1546875
3 0.2609375 0.46171875 0.0484375 0.103125
3 0.19375 0.54609375 0.0453125 0.11875
2 0.259375 0.41953125 0.03828125 0.1
3 0.890625 0.87890625 0.06875 0.2078125
3 0.41796875 0.38359375 0.04296875 0.10703125
3 0.93984375 0.32734375 0.04765625 0.09453125
3 0.1984375 0.3640625 0.03984375 0.08671875
3 0.459375 0.209375 0.025 0.06640625
3 0.08203125 0.51875 0.05234375 0.125
3 0.8421875 0.31171875 0.0375 0.08359375
3 0.45859375 0.315625 0.04140625 0.103125
3 0.83984375 0.1703125 0.02265625 0.0578125
3 0.21015625 0.29609375 0.03359375 0.0796875
3 0.984375 0.32109375 0.03046875 0.10546875
0 0.59140625 0.34375 0.01484375 0.028125