3 0.8640625 0.3703125 0.05546875 0.13359375
2 0.16171875 0.36953125 0.05078125 0.11875
3 0.53203125 0.50546875 0.06328125 0.140625
3 0.484375 0.41640625 0.04921875 0.12109375
0 0.5078125 0.56640625 0.0234375 0.03046875
3 0.7734375 0.396875 0.05234375 0.14453125
3 0.2484375 0.3140625 0.0453125 0.1109375
3 0.42578125 0.28828125 0.0484375 0.11484375
3 0.37890625 0.3640625 0.05 0.1234375
3 0.62421875 0.36328125 0.0484375 0.14609375
3 0.1546875 0.26171875 0.040625 0.09765625
3 0.521875 0.3703125 0.046875 0.1359375
3 0.2453125 0.2046875 0.03203125 0.084375
3 0.2609375 0.259375 0.03671875 0.08359375
3 0.94765625 0.5125 0.04765625 0.146875