3 0.5265625 0.7625 0.06640625 0.19296875
3 0.9328125 0.6890625 0.06640625 0.17265625
3 0.34609375 0.59296875 0.06328125 0.1578125
3 0.09296875 0.43203125 0.05625 0.13671875
2 0.50625 0.478125 0.04375 0.13515625
3 0.159375 0.46796875 0.05703125 0.1328125
3 0.3796875 0.3 0.0453125 0.10234375
3 0.23984375 0.37265625 0.05234375 0.1171875
3 0.55859375 0.371875 0.0546875 0.1078125
1 0.28671875 0.175 0.03125 0.0625
3 0.25234375 0.53046875 0.05234375 0.13984375
3 0.45859375 0.396875 0.02734375 0.09921875
3 0.3078125 0.4296875 0.04765625 0.12265625
3 0.78046875 0.43671875 0.04296875 0.13125
3 0.49296875 0.5421875 0.05078125 0.13046875
3 0.5796875 0.290625 0.04765625 0.11015625
0 0.43984375 0.43125 0.0109375 0.0296875