3 0.0546875 0.67578125 0.03828125 0.14296875
3 0.25234375 0.57421875 0.02890625 0.13359375
3 0.60390625 0.6171875 0.0296875 0.12109375
3 0.1984375 0.4796875 0.028125 0.1015625
3 0.5921875 0.5140625 0.02578125 0.115625
3 0.0328125 0.55 0.0296875 0.11953125
3 0.6328125 0.52890625 0.0265625 0.11875
3 0.48203125 0.57421875 0.0265625 0.11875
3 0.45390625 0.559375 0.0328125 0.11484375
3 0.6734375 0.52265625 0.02578125 0.1109375
3 0.546875 0.503125 0.0265625 0.10234375
3 0.47578125 0.46796875 0.021875 0.0859375
2 0.125 0.4734375 0.02578125 0.10859375
0 0.43359375 0.44609375 0.009375 0.0203125
3 0.48671875 0.525 0.02109375 0.0765625
1 0.72109375 0.51875 0.0265625 0.0875