3 0.43984375 0.4421875 0.03828125 0.11171875
3 0.959375 0.57578125 0.04296875 0.134375
3 0.18671875 0.32734375 0.028125 0.09921875
3 0.7125 0.33125 0.0390625 0.09375
3 0.0703125 0.46640625 0.0390625 0.12734375
3 0.2953125 0.3921875 0.0265625 0.10703125
3 0.45859375 0.36953125 0.03515625 0.11015625
3 0.34296875 0.75546875 0.04609375 0.1640625
3 0.553125 0.39296875 0.0390625 0.103125
3 0.3109375 0.3375 0.02890625 0.090625
2 0.1890625 0.4421875 0.03125 0.1078125
3 0.01953125 0.4984375 0.03046875 0.1234375
3 0.225 0.3640625 0.03125 0.11328125
1 0.5859375 0.26328125 0.03046875 0.09140625
3 0.3921875 0.334375 0.034375 0.10546875