3 0.0234375 0.9046875 0.0453125 0.190625
3 0.88828125 0.4265625 0.034375 0.10859375
3 0.5109375 0.50078125 0.0328125 0.12109375
3 0.47109375 0.5390625 0.03515625 0.11953125
3 0.98515625 0.64765625 0.0296875 0.15546875
3 0.02734375 0.50703125 0.0390625 0.11015625
3 0.534375 0.34453125 0.02109375 0.0640625
3 0.61484375 0.33203125 0.0234375 0.07890625
3 0.19453125 0.3171875 0.02109375 0.07109375
3 0.31953125 0.42109375 0.03046875 0.09296875
2 0.234375 0.55546875 0.03671875 0.12578125
2 0.2359375 0.29453125 0.0234375 0.08203125
3 0.33984375 0.41640625 0.02421875 0.0953125
0 0.62109375 0.36171875 0.01015625 0.01875