3 0.6140625 0.50390625 0.04765625 0.11171875
3 0.14453125 0.73203125 0.05390625 0.1734375
3 0.55078125 0.3515625 0.04140625 0.103125
3 0.178125 0.41328125 0.04375 0.10859375
3 0.465625 0.35703125 0.0359375 0.0984375
2 0.8546875 0.3703125 0.04609375 0.11015625
3 0.43046875 0.30078125 0.028125 0.06484375
0 0.1546875 0.3453125 0.01640625 0.02109375
3 0.01796875 0.328125 0.0359375 0.103125
3 0.759375 0.321875 0.02890625 0.07734375
3 0.9875 0.4375 0.02421875 0.13359375
3 0.515625 0.4046875 0.04375 0.1078125