3 0.2609375 0.90546875 0.0640625 0.1859375
2 0.228125 0.46484375 0.028125 0.1109375
0 0.63671875 0.50703125 0.0140625 0.03359375
3 0.12890625 0.56640625 0.040625 0.11484375
3 0.51796875 0.3609375 0.02890625 0.09921875
3 0.56328125 0.609375 0.03984375 0.1265625
3 0.58359375 0.48125 0.0390625 0.09765625
3 0.690625 0.82734375 0.04296875 0.17265625
3 0.540625 0.5234375 0.0328125 0.11171875
3 0.4390625 0.35078125 0.025 0.09140625
3 0.19375 0.32578125 0.02421875 0.08671875
3 0.403125 0.546875 0.03125 0.11953125
3 0.68671875 0.33828125 0.0265625 0.09453125
3 0.615625 0.46875 0.03125 0.09296875
3 0.85 0.43984375 0.03046875 0.10625
3 0.12734375 0.471875 0.0296875 0.10625