3 0.096875 0.4265625 0.053125 0.18125
3 0.08125 0.21953125 0.0421875 0.153125
2 0.865625 0.32734375 0.04140625 0.16015625
3 0.48515625 0.28359375 0.04140625 0.14921875
3 0.2390625 0.45 0.0453125 0.17421875
3 0.94609375 0.25 0.0359375 0.1625
3 0.4171875 0.425 0.0546875 0.15234375
3 0.4890625 0.575 0.0625 0.15390625
3 0.43828125 0.67734375 0.084375 0.18515625
3 0.54609375 0.53515625 0.0828125 0.16328125
3 0.57734375 0.33515625 0.04375 0.16015625
3 0.50390625 0.07890625 0.0265625 0.1140625
3 0.47578125 0.05703125 0.02265625 0.1140625
0 0.5125 0.49375 0.01640625 0.04609375