3 0.8796875 0.453125 0.04609375 0.1234375
3 0.46875 0.3484375 0.03203125 0.0703125
3 0.0484375 0.5671875 0.0578125 0.12734375
3 0.2078125 0.4421875 0.04140625 0.1125
3 0.5453125 0.41796875 0.0453125 0.08984375
3 0.9328125 0.5140625 0.04375 0.10234375
3 0.70390625 0.44453125 0.040625 0.109375
3 0.65234375 0.44140625 0.0421875 0.1078125
3 0.75390625 0.41875 0.04296875 0.12421875
3 0.64140625 0.35234375 0.03125 0.08671875
3 0.065625 0.3609375 0.04375 0.0828125
2 0.353125 0.396875 0.03828125 0.0984375
0 0.5546875 0.3625 0.009375 0.0140625
3 0.52890625 0.35625 0.03828125 0.04375