3 0.28359375 0.68671875 0.03203125 0.1421875
0 0.17265625 0.58828125 0.0140625 0.021875
3 0.15390625 0.5421875 0.03125 0.1125
3 0.22578125 0.5625 0.03671875 0.109375
1 0.56328125 0.38359375 0.02109375 0.09140625
2 0.61015625 0.621875 0.05546875 0.1265625
3 0.37421875 0.56640625 0.028125 0.0953125
3 0.5546875 0.6921875 0.02578125 0.146875
3 0.74453125 0.89921875 0.03984375 0.18359375
3 0.63984375 0.4953125 0.03671875 0.1046875
3 0.57734375 0.44375 0.0296875 0.08828125
3 0.6984375 0.45234375 0.0359375 0.1109375
3 0.80234375 0.40078125 0.0265625 0.1
3 0.9796875 0.4390625 0.0359375 0.115625
3 0.71328125 0.415625 0.03671875 0.09140625
3 0.3890625 0.5390625 0.0265625 0.096875