3 0.52578125 0.6234375 0.04140625 0.1296875
3 0.25234375 0.68671875 0.0390625 0.15546875
3 0.784375 0.51015625 0.03828125 0.12421875
3 0.0890625 0.540625 0.0359375 0.12890625
3 0.44453125 0.446875 0.0375 0.10546875
3 0.88203125 0.53046875 0.0328125 0.12890625
3 0.28125 0.49375 0.0328125 0.1140625
3 0.3140625 0.46796875 0.034375 0.1078125
3 0.18671875 0.42578125 0.03359375 0.08359375
3 0.53828125 0.4875 0.03203125 0.10625
3 0.28828125 0.42421875 0.02578125 0.08671875
3 0.6734375 0.4703125 0.03203125 0.1140625
3 0.6453125 0.53359375 0.034375 0.1234375
3 0.58125 0.45234375 0.02890625 0.10078125
3 0.565625 0.4640625 0.028125 0.10625
3 0.9921875 0.565625 0.015625 0.1359375