3 0.75078125 0.63828125 0.0671875 0.1171875
3 0.234375 0.60390625 0.04140625 0.0984375
3 0.6671875 0.60546875 0.040625 0.109375
3 0.684375 0.4578125 0.0328125 0.1125
3 0.91171875 0.5140625 0.040625 0.12265625
3 0.7828125 0.4765625 0.03359375 0.11484375
3 0.51640625 0.3625 0.025 0.09921875
3 0.225 0.32109375 0.02265625 0.08359375
3 0.68359375 0.546875 0.03359375 0.09375
3 0.384375 0.32734375 0.02421875 0.08671875
2 0.13671875 0.4546875 0.02734375 0.11015625
3 0.1109375 0.30546875 0.02265625 0.07890625
3 0.43359375 0.3328125 0.02578125 0.09375
3 0.62734375 0.38984375 0.03125 0.10390625
3 0.75 0.81484375 0.0453125 0.17421875
3 0.5984375 0.38046875 0.02265625 0.1
1 0.58046875 0.3140625 0.0234375 0.090625
3 0.01328125 0.86328125 0.0203125 0.18125
0 0.7515625 0.740625 0.0171875 0.03359375