2 0.68046875 0.53203125 0.03203125 0.128125
3 0.3671875 0.778125 0.05859375 0.16015625
3 0.078125 0.7171875 0.04921875 0.17578125
3 0.86640625 0.89140625 0.0671875 0.19375
3 0.8265625 0.57421875 0.03515625 0.13359375
3 0.36875 0.53984375 0.04140625 0.11796875
3 0.6109375 0.453125 0.03828125 0.10546875
3 0.49375 0.47265625 0.03203125 0.11875
3 0.45703125 0.4453125 0.02890625 0.1015625
3 0.2984375 0.41015625 0.0359375 0.11640625
3 0.3640625 0.45390625 0.03515625 0.11328125
3 0.021875 0.49140625 0.03046875 0.125
3 0.4609375 0.346875 0.0296875 0.0796875
3 0.471875 0.39140625 0.02421875 0.09296875
2 0.52734375 0.21796875 0.025 0.0671875