0 0.5890625 0.35078125 0.01015625 0.03203125
3 0.24140625 0.8546875 0.046875 0.21015625
3 0.175 0.38984375 0.03984375 0.11875
3 0.253125 0.31328125 0.03203125 0.1109375
3 0.31796875 0.2875 0.0296875 0.08203125
2 0.38515625 0.2140625 0.02421875 0.06953125
3 0.396875 0.30703125 0.034375 0.08671875
3 0.490625 0.35234375 0.0296875 0.1
3 0.453125 0.49375 0.03125 0.1234375
3 0.54140625 0.27734375 0.0203125 0.08515625
3 0.6109375 0.30234375 0.025 0.06796875
3 0.66484375 0.3796875 0.03671875 0.1171875
3 0.85625 0.39921875 0.0375 0.109375
3 0.9671875 0.6953125 0.04921875 0.15859375
3 0.8140625 0.30625 0.0265625 0.09375
3 0.61953125 0.3796875 0.03828125 0.09296875
3 0.81953125 0.359375 0.021875 0.1078125
2 0.5328125 0.453125 0.0375 0.10625