3 0.2171875 0.5984375 0.04140625 0.12578125
3 0.35703125 0.48515625 0.0390625 0.09296875
3 0.5765625 0.46328125 0.03203125 0.10859375
3 0.66171875 0.5421875 0.03515625 0.12265625
3 0.4546875 0.64921875 0.03671875 0.134375
3 0.0921875 0.50703125 0.03515625 0.1078125
1 0.9296875 0.45078125 0.0265625 0.10546875
3 0.30703125 0.42109375 0.02734375 0.08515625
3 0.26640625 0.4265625 0.028125 0.07734375
3 0.35859375 0.38828125 0.0296875 0.08515625
3 0.190625 0.37578125 0.028125 0.07734375
3 0.3875 0.42109375 0.0234375 0.0734375
3 0.48125 0.46015625 0.0296875 0.09765625
3 0.490625 0.42734375 0.02421875 0.08515625
2 0.10390625 0.440625 0.02578125 0.09140625
0 0.31328125 0.44921875 0.01484375 0.01875