3 0.35703125 0.29609375 0.02265625 0.08359375
3 0.4421875 0.4125 0.0203125 0.0875
3 0.31015625 0.43359375 0.0203125 0.0859375
3 0.32265625 0.5265625 0.02421875 0.090625
3 0.21328125 0.38515625 0.02421875 0.0859375
3 0.36484375 0.4296875 0.01953125 0.078125
3 0.56484375 0.4109375 0.01953125 0.08125
2 0.27578125 0.2234375 0.02109375 0.07890625
3 0.396875 0.46953125 0.01875 0.09140625
3 0.61796875 0.34765625 0.0203125 0.07734375
3 0.54921875 0.34609375 0.02109375 0.08359375
3 0.54921875 0.5109375 0.0203125 0.0953125
3 0.6796875 0.4375 0.021875 0.08984375
3 0.63984375 0.39375 0.0171875 0.084375
3 0.35 0.51875 0.0203125 0.08671875
3 0.56953125 0.51640625 0.021875 0.0953125
1 0.62578125 0.39453125 0.01875 0.08203125