3 0.59453125 0.64375 0.04140625 0.1734375
3 0.45234375 0.4765625 0.04375 0.15859375
3 0.2921875 0.53359375 0.06171875 0.15703125
3 0.01953125 0.52578125 0.03828125 0.16953125
3 0.3078125 0.390625 0.04609375 0.14609375
3 0.27109375 0.2546875 0.03515625 0.1109375
3 0.66875 0.49609375 0.0484375 0.14375
3 0.8625 0.58671875 0.075 0.16484375
3 0.14765625 0.26875 0.046875 0.115625
0 0.31953125 0.5109375 0.01875 0.0359375
1 0.74140625 0.22421875 0.02734375 0.11015625
2 0.67734375 0.421875 0.0390625 0.128125
3 0.5625 0.76328125 0.0703125 0.2140625
3 0.38359375 0.4765625 0.046875 0.1234375
3 0.5359375 0.35234375 0.03671875 0.13828125
3 0.4453125 0.275 0.03515625 0.1265625