2 0.4953125 0.42734375 0.034375 0.11484375
3 0.67734375 0.6125 0.046875 0.14375
3 0.0984375 0.70390625 0.0390625 0.1765625
3 0.8578125 0.4640625 0.03125 0.121875
3 0.80625 0.37890625 0.028125 0.103125
3 0.23515625 0.4296875 0.0296875 0.1015625
3 0.55546875 0.3765625 0.02578125 0.09140625
3 0.3546875 0.3484375 0.028125 0.08359375
3 0.40625 0.31484375 0.0328125 0.0875
3 0.7609375 0.365625 0.03125 0.09765625
3 0.21484375 0.5109375 0.03125 0.11875
3 0.71484375 0.33828125 0.021875 0.0859375
3 0.2 0.39296875 0.028125 0.103125
3 0.50234375 0.33203125 0.025 0.08203125
3 0.60234375 0.3109375 0.02109375 0.071875