3 0.50625 0.57890625 0.0390625 0.1171875
3 0.42890625 0.8796875 0.0453125 0.1921875
3 0.940625 0.48359375 0.034375 0.09609375
3 0.71875 0.46484375 0.02890625 0.10859375
3 0.8328125 0.23359375 0.02109375 0.0640625
3 0.440625 0.27578125 0.021875 0.07578125
3 0.55078125 0.271875 0.0234375 0.075
2 0.64296875 0.42734375 0.0296875 0.10703125
3 0.59609375 0.3703125 0.02578125 0.0984375
3 0.3828125 0.32578125 0.025 0.08515625
3 0.60859375 0.24453125 0.021875 0.07109375
3 0.875 0.2953125 0.02265625 0.0796875
3 0.2390625 0.44140625 0.0359375 0.10390625
3 0.2015625 0.5171875 0.0328125 0.1125
3 0.52109375 0.6984375 0.04140625 0.1125
3 0.4203125 0.33671875 0.025 0.09140625
3 0.571875 0.728125 0.03515625 0.12890625
3 0.2625 0.69453125 0.04296875 0.14609375
3 0.9140625 0.43515625 0.03046875 0.09765625
1 0.0421875 0.2609375 0.021875 0.08046875
0 0.55859375 0.775 0.01484375 0.03046875
2 0.60546875 0.15625 0.0203125 0.05234375