3 0.98203125 0.4453125 0.03203125 0.11796875
3 0.6546875 0.4171875 0.0328125 0.1125
3 0.190625 0.64453125 0.04375 0.14453125
3 0.72421875 0.73984375 0.04453125 0.13046875
3 0.63203125 0.50625 0.03828125 0.10078125
3 0.14375 0.6015625 0.0390625 0.13125
1 0.34296875 0.40234375 0.025 0.08203125
3 0.5078125 0.44765625 0.0328125 0.12109375
3 0.75859375 0.48984375 0.03046875 0.1234375
3 0.628125 0.6 0.0296875 0.1203125
2 0.821875 0.59921875 0.0296875 0.15234375
3 0.67578125 0.5265625 0.0296875 0.1203125
0 0.29921875 0.43125 0.0140625 0.03359375
3 0.759375 0.396875 0.02421875 0.0953125
3 0.77265625 0.3765625 0.02109375 0.1046875