2 0.165625 0.4296875 0.04609375 0.1125
3 0.76953125 0.5328125 0.05546875 0.1234375
3 0.515625 0.459375 0.05 0.1171875
3 0.2890625 0.61171875 0.065625 0.1234375
3 0.38125 0.5671875 0.0609375 0.1171875
3 0.28828125 0.4578125 0.0234375 0.13984375
3 0.71640625 0.421875 0.04609375 0.109375
3 0.11328125 0.82734375 0.0546875 0.115625
3 0.45078125 0.3875 0.04140625 0.09765625
1 0.59296875 0.4453125 0.04765625 0.0828125
3 0.56015625 0.40703125 0.05078125 0.1296875
0 0.425 0.22265625 0.01484375 0.03515625
3 0.315625 0.44453125 0.0296875 0.1359375