3 0.3328125 0.84921875 0.05546875 0.16015625
2 0.84140625 0.50078125 0.03671875 0.11640625
3 0.09375 0.69765625 0.0515625 0.1015625
1 0.09453125 0.340625 0.0328125 0.08515625
3 0.67890625 0.54921875 0.046875 0.115625
3 0.29296875 0.64296875 0.040625 0.1234375
3 0.9828125 0.4953125 0.034375 0.11484375
3 0.2515625 0.48515625 0.0296875 0.103125
3 0.753125 0.628125 0.0390625 0.12734375
3 0.22109375 0.50078125 0.034375 0.1140625
0 0.30234375 0.7015625 0.0125 0.02734375
3 0.9390625 0.35 0.03203125 0.0953125
3 0.7265625 0.28828125 0.0265625 0.0828125
3 0.52578125 0.36953125 0.0359375 0.09921875
3 0.54140625 0.3609375 0.02578125 0.08828125