3 0.83828125 0.9015625 0.05703125 0.18984375
2 0.8484375 0.59609375 0.04765625 0.14765625
3 0.8203125 0.353125 0.02734375 0.0984375
3 0.57890625 0.76328125 0.04140625 0.16328125
3 0.5625 0.45625 0.03203125 0.11796875
3 0.3703125 0.6328125 0.04375 0.15390625
3 0.98828125 0.69921875 0.0234375 0.159375
3 0.8578125 0.36015625 0.03203125 0.10390625
1 0.59296875 0.3015625 0.02109375 0.0875
3 0.95 0.9828125 0.0484375 0.034375
0 0.08828125 0.70390625 0.01484375 0.03359375
3 0.16328125 0.62578125 0.05234375 0.1375