3 0.18515625 0.69765625 0.053125 0.13046875
3 0.89609375 0.23984375 0.025 0.071875
3 0.57265625 0.4671875 0.04140625 0.10390625
3 0.41171875 0.52578125 0.034375 0.12890625
3 0.85234375 0.20625 0.02109375 0.07109375
3 0.42578125 0.36875 0.028125 0.0984375
3 0.565625 0.19609375 0.01640625 0.06484375
3 0.4546875 0.69375 0.0375 0.134375
3 0.68828125 0.20703125 0.01875 0.0703125
3 0.52734375 0.2828125 0.02421875 0.08671875
3 0.6953125 0.928125 0.04375 0.14375
3 0.96328125 0.90625 0.06015625 0.17109375
2 0.72890625 0.284375 0.02109375 0.08046875
3 0.74609375 0.3234375 0.02109375 0.07265625
3 0.9921875 0.27734375 0.01171875 0.0796875
3 0.3015625 0.2390625 0.0203125 0.078125
0 0.33046875 0.6421875 0.01875 0.04140625