3 0.090625 0.91796875 0.05390625 0.16328125
3 0.0640625 0.66640625 0.04765625 0.1328125
3 0.040625 0.48515625 0.0328125 0.1
3 0.04453125 0.375 0.0328125 0.08359375
3 0.16171875 0.36875 0.02109375 0.08671875
3 0.49921875 0.54765625 0.0375 0.1234375
3 0.28828125 0.36796875 0.02578125 0.09140625
3 0.6921875 0.43046875 0.0375 0.0953125
3 0.69375 0.596875 0.03046875 0.1140625
3 0.70625 0.525 0.02421875 0.1046875
3 0.865625 0.51953125 0.04453125 0.1125
0 0.85390625 0.54921875 0.01875 0.025
1 0.4703125 0.3125 0.04375 0.09375