3 0.8203125 0.70390625 0.0484375 0.15859375
3 0.253125 0.425 0.03125 0.10859375
3 0.140625 0.46796875 0.04296875 0.1171875
3 0.96640625 0.52578125 0.03984375 0.134375
3 0.8421875 0.43203125 0.0328125 0.11796875
3 0.20078125 0.625 0.040625 0.14921875
3 0.33203125 0.3671875 0.03203125 0.08671875
3 0.7609375 0.5328125 0.03515625 0.13515625
3 0.334375 0.48828125 0.03125 0.11328125
3 0.38828125 0.4203125 0.03828125 0.09375
3 0.4859375 0.34765625 0.03046875 0.078125
3 0.54609375 0.4375 0.0265625 0.0984375
3 0.42421875 0.36953125 0.025 0.0828125
2 0.58125 0.45859375 0.03203125 0.10390625
3 0.62890625 0.35703125 0.0296875 0.09140625
3 0.5890625 0.409375 0.02421875 0.0859375
3 0.12890625 0.9765625 0.053125 0.046875