3 0.60390625 0.62421875 0.03984375 0.1171875
3 0.21328125 0.496875 0.040625 0.09609375
3 0.51171875 0.53828125 0.03515625 0.109375
2 0.3078125 0.53828125 0.0265625 0.11484375
3 0.53515625 0.359375 0.021875 0.0796875
3 0.2484375 0.4546875 0.028125 0.0953125
3 0.6 0.35078125 0.0234375 0.0828125
3 0.371875 0.40234375 0.021875 0.0875
3 0.33359375 0.503125 0.0265625 0.1015625
3 0.34140625 0.43984375 0.0296875 0.0953125
3 0.41875 0.42734375 0.025 0.09453125
3 0.65 0.45703125 0.028125 0.0953125
3 0.4515625 0.44296875 0.025 0.08671875
3 0.3921875 0.39375 0.021875 0.08984375
3 0.48984375 0.37734375 0.0234375 0.08359375
3 0.46171875 0.39375 0.0234375 0.08515625
3 0.4703125 0.4015625 0.02265625 0.0859375
1 0.30859375 0.3875 0.0265625 0.08828125
3 0.49765625 0.37109375 0.02734375 0.08359375