1 0.87890625 0.42578125 0.02265625 0.0671875
3 0.31484375 0.44453125 0.03046875 0.06484375
3 0.3578125 0.30390625 0.02109375 0.05859375
3 0.35859375 0.375 0.02734375 0.05859375
3 0.1421875 0.33125 0.02109375 0.0640625
3 0.20859375 0.2484375 0.02265625 0.0625
3 0.01796875 0.4265625 0.02265625 0.07421875
3 0.68359375 0.465625 0.01875 0.065625
3 0.72890625 0.28671875 0.02109375 0.0625
3 0.2828125 0.553125 0.03125 0.07578125
3 0.14921875 0.19140625 0.01953125 0.05390625
3 0.4484375 0.2640625 0.01796875 0.0515625
3 0.659375 0.4296875 0.02734375 0.06953125
3 0.703125 0.315625 0.02109375 0.065625
3 0.665625 0.471875 0.02109375 0.0625
3 0.421875 0.29140625 0.025 0.0578125
3 0.39765625 0.21171875 0.02265625 0.0484375
3 0.0453125 0.34296875 0.01953125 0.05703125