0 0.36640625 0.47734375 0.01015625 0.0265625
2 0.2671875 0.2515625 0.02421875 0.07109375
2 0.84375 0.403125 0.0328125 0.1046875
3 0.11875 0.93828125 0.05390625 0.1234375
3 0.15390625 0.3875 0.028125 0.1078125
3 0.1703125 0.3859375 0.02578125 0.1109375
3 0.346875 0.353125 0.03125 0.0984375
3 0.41171875 0.2703125 0.03046875 0.08671875
3 0.34921875 0.44609375 0.0328125 0.08671875
3 0.32734375 0.640625 0.05703125 0.1453125
3 0.44921875 0.43515625 0.040625 0.1015625
3 0.4640625 0.58046875 0.04609375 0.1421875
3 0.5984375 0.59765625 0.04453125 0.146875
3 0.61640625 0.32109375 0.0265625 0.08984375
3 0.79453125 0.396875 0.03671875 0.1140625
3 0.821875 0.26796875 0.02578125 0.08515625
3 0.9125 0.290625 0.0234375 0.09140625