3 0.3046875 0.528125 0.05 0.12109375
3 0.57578125 0.50546875 0.04140625 0.11953125
3 0.3796875 0.71796875 0.05078125 0.1390625
3 0.40546875 0.37734375 0.0328125 0.11484375
3 0.57734375 0.6703125 0.0421875 0.13125
3 0.6671875 0.59453125 0.05390625 0.10859375
3 0.9109375 0.61171875 0.04375 0.15234375
3 0.2890625 0.35859375 0.03671875 0.0984375
3 0.47421875 0.63828125 0.04453125 0.16640625
1 0.60390625 0.33046875 0.0265625 0.103125
3 0.52578125 0.39140625 0.0359375 0.10546875
3 0.75078125 0.5453125 0.0390625 0.14140625
3 0.6625 0.67890625 0.03671875 0.1046875
2 0.0703125 0.49375 0.03828125 0.1140625
3 0.22265625 0.34453125 0.0296875 0.08828125
0 0.63515625 0.640625 0.015625 0.03671875
3 0.49921875 0.40703125 0.03046875 0.11015625