3 0.9796875 0.5453125 0.040625 0.1171875
3 0.5015625 0.48828125 0.04375 0.1125
3 0.25390625 0.909375 0.05078125 0.18125
3 0.40625 0.5578125 0.03671875 0.10546875
3 0.546875 0.4171875 0.03125 0.09296875
3 0.7125 0.44453125 0.040625 0.103125
3 0.61328125 0.77890625 0.04296875 0.1640625
3 0.19765625 0.61875 0.0359375 0.1265625
3 0.46640625 0.378125 0.025 0.09609375
3 0.06796875 0.55859375 0.03359375 0.13203125
3 0.284375 0.45703125 0.03046875 0.1
2 0.31796875 0.43203125 0.0328125 0.090625
3 0.6015625 0.384375 0.028125 0.09296875
3 0.86015625 0.5078125 0.03203125 0.109375
1 0.7359375 0.35703125 0.02890625 0.08828125
3 0.30546875 0.359375 0.0265625 0.08203125
3 0.84453125 0.43828125 0.0234375 0.1015625
0 0.4578125 0.4515625 0.0140625 0.0265625