2 0.125 0.53828125 0.03359375 0.11640625
3 0.57578125 0.771875 0.04140625 0.16171875
3 0.36953125 0.721875 0.04140625 0.1484375
3 0.60078125 0.50390625 0.0328125 0.1015625
3 0.4546875 0.484375 0.02734375 0.10078125
3 0.8921875 0.5171875 0.03125 0.12109375
3 0.28515625 0.4703125 0.0296875 0.103125
3 0.3921875 0.46015625 0.02734375 0.103125
3 0.39140625 0.3203125 0.0234375 0.0609375
3 0.771875 0.46015625 0.02890625 0.10390625
3 0.13984375 0.34765625 0.0203125 0.07421875
3 0.26328125 0.36796875 0.02109375 0.078125
3 0.63046875 0.36796875 0.021875 0.0765625
3 0.653125 0.36796875 0.02109375 0.07109375