3 0.025 0.6140625 0.04921875 0.128125
3 0.43046875 0.540625 0.02890625 0.115625
3 0.0921875 0.38671875 0.03359375 0.10078125
3 0.7796875 0.65546875 0.040625 0.11953125
3 0.259375 0.390625 0.03203125 0.103125
3 0.69609375 0.60546875 0.04140625 0.12734375
3 0.4796875 0.53828125 0.04140625 0.12890625
3 0.1390625 0.3875 0.0296875 0.1
3 0.35390625 0.73671875 0.0625 0.15703125
3 0.83984375 0.609375 0.0515625 0.146875
0 0.72109375 0.7921875 0.01796875 0.03671875
1 0.4890625 0.3375 0.02578125 0.09296875