3 0.26015625 0.696875 0.0453125 0.15625
3 0.97890625 0.42421875 0.0421875 0.1046875
3 0.01796875 0.5578125 0.0359375 0.14296875
3 0.7078125 0.45546875 0.0375 0.1046875
3 0.56015625 0.44921875 0.03671875 0.1
3 0.11796875 0.41953125 0.02890625 0.10625
3 0.33515625 0.5203125 0.03828125 0.11953125
3 0.8046875 0.403125 0.03125 0.09765625
3 0.6359375 0.403125 0.025 0.09296875
3 0.46328125 0.40234375 0.02578125 0.090625
2 0.6015625 0.42421875 0.0265625 0.10625
3 0.90625 0.36796875 0.0328125 0.09296875
3 0.43203125 0.3984375 0.03046875 0.08671875
3 0.40703125 0.36796875 0.02734375 0.0859375
0 0.2125 0.446875 0.01640625 0.0296875
3 0.86875 0.33828125 0.02421875 0.0859375
3 0.7828125 0.3578125 0.025 0.0875