3 0.2671875 0.41875 0.0375 0.11953125
3 0.2203125 0.47265625 0.0453125 0.1171875
3 0.2203125 0.2078125 0.02265625 0.0765625
3 0.78671875 0.684375 0.05 0.13359375
3 0.71796875 0.25390625 0.02578125 0.09140625
3 0.72109375 0.52421875 0.04140625 0.13984375
3 0.37734375 0.1640625 0.0203125 0.06796875
3 0.2859375 0.29765625 0.028125 0.09765625
2 0.0421875 0.425 0.04453125 0.11484375
3 0.365625 0.3078125 0.03046875 0.1015625
3 0.31640625 0.7046875 0.03828125 0.16015625
3 0.278125 0.68828125 0.04140625 0.159375
3 0.00859375 0.1859375 0.0171875 0.065625
0 0.7546875 0.76953125 0.0171875 0.04140625