3 0.6 0.31953125 0.02265625 0.07578125
3 0.51640625 0.2671875 0.02109375 0.08203125
3 0.50625 0.5265625 0.03046875 0.0859375
3 0.5640625 0.28203125 0.02265625 0.08125
3 0.45546875 0.2984375 0.0203125 0.078125
3 0.6625 0.1328125 0.025 0.0703125
3 0.41796875 0.38671875 0.0234375 0.08125
3 0.43125 0.434375 0.01875 0.0703125
1 0.378125 0.365625 0.01875 0.084375
3 0.97578125 0.2328125 0.0234375 0.0875
3 0.49609375 0.45859375 0.02734375 0.08359375
3 0.42890625 0.35 0.01875 0.07109375
3 0.6015625 0.2296875 0.0203125 0.0796875
2 0.74921875 0.45390625 0.0234375 0.1015625
2 0.54453125 0.03359375 0.0171875 0.05546875
3 0.71796875 0.48515625 0.0171875 0.10078125