3 0.55546875 0.5203125 0.03359375 0.103125
3 0.93515625 0.40625 0.02265625 0.0765625
3 0.38671875 0.46171875 0.02734375 0.08984375
0 0.88203125 0.43046875 0.01171875 0.0234375
3 0.63359375 0.409375 0.0234375 0.08046875
3 0.221875 0.55703125 0.03515625 0.11171875
3 0.18203125 0.52734375 0.03046875 0.1078125
2 0.2671875 0.57578125 0.03203125 0.11328125
3 0.50234375 0.4390625 0.02421875 0.08515625
3 0.946875 0.584375 0.0296875 0.11875
3 0.2984375 0.52265625 0.02578125 0.096875
3 0.846875 0.42421875 0.025 0.08671875
3 0.13828125 0.553125 0.028125 0.1125
2 0.5390625 0.3328125 0.02109375 0.0640625
3 0.0484375 0.5796875 0.0296875 0.12109375
3 0.25546875 0.49296875 0.021875 0.10234375
3 0.01015625 0.6125 0.01953125 0.1140625
3 0.3140625 0.45625 0.0234375 0.09375
3 0.2375 0.4984375 0.02109375 0.10234375
3 0.146875 0.52421875 0.0234375 0.0890625
3 0.03671875 0.57421875 0.02578125 0.1171875