2 0.3875 0.47890625 0.03359375 0.1328125
3 0.459375 0.6703125 0.04296875 0.16875
3 0.91875 0.39921875 0.03671875 0.125
3 0.1015625 0.5484375 0.03515625 0.1296875
3 0.6328125 0.35390625 0.0296875 0.09140625
3 0.33125 0.3484375 0.02578125 0.09765625
3 0.58515625 0.43046875 0.03359375 0.103125
3 0.18984375 0.34296875 0.03203125 0.10703125
3 0.6640625 0.378125 0.02890625 0.1015625
3 0.41015625 0.33984375 0.028125 0.090625
3 0.23984375 0.31484375 0.02421875 0.096875
3 0.69921875 0.45234375 0.04375 0.1
3 0.67265625 0.30078125 0.021875 0.0890625
3 0.29921875 0.31953125 0.02578125 0.09609375
3 0.05390625 0.384375 0.02890625 0.115625
3 0.06484375 0.38203125 0.03125 0.11796875
2 0.3 0.26171875 0.0234375 0.07890625
0 0.6828125 0.45625 0.01875 0.0375