3 0.02890625 0.39765625 0.0296875 0.096875
3 0.15703125 0.48125 0.0296875 0.1109375
3 0.2265625 0.39375 0.03828125 0.08671875
3 0.3203125 0.45390625 0.0453125 0.09296875
3 0.40390625 0.57734375 0.03828125 0.1265625
3 0.43125 0.86484375 0.04765625 0.17109375
3 0.39453125 0.3859375 0.02890625 0.08046875
3 0.6453125 0.496875 0.03671875 0.1109375
3 0.6390625 0.8515625 0.05 0.16328125
3 0.75546875 0.6171875 0.040625 0.1234375
3 0.7609375 0.484375 0.0328125 0.1046875
3 0.9390625 0.57890625 0.0453125 0.1234375
2 0.5328125 0.43359375 0.0265625 0.0984375
0 0.40859375 0.05234375 0.015625 0.04296875