3 0.0484375 0.34921875 0.0421875 0.109375
3 0.1296875 0.33515625 0.0453125 0.1046875
3 0.1203125 0.57734375 0.06484375 0.1265625
3 0.33203125 0.48671875 0.053125 0.13125
3 0.36796875 0.41171875 0.0546875 0.1234375
3 0.415625 0.36796875 0.04921875 0.109375
3 0.54140625 0.5609375 0.05703125 0.128125
3 0.6296875 0.4421875 0.06015625 0.115625
3 0.65078125 0.57421875 0.0734375 0.1265625
3 0.9078125 0.79140625 0.0578125 0.17265625
3 0.765625 0.415625 0.05390625 0.096875
2 0.053125 0.54609375 0.0640625 0.1453125
1 0.9828125 0.36953125 0.03359375 0.11875
0 0.45078125 0.1234375 0.01640625 0.028125