3 0.21015625 0.4296875 0.034375 0.10078125
3 0.74453125 0.5515625 0.040625 0.11328125
3 0.3921875 0.42734375 0.03671875 0.10859375
3 0.05703125 0.42109375 0.034375 0.096875
3 0.3421875 0.51484375 0.0328125 0.1109375
3 0.1046875 0.40390625 0.03046875 0.1
3 0.1015625 0.57109375 0.046875 0.11015625
3 0.68828125 0.5421875 0.0328125 0.10390625
2 0.13203125 0.50078125 0.03125 0.09765625
3 0.52578125 0.47890625 0.03046875 0.11171875
1 0.89765625 0.43984375 0.02734375 0.11171875
0 0.7390625 0.5203125 0.01328125 0.028125