3 0.75390625 0.52265625 0.03203125 0.125
2 0.478125 0.4859375 0.03828125 0.12109375
3 0.74765625 0.36328125 0.02578125 0.09296875
3 0.78125 0.36484375 0.03125 0.0890625
3 0.3984375 0.425 0.028125 0.10859375
3 0.028125 0.47421875 0.03359375 0.12109375
3 0.36796875 0.36015625 0.02421875 0.0875
3 0.6765625 0.68671875 0.0390625 0.16484375
3 0.1921875 0.359375 0.0296875 0.1078125
3 0.9828125 0.43671875 0.034375 0.125
3 0.1640625 0.35234375 0.02578125 0.10859375
3 0.27421875 0.33125 0.03046875 0.08203125
3 0.6375 0.3265625 0.02890625 0.08203125
3 0.2921875 0.3328125 0.02890625 0.07578125
2 0.29765625 0.2921875 0.02890625 0.078125