3 0.2828125 0.42109375 0.02890625 0.10859375
3 0.1171875 0.3640625 0.02578125 0.09375
3 0.246875 0.51171875 0.03359375 0.1234375
3 0.92734375 0.4609375 0.0359375 0.11875
3 0.784375 0.340625 0.02421875 0.0875
3 0.4921875 0.396875 0.0296875 0.09140625
3 0.87578125 0.38203125 0.02578125 0.1015625
3 0.53125 0.34453125 0.02265625 0.07578125
3 0.753125 0.67109375 0.0421875 0.1515625
3 0.8421875 0.3609375 0.021875 0.090625
3 0.58359375 0.4203125 0.0296875 0.1015625
3 0.44375 0.3296875 0.025 0.07890625
2 0.6078125 0.4046875 0.02578125 0.10625
3 0.48125 0.33125 0.02578125 0.07421875