3 0.2125 0.896875 0.05703125 0.1796875
3 0.359375 0.49765625 0.0375 0.11015625
3 0.60234375 0.6671875 0.0390625 0.1375
1 0.83671875 0.35859375 0.02109375 0.0859375
3 0.48515625 0.48125 0.03984375 0.1125
3 0.79609375 0.61640625 0.03828125 0.12578125
3 0.15234375 0.61875 0.03671875 0.1234375
3 0.75625 0.503125 0.03046875 0.10546875
3 0.43203125 0.65390625 0.04375 0.1296875
3 0.70703125 0.4859375 0.040625 0.0953125
3 0.3828125 0.378125 0.028125 0.0859375
3 0.52890625 0.4375 0.03125 0.10546875
3 0.16640625 0.409375 0.028125 0.103125
3 0.40078125 0.64296875 0.03125 0.1234375
0 0.325 0.678125 0.01484375 0.0296875
2 0.15625 0.475 0.02890625 0.1046875