1 0.4140625 0.43359375 0.0296875 0.08984375
3 0.2703125 0.49375 0.034375 0.0734375
3 0.7140625 0.60390625 0.04609375 0.11953125
3 0.05859375 0.56875 0.0484375 0.11640625
3 0.32578125 0.50390625 0.03828125 0.10234375
3 0.44453125 0.5234375 0.04375 0.1
3 0.87734375 0.66796875 0.05390625 0.1296875
3 0.08359375 0.50234375 0.04375 0.07890625
3 0.6625 0.60078125 0.0359375 0.1078125
3 0.19765625 0.49296875 0.02578125 0.09375
3 0.6125 0.56796875 0.01875 0.1140625
0 0.84453125 0.71171875 0.01953125 0.03359375
2 0.63203125 0.58984375 0.01953125 0.1203125