3 0.23515625 0.41875 0.05 0.134375
3 0.8765625 0.51953125 0.05234375 0.13359375
3 0.75546875 0.41484375 0.05078125 0.10390625
3 0.20625 0.83046875 0.0578125 0.1921875
3 0.46875 0.33671875 0.0375 0.10546875
3 0.61953125 0.31328125 0.028125 0.090625
3 0.790625 0.303125 0.03125 0.090625
3 0.84921875 0.325 0.04765625 0.0890625
2 0.68515625 0.46484375 0.03125 0.11875
3 0.6953125 0.346875 0.03671875 0.10390625
3 0.15234375 0.51953125 0.04609375 0.125
3 0.75078125 0.54609375 0.053125 0.1359375
3 0.1671875 0.49296875 0.04296875 0.14375
0 0.7765625 0.334375 0.009375 0.0203125
2 0.57734375 0.25 0.03671875 0.07109375