3 0.5140625 0.0515625 0.015625 0.04453125
0 0.5046875 0.0703125 0.01328125 0.0203125
3 0.30390625 0.190625 0.02109375 0.06953125
2 0.26640625 0.19375 0.0203125 0.07265625
3 0.01875 0.2828125 0.03359375 0.1
3 0.23359375 0.47265625 0.0328125 0.109375
3 0.27578125 0.48359375 0.025 0.1
3 0.28046875 0.39453125 0.0296875 0.08515625
3 0.3609375 0.51015625 0.01640625 0.09375
3 0.38515625 0.5125 0.02890625 0.09296875
3 0.37109375 0.4765625 0.0203125 0.08984375
3 0.40625 0.46875 0.02265625 0.096875
3 0.5046875 0.4828125 0.02421875 0.0953125
3 0.5328125 0.48125 0.03125 0.09296875
3 0.4953125 0.2453125 0.03203125 0.08671875
3 0.60078125 0.3671875 0.02421875 0.09296875
3 0.64453125 0.4359375 0.0203125 0.08828125
1 0.6578125 0.41953125 0.0234375 0.1046875
3 0.61953125 0.4328125 0.015625 0.096875