2 0.44375 0.51171875 0.03203125 0.1328125
3 0.97421875 0.76640625 0.05078125 0.17421875
3 0.6203125 0.74453125 0.04609375 0.16328125
3 0.09296875 0.578125 0.04140625 0.146875
3 0.51875 0.5234375 0.03359375 0.13203125
3 0.8734375 0.50078125 0.03984375 0.12109375
3 0.55234375 0.4171875 0.03046875 0.1109375
3 0.27890625 0.3765625 0.0359375 0.10234375
3 0.68984375 0.41328125 0.0328125 0.115625
3 0.18828125 0.509375 0.03359375 0.1078125
3 0.85078125 0.36953125 0.02890625 0.1015625
3 0.37734375 0.403125 0.03203125 0.11328125
3 0.51953125 0.4171875 0.028125 0.1078125
3 0.1828125 0.44921875 0.0265625 0.0953125
2 0.40078125 0.2765625 0.0296875 0.07734375