2 0.4609375 0.459375 0.02734375 0.10234375
3 0.44765625 0.38828125 0.0234375 0.0796875
3 0.5453125 0.4453125 0.03515625 0.103125
3 0.88046875 0.4703125 0.03203125 0.11640625
3 0.74921875 0.63984375 0.03515625 0.14296875
3 0.3125 0.64609375 0.04140625 0.1546875
3 0.70078125 0.38203125 0.03203125 0.0921875
3 0.30234375 0.428125 0.03203125 0.09921875
3 0.1859375 0.521875 0.03046875 0.11953125
3 0.15625 0.421875 0.02890625 0.10390625
3 0.6234375 0.39453125 0.021875 0.0890625
3 0.24765625 0.3640625 0.02109375 0.08203125
3 0.62109375 0.33203125 0.01796875 0.06484375
3 0.40625 0.3546875 0.0234375 0.0671875
0 0.33203125 0.38046875 0.01640625 0.01953125
3 0.46171875 0.34453125 0.01796875 0.0578125