3 0.5859375 0.515625 0.05390625 0.10546875
3 0.43125 0.49609375 0.03359375 0.11328125
3 0.509375 0.5171875 0.0390625 0.11171875
3 0.41953125 0.6453125 0.0453125 0.09921875
3 0.81875 0.403125 0.0265625 0.09140625
2 0.7546875 0.62578125 0.034375 0.13203125
3 0.0703125 0.81328125 0.04296875 0.1734375
3 0.5109375 0.70625 0.04140625 0.1421875
3 0.54140625 0.446875 0.02890625 0.1046875
3 0.66484375 0.375 0.02421875 0.0890625
1 0.353125 0.3453125 0.02109375 0.08125
3 0.46015625 0.72265625 0.0421875 0.1328125
3 0.8625 0.540625 0.03203125 0.1203125
3 0.85546875 0.7296875 0.0375 0.15390625
3 0.828125 0.33984375 0.01953125 0.08203125
3 0.22890625 0.5234375 0.02578125 0.1078125
3 0.22109375 0.59765625 0.034375 0.12109375
2 0.9203125 0.25234375 0.0203125 0.06640625
3 0.83984375 0.70625 0.03515625 0.1609375