2 0.084375 0.27109375 0.04921875 0.125
3 0.01875 0.7859375 0.034375 0.17109375
3 0.365625 0.5953125 0.04375 0.1515625
3 0.465625 0.4375 0.02421875 0.115625
3 0.4859375 0.396875 0.02265625 0.1234375
3 0.51328125 0.28359375 0.03359375 0.08046875
3 0.50859375 0.35859375 0.025 0.096875
3 0.60703125 0.328125 0.0359375 0.103125
3 0.715625 0.31015625 0.02265625 0.0953125
3 0.7359375 0.32578125 0.02578125 0.1015625
3 0.75234375 0.58046875 0.0515625 0.16015625
3 0.8765625 0.309375 0.03203125 0.09140625
3 0.90546875 0.371875 0.02578125 0.1265625
3 0.9640625 0.38359375 0.03671875 0.125
2 0.846875 0.428125 0.04609375 0.14375