3 0.2453125 0.4515625 0.04453125 0.125
3 0.23984375 0.259375 0.025 0.08984375
3 0.27265625 0.39921875 0.0375 0.1
3 0.409375 0.28828125 0.028125 0.0984375
3 0.3953125 0.38515625 0.03359375 0.103125
2 0.37578125 0.39765625 0.02109375 0.115625
3 0.38515625 0.5765625 0.0375 0.146875
3 0.4625 0.48984375 0.04140625 0.1125
3 0.52421875 0.4515625 0.02890625 0.128125
3 0.5875 0.47421875 0.0328125 0.134375
3 0.77421875 0.36875 0.03359375 0.1078125
3 0.8234375 0.45234375 0.03046875 0.1234375
3 0.9390625 0.52890625 0.0390625 0.125
0 0.45234375 0.346875 0.0140625 0.025