3 0.05390625 0.34453125 0.03125 0.103125
3 0.27578125 0.71640625 0.046875 0.15703125
3 0.27890625 0.41015625 0.03359375 0.1078125
3 0.3703125 0.28046875 0.02578125 0.09140625
3 0.371875 0.515625 0.03359375 0.1265625
3 0.41171875 0.53359375 0.0578125 0.1203125
3 0.565625 0.5109375 0.0359375 0.1234375
3 0.66484375 0.4421875 0.03203125 0.1125
3 0.525 0.2875 0.025 0.09375
3 0.690625 0.38671875 0.03125 0.10625
3 0.81328125 0.49609375 0.02890625 0.1375
3 0.8375 0.3609375 0.03984375 0.1015625
3 0.959375 0.42265625 0.03046875 0.08671875
3 0.97109375 0.5109375 0.0359375 0.1359375
2 0.52890625 0.38359375 0.0265625 0.103125
0 0.4234375 0.4671875 0.0234375 0.04453125