1 0.4296875 0.26015625 0.034375 0.08515625
3 0.93359375 0.46171875 0.04453125 0.11015625
3 0.66640625 0.5234375 0.04453125 0.10546875
3 0.72265625 0.565625 0.05546875 0.1140625
3 0.1203125 0.40703125 0.0453125 0.1296875
3 0.26953125 0.334375 0.034375 0.084375
3 0.05078125 0.31953125 0.0390625 0.103125
3 0.7703125 0.39453125 0.06171875 0.1078125
3 0.22421875 0.3 0.0421875 0.09609375
3 0.14375 0.28984375 0.0375 0.096875
3 0.37265625 0.3171875 0.03828125 0.0875
0 0.6203125 0.5625 0.01796875 0.02578125