3 0.121875 0.6015625 0.0265625 0.06953125
3 0.48359375 0.7265625 0.02734375 0.084375
3 0.7171875 0.64140625 0.02578125 0.071875
3 0.390625 0.69453125 0.028125 0.08671875
3 0.67421875 0.64453125 0.02265625 0.06953125
3 0.23984375 0.62578125 0.02109375 0.065625
3 0.6046875 0.57265625 0.01484375 0.05625
3 0.26015625 0.5625 0.0203125 0.0546875
3 0.63125 0.58515625 0.01796875 0.06328125
3 0.37421875 0.58125 0.021875 0.05546875
3 0.36015625 0.5359375 0.015625 0.040625
3 0.5109375 0.61796875 0.02265625 0.06171875
1 0.7 0.51484375 0.01953125 0.04765625
3 0.22734375 0.58203125 0.01875 0.05390625
3 0.09296875 0.590625 0.028125 0.06640625
3 0.396875 0.5671875 0.01328125 0.053125