3 0.3328125 0.8765625 0.05625 0.19375
3 0.58359375 0.446875 0.046875 0.1171875
3 0.2921875 0.484375 0.03828125 0.12890625
3 0.24765625 0.23046875 0.0296875 0.096875
3 0.809375 0.14765625 0.02109375 0.071875
3 0.57109375 0.2984375 0.02734375 0.0953125
3 0.54296875 0.159375 0.01875 0.0703125
2 0.7859375 0.29375 0.02734375 0.0984375
3 0.6484375 0.178125 0.0203125 0.07421875
3 0.9125 0.40078125 0.03046875 0.12109375
3 0.4640625 0.3015625 0.02578125 0.1015625
3 0.92578125 0.18828125 0.02578125 0.0859375
3 0.6 0.3765625 0.0296875 0.10625
3 0.3109375 0.659375 0.06640625 0.153125
2 0.315625 0.0875 0.015625 0.05078125