3 0.796875 0.69609375 0.053125 0.128125
3 0.321875 0.715625 0.040625 0.140625
3 0.34453125 0.44921875 0.03828125 0.10859375
1 0.46953125 0.346875 0.01953125 0.07890625
3 0.1421875 0.51640625 0.03984375 0.109375
3 0.36171875 0.703125 0.03671875 0.12890625
3 0.38203125 0.62109375 0.0390625 0.11875
3 0.5640625 0.5953125 0.034375 0.11875
3 0.12265625 0.3734375 0.02578125 0.0875
3 0.24375 0.40234375 0.03515625 0.10234375
0 0.54765625 0.715625 0.0125 0.0296875
3 0.5984375 0.63984375 0.03515625 0.08203125
3 0.57734375 0.6515625 0.0265625 0.0890625
3 0.97890625 0.68671875 0.0421875 0.14609375