3 0.5890625 0.65 0.0390625 0.14609375
3 0.7984375 0.64609375 0.0375 0.14296875
3 0.53984375 0.51953125 0.0359375 0.11328125
3 0.15234375 0.38671875 0.03671875 0.08984375
3 0.4671875 0.37109375 0.028125 0.08828125
3 0.95859375 0.41171875 0.03046875 0.109375
3 0.709375 0.32109375 0.02265625 0.08828125
2 0.25703125 0.48203125 0.03359375 0.1109375
3 0.67890625 0.46953125 0.03828125 0.10234375
3 0.85703125 0.328125 0.02421875 0.0859375
3 0.2734375 0.26171875 0.01953125 0.06796875
3 0.40859375 0.28046875 0.0265625 0.0734375
3 0.48046875 0.25234375 0.02109375 0.0640625
3 0.234375 0.54375 0.03125 0.1109375
3 0.14609375 0.2703125 0.02265625 0.07109375
3 0.19609375 0.30625 0.02265625 0.07265625