3 0.74609375 0.32421875 0.0390625 0.10390625
3 0.815625 0.1625 0.0390625 0.08671875
3 0.559375 0.109375 0.025 0.06796875
3 0.9328125 0.534375 0.05078125 0.13203125
3 0.46875 0.27421875 0.03984375 0.09921875
3 0.8 0.12109375 0.0296875 0.08203125
3 0.70703125 0.18203125 0.02734375 0.07890625
3 0.40390625 0.5421875 0.0453125 0.1421875
3 0.6890625 0.09765625 0.0265625 0.075
3 0.33359375 0.55625 0.0390625 0.1140625
3 0.72578125 0.115625 0.03046875 0.0859375
3 0.49921875 0.25625 0.03125 0.0984375
2 0.634375 0.184375 0.02734375 0.09296875
0 0.575 0.47890625 0.0203125 0.03671875