2 0.3890625 0.26796875 0.0390625 0.096875
3 0.74765625 0.47578125 0.0453125 0.121875
3 0.4984375 0.3 0.0421875 0.075
3 0.6234375 0.65078125 0.06015625 0.13984375
3 0.34453125 0.42109375 0.04375 0.11875
3 0.46796875 0.1015625 0.02421875 0.059375
3 0.41484375 0.0953125 0.0234375 0.0546875
3 0.74609375 0.2046875 0.0296875 0.08671875
1 0.9390625 0.10625 0.02578125 0.06796875
3 0.203125 0.26015625 0.03046875 0.0953125
3 0.13046875 0.45625 0.03671875 0.10546875
3 0.0328125 0.93203125 0.0609375 0.134375
3 0.0640625 0.13984375 0.028125 0.06484375
0 0.4484375 0.51953125 0.01953125 0.0265625
3 0.63828125 0.165625 0.03125 0.08125