3 0.36953125 0.890625 0.0421875 0.18828125
3 0.1796875 0.51796875 0.04140625 0.13125
3 0.27890625 0.55625 0.040625 0.128125
3 0.29375 0.39921875 0.01875 0.09140625
3 0.3140625 0.30625 0.025 0.08203125
0 0.34140625 0.3296875 0.0140625 0.0265625
3 0.4 0.38984375 0.03046875 0.1
2 0.4234375 0.4609375 0.021875 0.103125
3 0.4515625 0.39765625 0.0234375 0.08828125
3 0.44375 0.31875 0.0203125 0.07578125
3 0.62265625 0.38203125 0.0265625 0.096875
3 0.66015625 0.6109375 0.03359375 0.1359375
3 0.69609375 0.5640625 0.034375 0.1375
3 0.75859375 0.36640625 0.0296875 0.1125
3 0.95390625 0.42578125 0.0265625 0.1203125