3 0.70234375 0.428125 0.021875 0.06875
3 0.75625 0.58203125 0.02421875 0.078125
3 0.4859375 0.72265625 0.03046875 0.08828125
3 0.5921875 0.15 0.01640625 0.05703125
3 0.63671875 0.35078125 0.02109375 0.06875
3 0.6109375 0.76171875 0.03125 0.084375
3 0.40703125 0.28984375 0.015625 0.0546875
3 0.4765625 0.26875 0.01875 0.05625
3 0.39375 0.34140625 0.02734375 0.059375
3 0.38671875 0.42265625 0.01953125 0.07265625
3 0.45234375 0.66484375 0.025 0.0734375
3 0.42578125 0.3171875 0.01796875 0.06015625
1 0.25625 0.346875 0.01875 0.0671875
3 0.52109375 0.534375 0.0265625 0.084375
3 0.4234375 0.66875 0.02734375 0.071875
2 0.7015625 0.54296875 0.02265625 0.078125
3 0.5265625 0.39296875 0.0234375 0.065625
3 0.49765625 0.26484375 0.01796875 0.053125
3 0.421875 0.61953125 0.02109375 0.0765625
2 0.440625 0.07734375 0.02109375 0.04296875