2 0.52109375 0.271875 0.01875 0.07578125
3 0.2890625 0.8265625 0.046875 0.17265625
1 0.94921875 0.21484375 0.0203125 0.0734375
3 0.8359375 0.57421875 0.03359375 0.1265625
3 0.8671875 0.43671875 0.028125 0.11171875
3 0.5625 0.5640625 0.0328125 0.1265625
3 0.6953125 0.4234375 0.028125 0.10078125
3 0.40546875 0.46796875 0.02890625 0.109375
3 0.94609375 0.61796875 0.03984375 0.13359375
3 0.46171875 0.73203125 0.04609375 0.17734375
3 0.43515625 0.384375 0.02890625 0.1
3 0.63046875 0.21796875 0.01875 0.06484375
3 0.6125 0.36796875 0.02578125 0.09453125
3 0.7984375 0.31328125 0.0234375 0.084375
3 0.2265625 0.30625 0.02578125 0.08828125
3 0.68359375 0.23203125 0.0234375 0.07578125
3 0.49453125 0.7625 0.03828125 0.15078125
3 0.0515625 0.2640625 0.0234375 0.084375
3 0.509375 0.22421875 0.0171875 0.06640625
3 0.21484375 0.1734375 0.01640625 0.0546875