2 0.8421875 0.33828125 0.02734375 0.08203125
3 0.7734375 0.66640625 0.04296875 0.121875
3 0.9328125 0.3546875 0.02734375 0.096875
3 0.490625 0.35703125 0.028125 0.09765625
3 0.41796875 0.40703125 0.03359375 0.10859375
3 0.7515625 0.46875 0.034375 0.10859375
3 0.87734375 0.3578125 0.02890625 0.0984375
3 0.3578125 0.55625 0.03828125 0.128125
3 0.3921875 0.525 0.0328125 0.125
3 0.38515625 0.25546875 0.025 0.08359375
3 0.65 0.30625 0.02421875 0.0796875
3 0.553125 0.20859375 0.02109375 0.07109375
3 0.19921875 0.36953125 0.0296875 0.10625
3 0.87265625 0.86875 0.05078125 0.184375
3 0.7640625 0.2796875 0.0234375 0.0875
3 0.88125 0.1953125 0.0203125 0.0609375
3 0.96484375 0.26796875 0.02265625 0.075
3 0.990625 0.2921875 0.01796875 0.0953125
0 0.4515625 0.6859375 0.0171875 0.0328125
2 0.39296875 0.18125 0.02109375 0.053125