3 0.2953125 0.6296875 0.03984375 0.13125
3 0.51328125 0.64453125 0.0328125 0.12890625
3 0.6609375 0.5671875 0.04140625 0.125
3 0.33203125 0.5515625 0.03359375 0.1140625
3 0.615625 0.52890625 0.0328125 0.1265625
1 0.94609375 0.4890625 0.0296875 0.11640625
3 0.01953125 0.60234375 0.0359375 0.128125
3 0.08046875 0.46171875 0.03828125 0.10625
3 0.28515625 0.4625 0.02421875 0.09140625
3 0.221875 0.44765625 0.028125 0.09609375
3 0.525 0.5265625 0.0265625 0.10546875
3 0.528125 0.4671875 0.0265625 0.0875
3 0.27578125 0.41953125 0.021875 0.078125
3 0.2140625 0.3984375 0.025 0.08125