3 0.84453125 0.384375 0.03515625 0.11796875
3 0.58203125 0.2453125 0.03203125 0.10859375
3 0.90546875 0.39921875 0.03984375 0.109375
3 0.8140625 0.20546875 0.034375 0.1
3 0.5 0.5765625 0.04765625 0.1359375
3 0.9484375 0.2578125 0.0359375 0.1046875
3 0.5609375 0.46015625 0.0375 0.13359375
3 0.07578125 0.553125 0.04296875 0.13671875
3 0.9640625 0.48828125 0.04140625 0.13359375
3 0.89921875 0.29453125 0.03671875 0.1
3 0.4109375 0.340625 0.0296875 0.10703125
3 0.3453125 0.36328125 0.034375 0.1171875
3 0.51015625 0.4640625 0.0296875 0.1109375
1 0.33984375 0.14765625 0.02265625 0.08125
3 0.9015625 0.815625 0.084375 0.18203125
0 0.3109375 0.2375 0.021875 0.0453125
3 0.86875 0.78046875 0.05078125 0.1390625