2 0.1078125 0.44453125 0.03125 0.1046875
3 0.52265625 0.828125 0.04609375 0.18671875
3 0.65 0.56953125 0.0359375 0.12890625
3 0.71171875 0.54140625 0.03828125 0.12578125
3 0.5546875 0.453125 0.03046875 0.1125
3 0.3609375 0.47890625 0.03984375 0.1109375
3 0.1890625 0.4265625 0.03515625 0.0984375
3 0.51328125 0.5734375 0.03359375 0.12421875
3 0.0484375 0.55 0.04453125 0.1203125
3 0.46875 0.49140625 0.0328125 0.11796875
3 0.6 0.48671875 0.034375 0.11171875
3 0.24140625 0.41875 0.028125 0.08828125
1 0.9046875 0.465625 0.02109375 0.11171875
3 0.3484375 0.40078125 0.021875 0.08515625
3 0.0671875 0.48828125 0.03203125 0.11484375
3 0.21796875 0.4203125 0.02109375 0.08203125
3 0.2078125 0.378125 0.0265625 0.07578125