3 0.35859375 0.76015625 0.04609375 0.14921875
3 0.6125 0.6296875 0.04609375 0.1265625
2 0.6828125 0.43984375 0.025 0.10546875
3 0.365625 0.41953125 0.0359375 0.10703125
3 0.70390625 0.5046875 0.0328125 0.1125
3 0.5265625 0.5296875 0.034375 0.1109375
3 0.14609375 0.565625 0.03828125 0.125
3 0.26640625 0.5453125 0.03515625 0.11953125
3 0.30390625 0.4796875 0.040625 0.11484375
3 0.81015625 0.4765625 0.03046875 0.10859375
3 0.58828125 0.446875 0.03046875 0.0984375
3 0.83203125 0.3625 0.02734375 0.09140625
3 0.42265625 0.36796875 0.028125 0.09609375
3 0.559375 0.45859375 0.02734375 0.10546875
3 0.39296875 0.3921875 0.0265625 0.103125
2 0.54765625 0.23671875 0.021875 0.06796875
3 0.99375 0.4765625 0.01171875 0.13359375