3 0.396875 0.36796875 0.0171875 0.06171875
3 0.7078125 0.32421875 0.01796875 0.0625
3 0.259375 0.278125 0.0171875 0.0546875
3 0.440625 0.22890625 0.015625 0.05078125
3 0.4796875 0.14765625 0.0125 0.040625
3 0.5578125 0.22890625 0.01171875 0.04609375
3 0.7234375 0.24296875 0.015625 0.05625
3 0.65390625 0.1796875 0.01796875 0.0484375
3 0.63125 0.4078125 0.0140625 0.065625
3 0.5421875 0.17578125 0.015625 0.04140625
3 0.4984375 0.36875 0.025 0.06015625
2 0.4828125 0.24765625 0.0140625 0.0484375
3 0.4296875 0.18046875 0.01171875 0.046875
3 0.2890625 0.21953125 0.01640625 0.053125
3 0.54765625 0.15703125 0.01328125 0.05234375
3 0.40703125 0.18125 0.01171875 0.04921875
3 0.31484375 0.2453125 0.01484375 0.0515625
3 0.68671875 0.3015625 0.01640625 0.0578125
3 0.62421875 0.1984375 0.0171875 0.04765625
3 0.584375 0.15390625 0.01171875 0.034375
3 0.4109375 0.17734375 0.01328125 0.04921875
1 0.09375 0.20234375 0.0125 0.05546875
2 0.45234375 0.11015625 0.0125 0.03984375