3 0.82890625 0.7109375 0.0921875 0.18203125
3 0.49140625 0.484375 0.05390625 0.12265625
3 0.290625 0.51328125 0.05859375 0.13515625
3 0.44140625 0.27421875 0.04921875 0.109375
3 0.21484375 0.446875 0.05625 0.14921875
3 0.5953125 0.23515625 0.040625 0.10234375
3 0.4078125 0.50703125 0.05390625 0.121875
3 0.7578125 0.36015625 0.04765625 0.134375
3 0.7046875 0.38671875 0.04453125 0.1109375
3 0.2984375 0.21796875 0.0375 0.08984375
2 0.34296875 0.41484375 0.046875 0.125
3 0.56484375 0.365625 0.0484375 0.13828125
3 0.5921875 0.37734375 0.040625 0.1171875
0 0.36953125 0.559375 0.02265625 0.034375