2 0.32890625 0.31640625 0.02421875 0.078125
3 0.8703125 0.45078125 0.0328125 0.11796875
2 0.465625 0.503125 0.03359375 0.1171875
3 0.55546875 0.640625 0.046875 0.1484375
3 0.49296875 0.5578125 0.03046875 0.12578125
3 0.33359375 0.4171875 0.034375 0.11171875
3 0.95 0.58515625 0.0359375 0.14765625
3 0.6578125 0.43359375 0.03203125 0.109375
3 0.959375 0.41875 0.03203125 0.11796875
3 0.5359375 0.4375 0.0265625 0.10625
3 0.8125 0.37109375 0.02578125 0.096875
3 0.62109375 0.4046875 0.02734375 0.0953125
3 0.18671875 0.50859375 0.03125 0.12109375
3 0.58984375 0.38125 0.0234375 0.0984375
3 0.26328125 0.35546875 0.02578125 0.09140625
3 0.8515625 0.375 0.025 0.0890625
3 0.2046875 0.45390625 0.0234375 0.10703125
3 0.51015625 0.37890625 0.0234375 0.08125
3 0.1828125 0.43203125 0.02421875 0.09921875
3 0.4859375 0.37734375 0.0234375 0.084375
3 0.9921875 0.4796875 0.01484375 0.13203125
3 0.49453125 0.3578125 0.02109375 0.07421875