3 0.11953125 0.65078125 0.04375 0.146875
3 0.32734375 0.5171875 0.046875 0.1046875
1 0.34921875 0.3453125 0.02421875 0.08984375
3 0.64375 0.42109375 0.0375 0.1109375
3 0.63046875 0.93046875 0.0484375 0.1390625
3 0.71640625 0.36171875 0.0234375 0.096875
3 0.8609375 0.33046875 0.03125 0.0984375
3 0.75546875 0.35859375 0.03671875 0.10625
3 0.73203125 0.48125 0.0390625 0.1234375
3 0.7640625 0.54609375 0.0390625 0.1359375
3 0.9484375 0.5125 0.0359375 0.1265625
2 0.809375 0.5203125 0.0421875 0.1171875