3 0.06328125 0.65 0.05703125 0.1546875
3 0.09140625 0.265625 0.03359375 0.1015625
3 0.2296875 0.721875 0.065625 0.1546875
3 0.21484375 0.27421875 0.0265625 0.08203125
3 0.29375 0.215625 0.0296875 0.07265625
3 0.38671875 0.490625 0.040625 0.1265625
3 0.478125 0.33984375 0.04140625 0.1015625
3 0.55546875 0.225 0.02578125 0.09296875
3 0.6453125 0.26796875 0.03125 0.08828125
3 0.6625 0.33828125 0.0265625 0.1015625
3 0.64765625 0.4390625 0.02890625 0.115625
2 0.5703125 0.34609375 0.03125 0.09375
3 0.69375 0.58203125 0.03671875 0.1453125
3 0.88125 0.24921875 0.0359375 0.096875
3 0.89765625 0.371875 0.03203125 0.1171875
3 0.9515625 0.42890625 0.046875 0.1203125