1 0.49765625 0.32734375 0.01953125 0.0828125
2 0.7984375 0.5609375 0.03203125 0.1234375
3 0.31328125 0.65390625 0.03828125 0.13671875
3 0.5671875 0.40078125 0.025 0.090625
3 0.92265625 0.51640625 0.034375 0.1109375
3 0.28203125 0.8109375 0.04609375 0.18046875
3 0.609375 0.45390625 0.03125 0.0953125
3 0.67734375 0.36953125 0.025 0.0875
3 0.89453125 0.38515625 0.028125 0.09140625
3 0.5265625 0.4015625 0.03125 0.0921875
3 0.69609375 0.634375 0.0359375 0.134375
3 0.7453125 0.38671875 0.025 0.0921875
3 0.4234375 0.51484375 0.02890625 0.10703125
3 0.31171875 0.41640625 0.0328125 0.0984375
3 0.71484375 0.6859375 0.03203125 0.134375
3 0.096875 0.56875 0.05 0.128125
2 0.95703125 0.2265625 0.01640625 0.05078125
3 0.06484375 0.57890625 0.02734375 0.1234375