3 0.61015625 0.5296875 0.04921875 0.1171875
2 0.415625 0.61640625 0.0359375 0.11640625
3 0.746875 0.58046875 0.03828125 0.10703125
3 0.25703125 0.56484375 0.0328125 0.1125
1 0.26484375 0.45703125 0.02421875 0.0859375
3 0.84140625 0.58671875 0.04765625 0.11015625
3 0.5015625 0.42578125 0.0265625 0.0875
0 0.8484375 0.5328125 0.01640625 0.04375
3 0.45703125 0.4953125 0.02734375 0.09921875
3 0.3265625 0.49609375 0.03515625 0.1125
3 0.6484375 0.4546875 0.025 0.08671875
3 0.409375 0.4703125 0.02734375 0.0984375
3 0.45625 0.43515625 0.02734375 0.08359375
3 0.2796875 0.48671875 0.021875 0.08515625
3 0.43203125 0.4515625 0.021875 0.07890625
2 0.74453125 0.325 0.021875 0.0609375
3 0.2671875 0.49609375 0.03046875 0.08515625
3 0.4265625 0.4796875 0.02421875 0.103125