3 0.2046875 0.33984375 0.0328125 0.08046875
3 0.034375 0.371875 0.03203125 0.10234375
3 0.10859375 0.9578125 0.05625 0.08359375
3 0.10625 0.478125 0.03125 0.1015625
3 0.6671875 0.36328125 0.0296875 0.10234375
3 0.36640625 0.36796875 0.03125 0.0859375
3 0.0234375 0.61484375 0.04140625 0.1375
3 0.6203125 0.4234375 0.0296875 0.0953125
3 0.6 0.53203125 0.0296875 0.11796875
3 0.7875 0.43671875 0.0328125 0.11796875
3 0.3875 0.3203125 0.0296875 0.0828125
3 0.12734375 0.34765625 0.02578125 0.078125
3 0.5515625 0.36328125 0.02578125 0.09140625
2 0.175 0.50625 0.03125 0.1234375
3 0.13984375 0.428125 0.03046875 0.10546875
2 0.11640625 0.29140625 0.02578125 0.065625