1 0.50078125 0.453125 0.0265625 0.09453125
3 0.04140625 0.659375 0.0375 0.13828125
3 0.465625 0.5046875 0.03984375 0.10703125
3 0.696875 0.6109375 0.04765625 0.12421875
3 0.103125 0.446875 0.03125 0.103125
3 0.346875 0.478125 0.0328125 0.109375
3 0.3078125 0.45859375 0.02890625 0.11015625
3 0.93671875 0.65078125 0.03203125 0.140625
3 0.284375 0.4625 0.02734375 0.10625
3 0.21640625 0.56328125 0.03203125 0.11328125
3 0.22421875 0.446875 0.025 0.08828125
3 0.23671875 0.5203125 0.0234375 0.096875
0 0.81015625 0.69765625 0.01640625 0.0328125
3 0.73828125 0.63359375 0.0359375 0.125
2 0.02265625 0.51875 0.03203125 0.115625
3 0.75078125 0.5671875 0.04296875 0.09609375