3 0.07109375 0.56171875 0.0421875 0.1234375
3 0.10625 0.44296875 0.0421875 0.1078125
3 0.23203125 0.5203125 0.034375 0.1109375
3 0.28671875 0.3328125 0.025 0.08828125
3 0.4203125 0.34921875 0.03125 0.08203125
3 0.54375 0.25390625 0.02421875 0.07890625
3 0.5453125 0.33984375 0.03046875 0.06171875
3 0.5203125 0.503125 0.03046875 0.1046875
3 0.36484375 0.73515625 0.04765625 0.16171875
3 0.48203125 0.9125 0.04453125 0.16171875
3 0.5484375 0.55703125 0.01796875 0.1359375
3 0.58828125 0.5671875 0.03046875 0.115625
3 0.6859375 0.4515625 0.03046875 0.11875
3 0.8859375 0.60234375 0.04765625 0.14375
2 0.3203125 0.63046875 0.03828125 0.16484375
2 0.44609375 0.21875 0.025 0.05859375
3 0.53984375 0.41015625 0.0375 0.0953125