2 0.6265625 0.4296875 0.025 0.09609375
3 0.0984375 0.4078125 0.034375 0.1046875
3 0.4078125 0.52265625 0.03359375 0.1171875
3 0.6578125 0.5859375 0.0390625 0.12578125
3 0.10859375 0.5640625 0.03984375 0.11640625
3 0.775 0.459375 0.0390625 0.1046875
3 0.65 0.4953125 0.034375 0.0984375
3 0.834375 0.340625 0.02265625 0.08359375
3 0.90859375 0.36171875 0.025 0.08671875
3 0.6 0.38125 0.0234375 0.09140625
3 0.7453125 0.44609375 0.02734375 0.09453125
2 0.128125 0.3015625 0.03046875 0.07265625
3 0.33515625 0.51796875 0.040625 0.1078125
3 0.61796875 0.37578125 0.02265625 0.0890625