3 0.3703125 0.52578125 0.06796875 0.165625
3 0.64921875 0.51640625 0.05859375 0.14296875
3 0.51015625 0.75703125 0.06640625 0.18984375
3 0.54453125 0.47421875 0.05703125 0.13671875
3 0.48046875 0.34375 0.04765625 0.096875
3 0.40859375 0.3578125 0.0359375 0.115625
3 0.34609375 0.26640625 0.0484375 0.0984375
3 0.26328125 0.34296875 0.04765625 0.125
3 0.82421875 0.3953125 0.05078125 0.14453125
2 0.1125 0.39140625 0.05859375 0.1375
3 0.78515625 0.38828125 0.05390625 0.1328125
3 0.284375 0.484375 0.0546875 0.15
3 0.32421875 0.51484375 0.0421875 0.14765625
0 0.4375 0.3921875 0.0125 0.02578125
3 0.6953125 0.3421875 0.03359375 0.140625