3 0.8171875 0.16875 0.034375 0.10234375
3 0.30390625 0.178125 0.03515625 0.09375
3 0.0453125 0.18359375 0.03125 0.07578125
3 0.44296875 0.23984375 0.03125 0.09921875
3 0.24296875 0.2421875 0.034375 0.10625
3 0.38671875 0.12578125 0.028125 0.07578125
3 0.24453125 0.73046875 0.06171875 0.1734375
3 0.40859375 0.30078125 0.03046875 0.090625
3 0.03359375 0.246875 0.040625 0.09921875
3 0.15859375 0.6046875 0.053125 0.16328125
3 0.20078125 0.1390625 0.0359375 0.06796875
3 0.71953125 0.42109375 0.03046875 0.11953125
3 0.77109375 0.34921875 0.03984375 0.128125
0 0.61171875 0.5609375 0.01796875 0.05703125
2 0.31171875 0.4375 0.03359375 0.128125