3 0.53359375 0.6453125 0.0578125 0.12109375
3 0.3984375 0.56640625 0.0515625 0.0890625
2 0.4234375 0.39296875 0.025 0.10234375
3 0.775 0.40390625 0.04921875 0.1109375
3 0.9109375 0.559375 0.06015625 0.11171875
3 0.49453125 0.484375 0.0515625 0.1015625
3 0.2875 0.54453125 0.0359375 0.11796875
3 0.30546875 0.37890625 0.02890625 0.10859375
3 0.2421875 0.4203125 0.0328125 0.1046875
3 0.13515625 0.5765625 0.0359375 0.13203125
3 0.04140625 0.33046875 0.0265625 0.09921875
3 0.43125 0.68046875 0.0578125 0.14375
3 0.015625 0.74765625 0.03046875 0.17578125
3 0.5578125 0.31484375 0.02421875 0.090625
3 0.42890625 0.321875 0.021875 0.07734375
2 0.040625 0.1671875 0.02109375 0.06171875
3 0.45859375 0.54609375 0.04296875 0.10625
0 0.57578125 0.47265625 0.0171875 0.0359375