3 0.93125 0.73046875 0.05546875 0.165625
1 0.8734375 0.4875 0.03203125 0.09296875
2 0.1609375 0.45 0.0296875 0.10625
3 0.34609375 0.4734375 0.034375 0.1125
3 0.759375 0.58203125 0.03984375 0.1359375
3 0.55390625 0.59140625 0.0359375 0.1234375
3 0.04765625 0.5890625 0.046875 0.1265625
3 0.12109375 0.5609375 0.03828125 0.1296875
3 0.21875 0.50625 0.03203125 0.11015625
3 0.428125 0.54375 0.034375 0.11015625
3 0.2203125 0.4203125 0.028125 0.08984375
3 0.24375 0.478125 0.0296875 0.10078125
3 0.57421875 0.528125 0.03125 0.121875
3 0.40078125 0.45703125 0.03046875 0.10546875
3 0.41484375 0.4765625 0.02734375 0.08828125
3 0.5546875 0.50703125 0.02890625 0.115625