3 0.3625 0.94375 0.06328125 0.1125
3 0.47578125 0.390625 0.03828125 0.09140625
3 0.09375 0.29921875 0.0390625 0.0921875
3 0.54296875 0.52578125 0.0515625 0.11640625
0 0.63984375 0.440625 0.01328125 0.0234375
3 0.53828125 0.39296875 0.028125 0.09296875
3 0.425 0.34453125 0.0328125 0.1
3 0.9109375 0.35078125 0.0375 0.11484375
3 0.1953125 0.471875 0.03359375 0.1078125
3 0.1625 0.3453125 0.03203125 0.103125
3 0.18046875 0.265625 0.0296875 0.08046875
2 0.02421875 0.56796875 0.04140625 0.146875
3 0.22890625 0.57734375 0.03671875 0.13203125