3 0.22890625 0.65390625 0.0578125 0.17734375
3 0.35078125 0.3578125 0.03828125 0.1140625
3 0.34375 0.53359375 0.05234375 0.1359375
3 0.37734375 0.7234375 0.0484375 0.17265625
3 0.66171875 0.68359375 0.06015625 0.1421875
3 0.4390625 0.15703125 0.021875 0.09296875
3 0.52578125 0.2328125 0.03203125 0.0984375
3 0.6875 0.40625 0.03984375 0.115625
3 0.7765625 0.47734375 0.04609375 0.17109375
3 0.67421875 0.1390625 0.03359375 0.0953125
3 0.70859375 0.24609375 0.0265625 0.1125
3 0.80390625 0.190625 0.03203125 0.1
3 0.87421875 0.28203125 0.0359375 0.1140625
3 0.91484375 0.30625 0.04453125 0.08515625
2 0.45078125 0.25 0.028125 0.09296875