3 0.4171875 0.49609375 0.04140625 0.10859375
1 0.596875 0.44375 0.0328125 0.1046875
3 0.48828125 0.565625 0.040625 0.1140625
3 0.18671875 0.5640625 0.03359375 0.11171875
2 0.05234375 0.52578125 0.034375 0.11796875
3 0.33828125 0.46640625 0.0328125 0.1015625
3 0.3015625 0.51875 0.0296875 0.1078125
3 0.1640625 0.44375 0.02734375 0.1
3 0.21953125 0.5046875 0.028125 0.103125
3 0.725 0.66484375 0.0640625 0.11875
3 0.2765625 0.46015625 0.0296875 0.109375
3 0.21328125 0.44375 0.021875 0.08515625
0 0.69609375 0.66953125 0.01953125 0.03828125