3 0.79765625 0.7203125 0.04375 0.16640625
0 0.7765625 0.7765625 0.01484375 0.04296875
3 0.36875 0.67265625 0.053125 0.1265625
3 0.3609375 0.4765625 0.03125 0.1203125
3 0.2375 0.4578125 0.0375 0.11875
3 0.1703125 0.3234375 0.0265625 0.1
3 0.49921875 0.41171875 0.028125 0.1078125
3 0.75078125 0.32734375 0.0359375 0.1109375
3 0.54609375 0.221875 0.02578125 0.0984375
3 0.490625 0.3015625 0.02578125 0.08515625
2 0.02109375 0.425 0.040625 0.134375
3 0.4671875 0.2828125 0.025 0.096875
3 0.09609375 0.13828125 0.028125 0.07265625