3 0.41796875 0.55546875 0.040625 0.13828125
3 0.5484375 0.65234375 0.03984375 0.1390625
3 0.4703125 0.95 0.05625 0.1
3 0.65859375 0.59921875 0.0359375 0.1375
3 0.06875 0.3765625 0.03125 0.1078125
3 0.6046875 0.58515625 0.0359375 0.13515625
3 0.09921875 0.42734375 0.0328125 0.1109375
3 0.35078125 0.4578125 0.03671875 0.1125
3 0.565625 0.3734375 0.02734375 0.1171875
3 0.31015625 0.32421875 0.025 0.09140625
3 0.16484375 0.54609375 0.03046875 0.13359375
2 0.3 0.42421875 0.0359375 0.1109375
3 0.23671875 0.240625 0.0203125 0.07265625
0 0.65078125 0.6578125 0.0140625 0.02890625