3 0.35546875 0.88125 0.05234375 0.20234375
3 0.4453125 0.55859375 0.04453125 0.13046875
3 0.56953125 0.44609375 0.03984375 0.08828125
3 0.08203125 0.4796875 0.03125 0.12578125
3 0.6125 0.53359375 0.03828125 0.11484375
2 0.4078125 0.475 0.028125 0.1125
3 0.26015625 0.58515625 0.0359375 0.12734375
3 0.88671875 0.3984375 0.03203125 0.11171875
3 0.65703125 0.359375 0.02890625 0.0984375
3 0.4640625 0.41875 0.02890625 0.1
3 0.70234375 0.3125 0.025 0.08359375
3 0.29921875 0.421875 0.0296875 0.1015625
3 0.9203125 0.36015625 0.0296875 0.0953125
3 0.34765625 0.44140625 0.03984375 0.1015625
3 0.2625 0.47421875 0.03125 0.09921875
3 0.29609375 0.3484375 0.02265625 0.07109375
2 0.23125 0.28671875 0.0265625 0.06015625
0 0.43203125 0.46328125 0.01171875 0.02421875