2 0.51875 0.56171875 0.02734375 0.11953125
3 0.33984375 0.39453125 0.028125 0.08359375
3 0.26796875 0.53125 0.0296875 0.10078125
3 0.240625 0.4359375 0.02734375 0.0921875
3 0.07265625 0.4046875 0.025 0.09140625
3 0.49140625 0.38125 0.0265625 0.06953125
3 0.45390625 0.69140625 0.04609375 0.1328125
3 0.175 0.346875 0.02109375 0.06953125
3 0.83671875 0.465625 0.02265625 0.096875
3 0.41640625 0.315625 0.01953125 0.05859375
2 0.6234375 0.29375 0.01640625 0.06328125
0 0.584375 0.4484375 0.0125 0.02421875
3 0.40625 0.553125 0.0484375 0.11953125
3 0.45703125 0.459375 0.025 0.065625
3 0.43984375 0.42421875 0.02109375 0.07734375
3 0.42578125 0.3515625 0.02890625 0.06953125
3 0.70078125 0.4 0.03359375 0.09921875
3 0.91171875 0.34609375 0.02734375 0.08515625
2 0.19609375 0.271875 0.01796875 0.05078125