3 0.0125 0.7515625 0.025 0.16015625
3 0.515625 0.46875 0.046875 0.1375
3 0.86171875 0.753125 0.03984375 0.16953125
3 0.93671875 0.45234375 0.0421875 0.1359375
3 0.74296875 0.3859375 0.03984375 0.1109375
3 0.6765625 0.209375 0.025 0.08203125
3 0.653125 0.05546875 0.0203125 0.06484375
3 0.88046875 0.1734375 0.02578125 0.09140625
3 0.93359375 0.21171875 0.0265625 0.08046875
3 0.51484375 0.17578125 0.02578125 0.08046875
3 0.459375 0.1265625 0.034375 0.06796875
3 0.4 0.28203125 0.02578125 0.0984375
3 0.39609375 0.0515625 0.02578125 0.08203125
3 0.27578125 0.13359375 0.0265625 0.07578125
3 0.2234375 0.20546875 0.03359375 0.1078125
3 0.175 0.253125 0.0390625 0.0984375
3 0.08828125 0.3203125 0.040625 0.1125
2 0.35859375 0.2984375 0.0375 0.109375
0 0.33046875 0.9046875 0.0265625 0.04921875