3 0.603125 0.38984375 0.03515625 0.096875
3 0.31875 0.4046875 0.03046875 0.11015625
3 0.3875 0.47890625 0.0390625 0.11171875
3 0.2203125 0.5765625 0.0421875 0.12890625
3 0.46796875 0.58515625 0.0390625 0.1171875
3 0.859375 0.40234375 0.0390625 0.10546875
3 0.68203125 0.4265625 0.0296875 0.1015625
3 0.3796875 0.90703125 0.06484375 0.1828125
3 0.56796875 0.33125 0.02734375 0.08515625
3 0.7140625 0.33046875 0.03359375 0.0921875
3 0.440625 0.36015625 0.0265625 0.0953125
3 0.4765625 0.47109375 0.03046875 0.10625
3 0.978125 0.4578125 0.0359375 0.12109375
3 0.57421875 0.58125 0.03203125 0.11171875
3 0.915625 0.5109375 0.03359375 0.1328125
2 0.54453125 0.52109375 0.03046875 0.12578125
3 0.25078125 0.4609375 0.0265625 0.12109375
3 0.26484375 0.47578125 0.03046875 0.12265625