3 0.1859375 0.41171875 0.04453125 0.13515625
3 0.53125 0.3375 0.0515625 0.1359375
3 0.3484375 0.5765625 0.0546875 0.146875
3 0.9171875 0.1484375 0.03515625 0.1125
2 0.3 0.11328125 0.02734375 0.1171875
3 0.38984375 0.0640625 0.0328125 0.090625
3 0.615625 0.13359375 0.028125 0.1
3 0.88359375 0.19375 0.0390625 0.10625
3 0.98359375 0.35625 0.0328125 0.109375
3 0.73046875 0.05625 0.0375 0.09765625
3 0.68984375 0.27890625 0.034375 0.11953125
0 0.5171875 0.78984375 0.01796875 0.04296875
3 0.21796875 0.23671875 0.04140625 0.125
3 0.2375 0.17421875 0.02109375 0.1015625
3 0.48671875 0.87109375 0.046875 0.21484375