2 0.5828125 0.396875 0.0234375 0.0859375
3 0.915625 0.6734375 0.04375 0.140625
3 0.43828125 0.52734375 0.040625 0.11796875
3 0.63359375 0.42890625 0.025 0.08828125
3 0.02890625 0.54140625 0.03125 0.121875
3 0.9625 0.48515625 0.03203125 0.11015625
3 0.2578125 0.3953125 0.021875 0.08671875
3 0.6984375 0.48125 0.034375 0.1
3 0.6640625 0.4609375 0.040625 0.1046875
3 0.90859375 0.409375 0.02734375 0.09765625
3 0.5078125 0.47890625 0.0296875 0.090625
3 0.81015625 0.3484375 0.0234375 0.0765625
3 0.328125 0.35859375 0.0234375 0.06875
3 0.6265625 0.3546875 0.0265625 0.065625
3 0.5296875 0.45703125 0.02421875 0.0953125
3 0.490625 0.4234375 0.021875 0.08984375
3 0.2609375 0.4734375 0.01953125 0.1015625
2 0.2546875 0.28203125 0.01796875 0.06015625
3 0.61796875 0.3171875 0.01796875 0.06171875
0 0.43828125 0.41015625 0.0125 0.028125