2 0.15703125 0.45234375 0.034375 0.11328125
3 0.06953125 0.690625 0.0421875 0.1515625
3 0.22109375 0.31171875 0.02578125 0.0875
3 0.0828125 0.30703125 0.02578125 0.0875
3 0.71015625 0.37890625 0.03515625 0.1
3 0.24609375 0.4109375 0.03203125 0.09921875
3 0.3125 0.38203125 0.0328125 0.103125
3 0.1265625 0.725 0.0421875 0.16796875
3 0.9 0.496875 0.0453125 0.13359375
3 0.76640625 0.33828125 0.0296875 0.0953125
3 0.43046875 0.31015625 0.025 0.08671875
3 0.4453125 0.2875 0.02265625 0.08515625
0 0.79765625 0.4890625 0.0140625 0.0296875
3 0.00703125 0.36328125 0.01328125 0.1046875