3 0.66640625 0.49140625 0.040625 0.11171875
3 0.309375 0.37890625 0.0328125 0.10703125
3 0.278125 0.66640625 0.03671875 0.121875
3 0.7828125 0.85 0.04921875 0.18515625
3 0.5421875 0.6296875 0.04921875 0.090625
3 0.5734375 0.58671875 0.04453125 0.10859375
3 0.309375 0.52421875 0.0359375 0.1203125
3 0.846875 0.43515625 0.0296875 0.1125
3 0.84765625 0.2984375 0.028125 0.09296875
3 0.409375 0.38671875 0.0296875 0.09765625
2 0.721875 0.440625 0.0296875 0.11953125
3 0.9671875 0.4921875 0.0359375 0.1234375
3 0.4265625 0.29921875 0.021875 0.0875
3 0.58828125 0.440625 0.03046875 0.1125
2 0.5296875 0.16484375 0.0140625 0.0546875
0 0.46953125 0.59296875 0.0234375 0.03125