3 0.053125 0.65 0.0609375 0.146875
3 0.146875 0.9109375 0.06484375 0.17265625
3 0.515625 0.7765625 0.0609375 0.1515625
3 0.58515625 0.64296875 0.05859375 0.1265625
2 0.06484375 0.47109375 0.03984375 0.10625
3 0.76328125 0.53828125 0.04453125 0.1140625
3 0.29609375 0.45625 0.05 0.0984375
3 0.36875 0.54921875 0.03828125 0.1015625
3 0.69296875 0.41875 0.04453125 0.1078125
3 0.546875 0.475 0.0453125 0.10234375
3 0.22265625 0.43671875 0.04140625 0.0875
3 0.48515625 0.3234375 0.03359375 0.07734375
3 0.0640625 0.30078125 0.02890625 0.07890625