3 0.03984375 0.78359375 0.04140625 0.18828125
3 0.07421875 0.33984375 0.0234375 0.09296875
3 0.18515625 0.36015625 0.03046875 0.109375
3 0.21640625 0.4359375 0.0421875 0.103125
3 0.346875 0.68671875 0.040625 0.16328125
3 0.34296875 0.453125 0.0296875 0.109375
3 0.375 0.32421875 0.02421875 0.08984375
3 0.52109375 0.30859375 0.02578125 0.08984375
3 0.6375 0.68203125 0.0453125 0.17265625
3 0.81796875 0.38125 0.0265625 0.1203125
3 0.89921875 0.503125 0.034375 0.1421875
3 0.959375 0.45078125 0.0609375 0.1296875
3 0.64375 0.3609375 0.05390625 0.09296875
0 0.703125 0.33671875 0.02265625 0.03671875
0 0.43125 0.4125 0.03125 0.121875