2 0.05859375 0.29375 0.0296875 0.07578125
3 0.3625 0.5703125 0.03984375 0.13828125
3 0.1578125 0.39921875 0.03515625 0.11015625
3 0.2796875 0.54140625 0.0421875 0.13515625
3 0.75625 0.5640625 0.0296875 0.1421875
3 0.85859375 0.4328125 0.034375 0.12890625
3 0.59296875 0.3375 0.0265625 0.103125
3 0.8125 0.3625 0.02890625 0.1078125
3 0.46875 0.39609375 0.0359375 0.1
3 0.66953125 0.33515625 0.028125 0.09765625
2 0.3671875 0.4234375 0.03125 0.11640625
3 0.021875 0.36796875 0.03125 0.096875
3 0.41328125 0.35 0.02578125 0.09140625
3 0.25859375 0.36015625 0.025 0.08671875
3 0.2859375 0.365625 0.02890625 0.09375
3 0.21015625 0.31484375 0.0265625 0.08203125
3 0.44609375 0.32578125 0.02265625 0.08359375
3 0.48203125 0.32578125 0.0265625 0.090625