3 0.84296875 0.44296875 0.03359375 0.11796875
3 0.64296875 0.42421875 0.0328125 0.10078125
3 0.0953125 0.49453125 0.03125 0.1265625
3 0.9640625 0.56875 0.0453125 0.13046875
3 0.30078125 0.3484375 0.03203125 0.08828125
3 0.48984375 0.60234375 0.03203125 0.13515625
2 0.41640625 0.4796875 0.03359375 0.1203125
3 0.5765625 0.3875 0.02890625 0.0953125
3 0.47890625 0.41015625 0.02890625 0.0921875
3 0.165625 0.42890625 0.02890625 0.09453125
3 0.13671875 0.4296875 0.03125 0.0875
3 0.98671875 0.45859375 0.0265625 0.1203125
3 0.94921875 0.38984375 0.02734375 0.109375
2 0.2421875 0.32421875 0.03046875 0.08125
3 0.159375 0.371875 0.0234375 0.0796875
3 0.4546875 0.365625 0.02265625 0.084375
3 0.7625 0.3609375 0.0296875 0.0859375
3 0.4921875 0.53828125 0.028125 0.11484375