3 0.4609375 0.8125 0.04921875 0.17265625
3 0.14296875 0.559375 0.0453125 0.14609375
3 0.80859375 0.5140625 0.03984375 0.134375
3 0.196875 0.6140625 0.0484375 0.13828125
3 0.48046875 0.5328125 0.03515625 0.12265625
3 0.30703125 0.44140625 0.03828125 0.11796875
3 0.4 0.37734375 0.028125 0.103125
3 0.6015625 0.34375 0.02265625 0.08984375
1 0.24609375 0.2875 0.01953125 0.071875
0 0.50859375 0.275 0.01015625 0.0203125
3 0.49609375 0.440625 0.0296875 0.08984375
3 0.8640625 0.58203125 0.03828125 0.128125
3 0.2140625 0.67265625 0.0515625 0.1421875
3 0.4375 0.678125 0.03515625 0.16796875
3 0.75546875 0.41796875 0.028125 0.1125
3 0.75859375 0.91640625 0.0546875 0.1671875
2 0.3328125 0.68125 0.04765625 0.16953125
3 0.33125 0.52890625 0.0328125 0.12265625
0 0.5109375 0.27109375 0.0140625 0.02421875