2 0.3671875 0.496875 0.0375 0.10390625
3 0.4609375 0.5125 0.04296875 0.10859375
3 0.4421875 0.66484375 0.05078125 0.13046875
3 0.16015625 0.5328125 0.0421875 0.1046875
3 0.45625 0.40703125 0.03359375 0.0765625
3 0.5484375 0.4515625 0.03671875 0.09375
3 0.25546875 0.55078125 0.04453125 0.121875
3 0.278125 0.4109375 0.040625 0.075
3 0.8515625 0.47890625 0.04921875 0.11171875
3 0.60078125 0.47734375 0.04140625 0.10390625
3 0.41328125 0.3984375 0.0375 0.0703125
3 0.81015625 0.4109375 0.03359375 0.09921875
3 0.1296875 0.58984375 0.04453125 0.12578125
0 0.36875 0.38828125 0.00859375 0.0203125
3 0.39140625 0.36328125 0.02109375 0.0671875