3 0.5828125 0.4296875 0.03203125 0.11640625
3 0.478125 0.44296875 0.0328125 0.115625
3 0.30625 0.6609375 0.0375 0.11796875
3 0.52890625 0.3765625 0.03125 0.10078125
3 0.2671875 0.38046875 0.02421875 0.1109375
3 0.0859375 0.43515625 0.04296875 0.13046875
3 0.96796875 0.46171875 0.03828125 0.1421875
3 0.36796875 0.315625 0.0203125 0.07734375
3 0.19609375 0.34921875 0.028125 0.10859375
3 0.63671875 0.565625 0.04140625 0.1421875
3 0.7140625 0.328125 0.0234375 0.0921875
3 0.84140625 0.384375 0.02890625 0.10859375
2 0.64609375 0.46640625 0.0265625 0.11796875
3 0.46796875 0.66171875 0.03515625 0.15234375
3 0.64453125 0.3234375 0.02265625 0.075
2 0.28203125 0.30078125 0.02890625 0.08125
2 0.953125 0.2828125 0.02109375 0.06484375
3 0.5359375 0.303125 0.03046875 0.08515625