3 0.503125 0.5734375 0.04140625 0.11953125
3 0.8921875 0.571875 0.0375 0.14375
3 0.93203125 0.85390625 0.05703125 0.19609375
3 0.61484375 0.43828125 0.034375 0.09609375
3 0.28046875 0.5953125 0.0328125 0.13671875
2 0.37734375 0.42109375 0.02421875 0.10234375
3 0.125 0.90078125 0.0984375 0.19609375
3 0.54296875 0.43359375 0.04453125 0.1046875
3 0.2921875 0.9421875 0.04375 0.115625
3 0.2875 0.47578125 0.025 0.10546875
3 0.659375 0.4171875 0.025 0.1
3 0.14765625 0.42734375 0.025 0.1203125
3 0.0171875 0.609375 0.03046875 0.14765625
3 0.371875 0.61875 0.03359375 0.146875
3 0.6671875 0.5625 0.02578125 0.140625
3 0.54765625 0.496875 0.0359375 0.11796875
3 0.95546875 0.5125 0.03359375 0.13203125