3 0.97109375 0.3671875 0.03828125 0.0921875
2 0.5328125 0.61953125 0.03671875 0.13125
3 0.6203125 0.52421875 0.03984375 0.1125
3 0.871875 0.44140625 0.03359375 0.10625
3 0.45625 0.50390625 0.04375 0.103125
3 0.853125 0.59296875 0.03203125 0.12578125
3 0.96171875 0.5625 0.0390625 0.11953125
3 0.57578125 0.478125 0.034375 0.10859375
3 0.35703125 0.51328125 0.03359375 0.13125
3 0.809375 0.39609375 0.0296875 0.09765625
3 0.7609375 0.59140625 0.03671875 0.12578125
3 0.740625 0.4671875 0.03046875 0.115625
3 0.30078125 0.54140625 0.0296875 0.128125
3 0.51484375 0.4953125 0.0390625 0.1078125
2 0.86953125 0.3234375 0.0296875 0.08125
3 0.8515625 0.48984375 0.0265625 0.08984375
3 0.63671875 0.46875 0.0265625 0.1
1 0.16015625 0.46015625 0.02890625 0.1046875
3 0.5 0.53046875 0.0234375 0.11015625
3 0.3265625 0.53359375 0.03125 0.134375