1 0.40703125 0.46015625 0.03671875 0.09296875
3 0.44375 0.6234375 0.03671875 0.1390625
3 0.465625 0.8421875 0.03828125 0.18671875
3 0.5609375 0.565625 0.0265625 0.15
3 0.5796875 0.62890625 0.0453125 0.07265625
3 0.60703125 0.5109375 0.02890625 0.1359375
3 0.66328125 0.4703125 0.04375 0.1359375
3 0.90078125 0.48984375 0.04921875 0.14375
3 0.98515625 0.5328125 0.0296875 0.134375
3 0.94375 0.59140625 0.04453125 0.1484375
3 0.78671875 0.65546875 0.04375 0.17421875
2 0.72734375 0.7046875 0.07578125 0.18671875