3 0.94140625 0.27890625 0.0265625 0.0890625
3 0.71171875 0.7078125 0.0578125 0.128125
3 0.56875 0.51015625 0.04375 0.13984375
3 0.46953125 0.1671875 0.02109375 0.075
3 0.565625 0.6640625 0.04375 0.14140625
3 0.49296875 0.31171875 0.02421875 0.09765625
3 0.140625 0.5765625 0.0421875 0.1515625
3 0.9078125 0.4484375 0.03515625 0.1296875
3 0.325 0.190625 0.02109375 0.0796875
2 0.659375 0.3140625 0.0296875 0.10234375
3 0.4203125 0.4625 0.02890625 0.11796875
3 0.703125 0.259375 0.0265625 0.0921875
3 0.9296875 0.18671875 0.021875 0.08203125
3 0.18515625 0.2875 0.02890625 0.1078125
3 0.496875 0.6890625 0.03984375 0.15625
3 0.953125 0.18828125 0.02109375 0.08046875
0 0.24296875 0.74453125 0.015625 0.04609375