0 0.0921875 0.56640625 0.015625 0.028125
2 0.6046875 0.60859375 0.0265625 0.128125
1 0.6578125 0.38125 0.0203125 0.06484375
3 0.22109375 0.60078125 0.040625 0.10625
3 0.1671875 0.55 0.03125 0.10625
3 0.13359375 0.528125 0.02421875 0.0953125
3 0.11015625 0.52734375 0.0203125 0.1
3 0.565625 0.58828125 0.0265625 0.1078125
3 0.72421875 0.70703125 0.0328125 0.1359375
3 0.7515625 0.784375 0.04140625 0.15625
3 0.7125 0.4984375 0.0296875 0.0984375
3 0.565625 0.5296875 0.02421875 0.1046875
3 0.6609375 0.4375 0.02265625 0.09375
3 0.815625 0.465625 0.02578125 0.096875
3 0.8296875 0.41875 0.02890625 0.115625
3 0.92265625 0.4 0.03046875 0.1046875