3 0.42578125 0.690625 0.053125 0.15703125
3 0.2609375 0.4765625 0.05078125 0.10625
3 0.409375 0.475 0.05234375 0.10703125
3 0.615625 0.40078125 0.05 0.11015625
3 0.7875 0.4421875 0.040625 0.12734375
3 0.8484375 0.5453125 0.0421875 0.134375
3 0.36328125 0.353125 0.04375 0.084375
3 0.68828125 0.35546875 0.0390625 0.10703125
3 0.1890625 0.3296875 0.03515625 0.0953125
3 0.0859375 0.31171875 0.03359375 0.0890625
3 0.13203125 0.3796875 0.03515625 0.1078125
3 0.42890625 0.32421875 0.02734375 0.08984375
3 0.47265625 0.31796875 0.02890625 0.08671875
2 0.2953125 0.43203125 0.02890625 0.10234375
3 0.45 0.3203125 0.0234375 0.0875