3 0.48046875 0.396875 0.03984375 0.09140625
3 0.734375 0.79453125 0.05390625 0.16796875
3 0.68359375 0.59296875 0.0390625 0.11796875
3 0.60859375 0.5875 0.0328125 0.0984375
3 0.4734375 0.50390625 0.0296875 0.10625
3 0.46640625 0.3296875 0.0296875 0.07734375
3 0.61640625 0.7140625 0.04296875 0.14453125
3 0.278125 0.4609375 0.025 0.1109375
3 0.5859375 0.271875 0.02265625 0.07890625
3 0.1859375 0.32734375 0.021875 0.078125
3 0.16328125 0.21953125 0.015625 0.059375
3 0.59921875 0.48359375 0.03203125 0.109375
3 0.15078125 0.63046875 0.03671875 0.13046875
3 0.21015625 0.6328125 0.034375 0.1421875
3 0.89765625 0.3859375 0.03046875 0.09921875
3 0.33984375 0.3609375 0.021875 0.07734375
0 0.51328125 0.4953125 0.01875 0.02890625