3 0.7171875 0.3640625 0.0359375 0.08828125
3 0.79140625 0.36796875 0.03125 0.096875
3 0.53046875 0.48984375 0.03046875 0.1078125
3 0.92109375 0.59140625 0.034375 0.13828125
3 0.90859375 0.4828125 0.0375 0.11640625
3 0.26171875 0.346875 0.03359375 0.096875
3 0.68671875 0.434375 0.0359375 0.11484375
3 0.33203125 0.3328125 0.0234375 0.09453125
3 0.96484375 0.76015625 0.04453125 0.17109375
3 0.6515625 0.3546875 0.02578125 0.09921875
2 0.52421875 0.4171875 0.03046875 0.10234375
3 0.446875 0.64609375 0.03671875 0.15625
3 0.325 0.8609375 0.0453125 0.17578125
3 0.47578125 0.375 0.02734375 0.09375