1 0.87734375 0.221875 0.0203125 0.0859375
3 0.53203125 0.64609375 0.06015625 0.15625
3 0.05703125 0.6734375 0.04765625 0.1640625
3 0.7859375 0.65 0.04296875 0.13203125
2 0.30625 0.4234375 0.03046875 0.11328125
3 0.64375 0.303125 0.025 0.0921875
3 0.65546875 0.221875 0.02265625 0.0875
3 0.49296875 0.41484375 0.0328125 0.11875
3 0.7390625 0.40859375 0.03359375 0.1078125
3 0.75234375 0.5625 0.034375 0.128125
3 0.26484375 0.28828125 0.02890625 0.090625
3 0.92734375 0.309375 0.03125 0.09765625
3 0.5046875 0.76484375 0.065625 0.1734375
3 0.90546875 0.3859375 0.0296875 0.10859375
3 0.39765625 0.29765625 0.025 0.096875
3 0.58984375 0.32109375 0.025 0.09140625
3 0.496875 0.21484375 0.0203125 0.07421875
3 0.6 0.253125 0.021875 0.090625