3 0.28671875 0.79296875 0.05 0.16171875
3 0.47265625 0.54921875 0.03125 0.11875
3 0.7828125 0.61328125 0.0359375 0.13046875
3 0.26328125 0.3578125 0.03359375 0.08984375
3 0.275 0.57734375 0.04140625 0.128125
3 0.7234375 0.46171875 0.03046875 0.11953125
3 0.01875 0.6515625 0.03359375 0.14921875
3 0.34609375 0.278125 0.0171875 0.06953125
3 0.55078125 0.69609375 0.0375 0.14453125
3 0.51328125 0.31953125 0.0203125 0.075
3 0.64453125 0.41875 0.02890625 0.10546875
3 0.66328125 0.40078125 0.02421875 0.1015625
2 0.0515625 0.48671875 0.02890625 0.10859375
0 0.35703125 0.665625 0.015625 0.03046875
3 0.53828125 0.82109375 0.04453125 0.15078125