2 0.74453125 0.4703125 0.04296875 0.125
3 0.4703125 0.56875 0.05390625 0.13984375
3 0.84453125 0.60390625 0.0453125 0.14921875
3 0.53515625 0.40390625 0.03515625 0.10703125
3 0.34765625 0.41015625 0.0359375 0.11484375
3 0.84140625 0.38203125 0.03671875 0.1140625
2 0.51953125 0.29375 0.0234375 0.078125
3 0.45 0.40625 0.03125 0.10390625
3 0.296875 0.540625 0.034375 0.1328125
3 0.65625 0.33046875 0.03203125 0.10234375
3 0.496875 0.30703125 0.0203125 0.084375
3 0.4640625 0.3140625 0.028125 0.0828125
3 0.4515625 0.31328125 0.0265625 0.07734375