3 0.83203125 0.41953125 0.034375 0.1046875
3 0.62421875 0.46640625 0.0390625 0.09765625
3 0.9375 0.6046875 0.03828125 0.14375
3 0.390625 0.50625 0.028125 0.11484375
3 0.3375 0.5015625 0.03359375 0.1234375
2 0.546875 0.59765625 0.0359375 0.134375
2 0.7421875 0.334375 0.03125 0.0859375
3 0.4125 0.66484375 0.0375 0.14296875
1 0.0953125 0.465625 0.02265625 0.09765625
3 0.18046875 0.5671875 0.02734375 0.1203125
3 0.48671875 0.6515625 0.03671875 0.1484375
3 0.478125 0.515625 0.0328125 0.11875
3 0.7265625 0.4265625 0.0375 0.09375
3 0.63828125 0.42109375 0.03046875 0.08671875
3 0.25625 0.50546875 0.025 0.10703125
3 0.30234375 0.54140625 0.03359375 0.11796875
3 0.24921875 0.575 0.03984375 0.1109375
3 0.43671875 0.5125 0.025 0.11953125
3 0.43828125 0.453125 0.02578125 0.1078125
3 0.275 0.521875 0.02578125 0.1125