3 0.42890625 0.51328125 0.059375 0.146875
3 0.57265625 0.490625 0.05390625 0.1421875
3 0.69765625 0.57890625 0.0453125 0.16484375
3 0.796875 0.41953125 0.040625 0.13515625
3 0.76484375 0.3140625 0.03671875 0.12734375
3 0.0140625 0.315625 0.02734375 0.11953125
3 0.32265625 0.240625 0.0296875 0.09375
3 0.771875 0.26328125 0.02265625 0.0796875
1 0.5734375 0.03359375 0.01953125 0.06328125
1 0.9234375 0.15546875 0.0296875 0.096875
3 0.6734375 0.15234375 0.0265625 0.09375
3 0.56015625 0.3578125 0.034375 0.1171875
3 0.50625 0.8921875 0.06171875 0.128125