2 0.3890625 0.3859375 0.0453125 0.10625
3 0.11875 0.4328125 0.04921875 0.12109375
3 0.39375 0.55390625 0.05546875 0.1203125
3 0.04296875 0.40234375 0.0546875 0.11953125
3 0.528125 0.45859375 0.0484375 0.10078125
3 0.45390625 0.32578125 0.0390625 0.0875
3 0.92578125 0.51796875 0.0484375 0.12109375
3 0.96328125 0.434375 0.05078125 0.11796875
0 0.1296875 0.58984375 0.0234375 0.0328125
3 0.62421875 0.384375 0.02734375 0.11015625
3 0.646875 0.47265625 0.04453125 0.1125
3 0.7359375 0.38125 0.04921875 0.1296875
3 0.69453125 0.40859375 0.0421875 0.096875
3 0.80546875 0.40859375 0.0609375 0.12890625
3 0.9328125 0.43203125 0.03984375 0.10703125
3 0.64765625 0.38203125 0.021875 0.09375