2 0.6859375 0.65234375 0.04375 0.134375
1 0.73984375 0.44296875 0.02109375 0.09375
3 0.609375 0.57265625 0.03359375 0.11328125
3 0.2859375 0.59296875 0.034375 0.109375
3 0.85546875 0.45078125 0.02890625 0.0953125
3 0.115625 0.60078125 0.0390625 0.0984375
3 0.815625 0.4703125 0.0296875 0.0953125
3 0.7046875 0.49453125 0.025 0.09765625
3 0.675 0.49453125 0.02578125 0.09609375
3 0.76875 0.4671875 0.0234375 0.0984375
3 0.93671875 0.50234375 0.02734375 0.09609375
3 0.9265625 0.446875 0.02109375 0.0859375
3 0.940625 0.4484375 0.01953125 0.08046875
0 0.06953125 0.60078125 0.0140625 0.02578125