3 0.48515625 0.95 0.05390625 0.1
3 0.915625 0.41171875 0.03671875 0.1140625
3 0.79140625 0.36015625 0.0234375 0.08515625
3 0.809375 0.4046875 0.028125 0.10078125
3 0.2765625 0.38984375 0.02890625 0.109375
3 0.4875 0.44296875 0.0359375 0.1046875
3 0.5734375 0.375 0.025 0.090625
3 0.11640625 0.46015625 0.028125 0.11875
3 0.73203125 0.58203125 0.0328125 0.1390625
3 0.459375 0.36640625 0.02109375 0.07890625
3 0.6484375 0.36640625 0.02890625 0.08515625
3 0.57109375 0.29453125 0.0203125 0.06953125
3 0.5 0.5671875 0.03046875 0.12421875
3 0.3828125 0.55390625 0.03046875 0.13125
2 0.40234375 0.50546875 0.03046875 0.1265625
3 0.15 0.4578125 0.02734375 0.12109375
0 0.78125 0.38984375 0.0125 0.0203125
2 0.4703125 0.2765625 0.02265625 0.08046875