3 0.515625 0.6921875 0.0421875 0.11015625
2 0.8046875 0.34453125 0.02265625 0.08984375
3 0.95 0.7640625 0.04765625 0.1546875
3 0.10859375 0.34375 0.02734375 0.09375
3 0.690625 0.51171875 0.03203125 0.1140625
3 0.74375 0.25703125 0.02109375 0.07734375
3 0.46171875 0.39140625 0.02734375 0.1
3 0.39609375 0.2046875 0.021875 0.06953125
3 0.428125 0.6625 0.0375 0.1328125
3 0.92890625 0.23203125 0.01875 0.06796875
3 0.9109375 0.325 0.02265625 0.0859375
3 0.6515625 0.26875 0.02265625 0.07578125
3 0.42734375 0.35390625 0.03125 0.090625
3 0.8703125 0.88125 0.05078125 0.18046875
3 0.84765625 0.3484375 0.02265625 0.08828125
3 0.98984375 0.2625 0.01953125 0.08359375
0 0.4265625 0.7796875 0.015625 0.03515625
3 0.65078125 0.1609375 0.01484375 0.05703125
3 0.87265625 0.16484375 0.0125 0.05390625
3 0.4375 0.70859375 0.03125 0.09296875