3 0.4375 0.65859375 0.046875 0.14609375
2 0.315625 0.49296875 0.0296875 0.0953125
3 0.47578125 0.50546875 0.034375 0.109375
3 0.0609375 0.46640625 0.03125 0.11015625
3 0.32890625 0.42265625 0.03125 0.08515625
3 0.27578125 0.4296875 0.02890625 0.0984375
3 0.48984375 0.4390625 0.028125 0.08671875
3 0.33671875 0.63359375 0.03828125 0.13828125
3 0.95703125 0.5453125 0.040625 0.128125
3 0.5703125 0.3828125 0.0234375 0.0859375
3 0.51640625 0.3625 0.0234375 0.08046875
3 0.75078125 0.45625 0.028125 0.1171875
3 0.76875 0.44453125 0.02578125 0.1078125