3 0.4171875 0.6421875 0.03828125 0.13515625
3 0.84453125 0.36796875 0.025 0.09296875
3 0.66484375 0.4625 0.04375 0.103125
2 0.79375 0.54140625 0.03359375 0.12109375
3 0.940625 0.8359375 0.0609375 0.190625
3 0.5703125 0.55390625 0.03984375 0.1046875
3 0.534375 0.453125 0.0359375 0.1015625
0 0.63515625 0.4953125 0.0140625 0.0296875
3 0.62734375 0.35546875 0.025 0.08984375
3 0.425 0.40234375 0.03203125 0.10546875
3 0.5734375 0.46015625 0.0359375 0.0859375
2 0.66328125 0.2421875 0.0234375 0.0609375
3 0.5828125 0.49453125 0.02578125 0.05703125