3 0.2171875 0.50703125 0.02578125 0.09375
3 0.225 0.6109375 0.025 0.1265625
3 0.3140625 0.79921875 0.0234375 0.1546875
3 0.496875 0.74296875 0.03671875 0.134375
3 0.471875 0.58671875 0.0328125 0.1109375
3 0.3953125 0.50625 0.0375 0.09296875
3 0.44453125 0.49609375 0.0421875 0.1
3 0.58046875 0.50390625 0.040625 0.11875
3 0.559375 0.3921875 0.02265625 0.08671875
3 0.58046875 0.39921875 0.02421875 0.08515625
3 0.61875 0.4125 0.0296875 0.09140625
3 0.65625 0.45546875 0.028125 0.1078125
3 0.71875 0.52578125 0.03125 0.1125
3 0.753125 0.45390625 0.0359375 0.1015625
2 0.25625 0.415625 0.02109375 0.09140625
0 0.38671875 0.440625 0.0109375 0.03203125