0 0.896875 0.59140625 0.01328125 0.025
3 0.9265625 0.58125 0.025 0.08515625
1 0.95390625 0.56875 0.021875 0.08828125
3 0.03359375 0.63203125 0.03125 0.08828125
2 0.0734375 0.4890625 0.0171875 0.07109375
3 0.0859375 0.55 0.01640625 0.078125
3 0.0828125 0.51640625 0.01875 0.071875
3 0.11015625 0.4984375 0.01875 0.075
3 0.16015625 0.52109375 0.0203125 0.06640625
3 0.1671875 0.48046875 0.01875 0.06875
3 0.20546875 0.48203125 0.01875 0.07578125
3 0.36796875 0.47734375 0.01796875 0.06640625
3 0.340625 0.4671875 0.01484375 0.06328125
3 0.3203125 0.4578125 0.021875 0.06328125