1 0.2875 0.41796875 0.03046875 0.08203125
3 0.69296875 0.62265625 0.05390625 0.14765625
3 0.2984375 0.5703125 0.03671875 0.12890625
3 0.75703125 0.5125 0.04765625 0.12421875
3 0.47578125 0.48203125 0.0390625 0.1203125
3 0.5359375 0.425 0.0359375 0.10625
3 0.44375 0.47265625 0.03515625 0.1140625
3 0.6625 0.4328125 0.04140625 0.10234375
3 0.3703125 0.53984375 0.03515625 0.12265625
3 0.85390625 0.36640625 0.03515625 0.08984375
3 0.6359375 0.41875 0.03046875 0.1015625
2 0.62890625 0.321875 0.0328125 0.06796875