3 0.06328125 0.44453125 0.0328125 0.1328125
3 0.1703125 0.95 0.0546875 0.1
3 0.88046875 0.78125 0.05234375 0.18515625
3 0.15546875 0.33828125 0.02890625 0.09296875
3 0.284375 0.38046875 0.03984375 0.115625
3 0.40703125 0.34453125 0.0328125 0.1
3 0.3375 0.39375 0.025 0.1171875
3 0.66328125 0.30859375 0.028125 0.0984375
3 0.50703125 0.3921875 0.028125 0.1046875
3 0.54921875 0.5265625 0.02578125 0.1265625
2 0.5609375 0.48125 0.02109375 0.1203125
3 0.5421875 0.4640625 0.0171875 0.1
2 0.3609375 0.2375 0.03359375 0.08984375
3 0.621875 0.35546875 0.03046875 0.121875
3 0.96015625 0.42421875 0.03203125 0.1234375
3 0.84140625 0.4609375 0.03125 0.14375