3 0.4875 0.909375 0.05 0.18125
3 0.77578125 0.76484375 0.04765625 0.16953125
2 0.4546875 0.34921875 0.02421875 0.08828125
3 0.453125 0.6125 0.03359375 0.1359375
3 0.57109375 0.3515625 0.0234375 0.0890625
3 0.6828125 0.45390625 0.03359375 0.10703125
3 0.18359375 0.5609375 0.0484375 0.12734375
3 0.7328125 0.334375 0.0265625 0.09453125
3 0.47265625 0.26953125 0.02734375 0.07734375
3 0.5828125 0.23984375 0.01875 0.06640625
3 0.9859375 0.4421875 0.028125 0.1125
3 0.64140625 0.27265625 0.0203125 0.084375
3 0.3078125 0.3328125 0.02734375 0.0890625
3 0.85625 0.2546875 0.025 0.0828125
3 0.54296875 0.21640625 0.02734375 0.06328125