3 0.21171875 0.53359375 0.021875 0.1234375
3 0.22109375 0.503125 0.0234375 0.1296875
3 0.31953125 0.48125 0.03125 0.1171875
3 0.41640625 0.43828125 0.02578125 0.1046875
3 0.47734375 0.38984375 0.02578125 0.1125
3 0.5328125 0.37890625 0.02265625 0.09375
3 0.51328125 0.41875 0.0265625 0.08515625
3 0.53828125 0.48671875 0.0328125 0.1125
3 0.5671875 0.4171875 0.01875 0.109375
2 0.5828125 0.53125 0.03046875 0.1203125
3 0.65078125 0.3828125 0.02265625 0.1015625
3 0.74375 0.38046875 0.01875 0.09140625
3 0.7609375 0.3984375 0.02578125 0.08671875
3 0.8203125 0.446875 0.0328125 0.096875
3 0.909375 0.4015625 0.02890625 0.0953125
0 0.8328125 0.43828125 0.0140625 0.03359375
2 0.70390625 0.3 0.02109375 0.08515625