2 0.42734375 0.559375 0.0328125 0.11328125
3 0.76640625 0.55546875 0.0453125 0.13125
3 0.165625 0.6421875 0.03828125 0.1265625
0 0.87109375 0.42890625 0.01171875 0.0265625
3 0.1125 0.55625 0.0328125 0.12734375
3 0.61015625 0.4359375 0.02890625 0.10078125
3 0.55859375 0.4921875 0.0296875 0.10625
3 0.6609375 0.3984375 0.02578125 0.08671875
3 0.41328125 0.4890625 0.03203125 0.1015625
3 0.07421875 0.559375 0.0296875 0.12265625
3 0.49921875 0.41015625 0.0234375 0.08359375
3 0.2671875 0.515625 0.028125 0.11171875
3 0.88984375 0.40234375 0.028125 0.09765625
3 0.190625 0.5109375 0.02578125 0.11484375
3 0.325 0.42421875 0.0328125 0.09140625
3 0.225 0.48828125 0.021875 0.10625
3 0.24375 0.5015625 0.02265625 0.1078125
3 0.23671875 0.434375 0.0234375 0.08359375
2 0.50234375 0.3203125 0.025 0.0703125