3 0.76328125 0.82734375 0.0453125 0.1765625
3 0.16015625 0.51953125 0.03828125 0.12890625
3 0.371875 0.3484375 0.03203125 0.109375
3 0.771875 0.5328125 0.0390625 0.1375
3 0.84765625 0.2890625 0.02421875 0.090625
3 0.409375 0.56875 0.03359375 0.1359375
3 0.503125 0.278125 0.02265625 0.096875
3 0.86953125 0.21171875 0.01953125 0.0796875
3 0.30859375 0.640625 0.03515625 0.15703125
1 0.3125 0.1859375 0.0171875 0.07421875
3 0.4625 0.359375 0.02578125 0.09609375
3 0.296875 0.53515625 0.0375 0.125
3 0.67734375 0.228125 0.0203125 0.0828125
3 0.73671875 0.36953125 0.025 0.09765625
2 0.7203125 0.4328125 0.0296875 0.109375
3 0.49609375 0.42421875 0.0296875 0.11484375
3 0.42265625 0.6359375 0.03984375 0.12734375
3 0.2578125 0.78984375 0.0640625 0.115625
0 0.27421875 0.8171875 0.025 0.03515625
2 0.86953125 0.1 0.0140625 0.05546875