2 0.32734375 0.5203125 0.0390625 0.1125
3 0.74375 0.484375 0.0375 0.1
3 0.065625 0.38046875 0.0390625 0.0890625
3 0.909375 0.359375 0.0328125 0.096875
3 0.42109375 0.35 0.03359375 0.08671875
3 0.38671875 0.85234375 0.046875 0.17734375
3 0.89453125 0.6984375 0.04296875 0.146875
3 0.1484375 0.38515625 0.03359375 0.08515625
3 0.92109375 0.4828125 0.0390625 0.10625
3 0.62578125 0.428125 0.034375 0.10546875
3 0.5375 0.3328125 0.0296875 0.0921875
3 0.825 0.34609375 0.03046875 0.08984375
3 0.01484375 0.44921875 0.0234375 0.0984375
3 0.328125 0.415625 0.03359375 0.10546875
3 0.01171875 0.68828125 0.01796875 0.0921875