3 0.21328125 0.68984375 0.04140625 0.15625
1 0.178125 0.37734375 0.02265625 0.09453125
3 0.14296875 0.52265625 0.04140625 0.12265625
3 0.65390625 0.4296875 0.0328125 0.1078125
3 0.5640625 0.45546875 0.034375 0.09375
3 0.7515625 0.4984375 0.03828125 0.11015625
3 0.56171875 0.56484375 0.0328125 0.125
3 0.6578125 0.5796875 0.03984375 0.14453125
3 0.02421875 0.596875 0.03359375 0.13515625
3 0.8984375 0.36953125 0.03203125 0.09296875
2 0.78515625 0.24296875 0.02421875 0.0703125
0 0.48671875 0.4234375 0.0140625 0.0359375