3 0.3703125 0.30390625 0.03515625 0.103125
3 0.5875 0.40078125 0.03359375 0.1296875
3 0.34765625 0.41015625 0.0328125 0.12578125
3 0.33515625 0.821875 0.07890625 0.21484375
2 0.59921875 0.1453125 0.02109375 0.071875
3 0.753125 0.3796875 0.03203125 0.1203125
3 0.72109375 0.4859375 0.034375 0.1296875
3 0.5015625 0.4671875 0.02421875 0.121875
3 0.5078125 0.4203125 0.03125 0.125
3 0.60078125 0.29375 0.028125 0.08515625
3 0.5984375 0.225 0.02109375 0.07421875
2 0.51875 0.5671875 0.02890625 0.16484375
3 0.18984375 0.39453125 0.02421875 0.121875
3 0.17421875 0.34765625 0.02421875 0.128125