3 0.2890625 0.4671875 0.05625 0.1109375
1 0.49140625 0.153125 0.0265625 0.06796875
0 0.16484375 0.5 0.0171875 0.02265625
3 0.20546875 0.47265625 0.04296875 0.10859375
3 0.70859375 0.63359375 0.0421875 0.13359375
3 0.49453125 0.31953125 0.0328125 0.109375
3 0.58125 0.340625 0.04453125 0.11796875
3 0.83203125 0.34921875 0.0375 0.10703125
3 0.8734375 0.2 0.02890625 0.0890625
3 0.79375 0.23984375 0.03203125 0.10234375
2 0.7515625 0.4234375 0.04453125 0.11953125
3 0.70546875 0.76171875 0.04921875 0.15