3 0.5015625 0.725 0.05546875 0.12734375
3 0.64296875 0.4078125 0.03671875 0.09140625
3 0.52109375 0.26171875 0.028125 0.07109375
2 0.68671875 0.47890625 0.03515625 0.09296875
3 0.40078125 0.63515625 0.053125 0.13046875
3 0.9421875 0.5015625 0.04609375 0.121875
3 0.184375 0.534375 0.04453125 0.1140625
3 0.40546875 0.38046875 0.03125 0.0953125
3 0.94453125 0.23125 0.02578125 0.07890625
3 0.68203125 0.26171875 0.025 0.06875
3 0.3671875 0.359375 0.02734375 0.1
3 0.26875 0.7796875 0.05859375 0.153125
3 0.7234375 0.934375 0.05703125 0.1125
3 0.9734375 0.32265625 0.028125 0.08125
3 0.6359375 0.91328125 0.06875 0.1734375
1 0.15859375 0.25234375 0.0265625 0.08046875
3 0.6609375 0.234375 0.0234375 0.06484375
0 0.2609375 0.809375 0.01875 0.04140625