3 0.034375 0.57734375 0.03671875 0.1421875
3 0.26484375 0.42421875 0.0265625 0.1265625
3 0.38203125 0.35234375 0.0296875 0.10625
3 0.43046875 0.56796875 0.0296875 0.1421875
3 0.546875 0.49609375 0.02421875 0.128125
3 0.5328125 0.4046875 0.02109375 0.1078125
3 0.58671875 0.371875 0.0296875 0.0953125
3 0.62109375 0.3109375 0.021875 0.07578125
3 0.64296875 0.30703125 0.02109375 0.0984375
3 0.67578125 0.34453125 0.025 0.08515625
3 0.68984375 0.31015625 0.0234375 0.06796875
3 0.7328125 0.34296875 0.0296875 0.1046875
3 0.940625 0.3828125 0.02890625 0.1203125
3 0.97890625 0.28515625 0.02421875 0.0984375
3 0.96328125 0.95390625 0.0484375 0.0921875
3 0.96875 0.51015625 0.0453125 0.134375
2 0.5046875 0.53671875 0.040625 0.1453125
0 0.64921875 0.3453125 0.025 0.04921875
2 0.52421875 0.253125 0.028125 0.0984375