1 0.25390625 0.4578125 0.03203125 0.0953125
3 0.5578125 0.5421875 0.03515625 0.1078125
2 0.4609375 0.6109375 0.03515625 0.13203125
3 0.34921875 0.63359375 0.0390625 0.12578125
3 0.1609375 0.61171875 0.04140625 0.13046875
3 0.2625 0.54765625 0.03671875 0.11171875
3 0.7515625 0.5578125 0.03671875 0.11328125
3 0.8140625 0.48125 0.0328125 0.1046875
3 0.4296875 0.47890625 0.02890625 0.10390625
3 0.56484375 0.453125 0.03203125 0.09375
3 0.41484375 0.503125 0.02734375 0.103125
3 0.3171875 0.50390625 0.03125 0.1109375
3 0.52421875 0.49765625 0.0265625 0.096875
3 0.3421875 0.50078125 0.0375 0.12734375
3 0.528125 0.43984375 0.02421875 0.08359375