3 0.55859375 0.69765625 0.07578125 0.18671875
3 0.6921875 0.63515625 0.0546875 0.1515625
3 0.8546875 0.4484375 0.05390625 0.12265625
3 0.6703125 0.4578125 0.05546875 0.128125
3 0.8640625 0.2984375 0.04375 0.103125
3 0.05859375 0.2734375 0.04453125 0.0984375
3 0.640625 0.278125 0.04140625 0.09765625
3 0.37421875 0.46875 0.0484375 0.14140625
3 0.90234375 0.35546875 0.05078125 0.10078125
3 0.50546875 0.203125 0.02890625 0.07578125
3 0.5359375 0.31640625 0.04296875 0.10859375
3 0.7046875 0.31640625 0.04375 0.11015625
3 0.79140625 0.309375 0.03828125 0.090625
3 0.084375 0.725 0.0703125 0.20390625
3 0.7515625 0.35390625 0.046875 0.1125
2 0.4796875 0.321875 0.040625 0.10703125