3 0.73515625 0.52890625 0.05859375 0.11953125
3 0.421875 0.58515625 0.05390625 0.1125
3 0.553125 0.4234375 0.03671875 0.11328125
3 0.52734375 0.72890625 0.0640625 0.14296875
3 0.6921875 0.26328125 0.04375 0.09609375
3 0.13359375 0.64375 0.0484375 0.15234375
3 0.44453125 0.296875 0.0453125 0.1015625
3 0.0953125 0.8484375 0.0625 0.1953125
2 0.68984375 0.484375 0.0359375 0.1171875
3 0.66484375 0.63984375 0.05859375 0.1421875
3 0.8421875 0.1640625 0.03984375 0.0765625
1 0.07109375 0.2375 0.034375 0.09140625
0 0.47578125 0.784375 0.025 0.0390625
3 0.32265625 0.39765625 0.0671875 0.11640625
3 0.5359375 0.26875 0.03359375 0.0703125
3 0.51875 0.24296875 0.03125 0.08515625