3 0.6484375 0.646875 0.0296875 0.109375
2 0.64921875 0.76328125 0.03046875 0.12890625
3 0.81484375 0.38359375 0.02890625 0.096875
3 0.5421875 0.42265625 0.02421875 0.09453125
3 0.33671875 0.45 0.0265625 0.1
3 0.5203125 0.3453125 0.0265625 0.1046875
3 0.3609375 0.39140625 0.0296875 0.10625
3 0.81328125 0.49609375 0.025 0.1078125
3 0.54921875 0.31640625 0.02578125 0.10078125
3 0.78671875 0.35 0.02578125 0.0984375
3 0.75078125 0.3390625 0.02421875 0.1046875
3 0.63359375 0.37109375 0.01953125 0.09609375
3 0.71875 0.37734375 0.0265625 0.09609375
3 0.31875 0.38203125 0.02734375 0.09921875
3 0.596875 0.39140625 0.01796875 0.10234375
3 0.6515625 0.3734375 0.01875 0.09453125
3 0.57578125 0.39296875 0.01796875 0.0953125
1 0.309375 0.38046875 0.025 0.10703125
3 0.72265625 0.3515625 0.021875 0.103125
3 0.590625 0.3875 0.01640625 0.09609375