0 0.7046875 0.384375 0.01015625 0.03125
2 0.04453125 0.23671875 0.03046875 0.07265625
2 0.0734375 0.5859375 0.0375 0.14375
3 0.04453125 0.30859375 0.01796875 0.08046875
3 0.12578125 0.24453125 0.01875 0.06953125
3 0.14375 0.3703125 0.03125 0.08671875
3 0.1953125 0.54609375 0.03671875 0.1203125
3 0.2375 0.6640625 0.0296875 0.15
3 0.28359375 0.415625 0.03046875 0.096875
3 0.4234375 0.51171875 0.034375 0.115625
3 0.46953125 0.49765625 0.03046875 0.125
3 0.5171875 0.37421875 0.03046875 0.096875
3 0.59609375 0.440625 0.0265625 0.103125
3 0.64375 0.928125 0.04375 0.14375
3 0.803125 0.43203125 0.025 0.0984375
3 0.721875 0.3328125 0.02890625 0.08515625