3 0.23671875 0.778125 0.05 0.165625
2 0.51328125 0.321875 0.028125 0.08125
3 0.86640625 0.59296875 0.040625 0.13515625
3 0.3453125 0.39296875 0.0265625 0.10078125
3 0.9171875 0.446875 0.0328125 0.11640625
3 0.9765625 0.53515625 0.0359375 0.125
3 0.63828125 0.6109375 0.03828125 0.134375
2 0.64375 0.49921875 0.02890625 0.11640625
3 0.61328125 0.396875 0.0265625 0.08984375
3 0.684375 0.40078125 0.028125 0.09140625
3 0.27578125 0.478125 0.0328125 0.115625
3 0.4921875 0.4578125 0.0265625 0.11015625
3 0.2265625 0.525 0.0328125 0.12265625
3 0.2421875 0.4828125 0.028125 0.109375