3 0.03125 0.6265625 0.0484375 0.1515625
3 0.1859375 0.5828125 0.03828125 0.16171875
3 0.09765625 0.48046875 0.03046875 0.14375
3 0.1890625 0.3796875 0.03046875 0.1171875
3 0.22578125 0.31953125 0.0234375 0.0953125
3 0.26015625 0.33515625 0.03203125 0.0984375
2 0.3453125 0.275 0.04140625 0.09296875
2 0.52578125 0.4453125 0.03046875 0.109375
3 0.534375 0.27890625 0.03828125 0.08203125
3 0.58828125 0.2875 0.02890625 0.096875
3 0.6234375 0.3640625 0.0328125 0.1140625
3 0.5421875 0.48125 0.04140625 0.1234375
3 0.58515625 0.65625 0.0453125 0.15625
3 0.94609375 0.79765625 0.0734375 0.19140625
3 0.94609375 0.4671875 0.0453125 0.13125