3 0.24609375 0.57578125 0.05390625 0.10078125
3 0.43671875 0.70625 0.04375 0.15234375
3 0.60625 0.5734375 0.0515625 0.12578125
3 0.225 0.7875 0.0515625 0.1609375
3 0.37578125 0.42578125 0.040625 0.11171875
3 0.2953125 0.375 0.02890625 0.10625
3 0.315625 0.565625 0.0421875 0.103125
2 0.53828125 0.18125 0.0203125 0.07421875
3 0.75390625 0.49609375 0.0296875 0.12109375
3 0.83203125 0.35546875 0.02890625 0.1078125
3 0.23515625 0.69765625 0.040625 0.1140625
3 0.43203125 0.571875 0.0375 0.12265625
3 0.37734375 0.3359375 0.025 0.0953125
3 0.684375 0.42734375 0.025 0.10625
3 0.6671875 0.3578125 0.02421875 0.1046875
3 0.94765625 0.2609375 0.021875 0.084375
2 0.72578125 0.4796875 0.02578125 0.125