3 0.934375 0.5734375 0.05625 0.13046875
3 0.09609375 0.4671875 0.040625 0.11171875
3 0.178125 0.459375 0.0375 0.1140625
3 0.22109375 0.55546875 0.0359375 0.1296875
3 0.409375 0.79375 0.05859375 0.16953125
3 0.31796875 0.4625 0.03515625 0.115625
3 0.259375 0.7171875 0.0484375 0.1578125
3 0.4546875 0.296875 0.02890625 0.096875
0 0.3328125 0.67578125 0.01640625 0.03671875
3 0.53125 0.4015625 0.03125 0.10625
3 0.7984375 0.2953125 0.028125 0.09453125
3 0.553125 0.58203125 0.03984375 0.14453125
3 0.64609375 0.23828125 0.021875 0.08203125
3 0.7453125 0.50390625 0.02734375 0.1265625
3 0.73515625 0.403125 0.0265625 0.10703125
3 0.146875 0.3671875 0.03515625 0.10703125
2 0.6875 0.43984375 0.02578125 0.11484375
3 0.88515625 0.21015625 0.02265625 0.07890625
1 0.334375 0.21015625 0.01875 0.07578125