3 0.115625 0.5359375 0.05078125 0.121875
3 0.8109375 0.646875 0.0453125 0.15390625
2 0.30546875 0.46640625 0.03984375 0.1078125
3 0.9140625 0.37578125 0.0515625 0.12578125
3 0.89140625 0.540625 0.04609375 0.1296875
3 0.2328125 0.4578125 0.05078125 0.1
3 0.28671875 0.66015625 0.053125 0.1265625
0 0.325 0.715625 0.015625 0.03515625
3 0.053125 0.34765625 0.03359375 0.1
3 0.44921875 0.50078125 0.05859375 0.1484375
3 0.60546875 0.28046875 0.02890625 0.08046875
3 0.65859375 0.48203125 0.0390625 0.11640625
3 0.4359375 0.353125 0.034375 0.096875
3 0.38828125 0.3515625 0.0296875 0.096875
3 0.06484375 0.28984375 0.02578125 0.0828125