3 0.2984375 0.528125 0.028125 0.08984375
3 0.14609375 0.5578125 0.0296875 0.09140625
3 0.47109375 0.52109375 0.03359375 0.09375
3 0.53203125 0.5828125 0.0390625 0.121875
3 0.54453125 0.52265625 0.0328125 0.09140625
0 0.11875 0.5828125 0.01015625 0.0265625
3 0.11640625 0.55546875 0.04375 0.08046875
2 0.59921875 0.640625 0.04375 0.1328125
1 0.57890625 0.41640625 0.015625 0.07734375
3 0.584375 0.4734375 0.02890625 0.1046875
3 0.60703125 0.46328125 0.025 0.09296875
3 0.6984375 0.475 0.025 0.0984375
3 0.67890625 0.43046875 0.02421875 0.08046875
3 0.7359375 0.40859375 0.025 0.0953125
3 0.7828125 0.43984375 0.02578125 0.08671875
3 0.8828125 0.50234375 0.03125 0.103125
3 0.90625 0.40390625 0.02578125 0.09140625