1 0.13828125 0.33359375 0.0359375 0.1046875
3 0.2546875 0.4328125 0.02421875 0.11875
3 0.2140625 0.5953125 0.03125 0.1328125
3 0.24140625 0.5921875 0.03203125 0.125
3 0.28203125 0.43671875 0.03203125 0.1265625
3 0.39296875 0.409375 0.03203125 0.109375
3 0.446875 0.38671875 0.02890625 0.1
3 0.46328125 0.4953125 0.02890625 0.1140625
3 0.50546875 0.3484375 0.02109375 0.09296875
3 0.534375 0.32734375 0.034375 0.08671875
3 0.4515625 0.65390625 0.04609375 0.146875
3 0.69609375 0.43828125 0.0328125 0.08046875
3 0.68828125 0.3703125 0.034375 0.1046875
3 0.8078125 0.47421875 0.05234375 0.11875
3 0.86640625 0.3703125 0.03203125 0.1078125
3 0.94375 0.3296875 0.03203125 0.103125
3 0.95859375 0.5828125 0.053125 0.134375
2 0.596875 0.51640625 0.034375 0.140625
2 0.7984375 0.20703125 0.02421875 0.08359375
0 0.5109375 0.5265625 0.0203125 0.03359375