3 0.4265625 0.28828125 0.0453125 0.0875
3 0.8109375 0.3515625 0.04453125 0.1046875
3 0.4765625 0.91171875 0.046875 0.12421875
3 0.86015625 0.53125 0.04921875 0.1125
3 0.95390625 0.790625 0.046875 0.13671875
2 0.63828125 0.64609375 0.0375 0.11015625
3 0.378125 0.534375 0.0375 0.11328125
3 0.31015625 0.47109375 0.0390625 0.103125
3 0.62578125 0.5703125 0.0375 0.10078125
3 0.40703125 0.4234375 0.0375 0.0890625
3 0.87578125 0.31875 0.05078125 0.1140625
3 0.37578125 0.4015625 0.02578125 0.078125
3 0.31015625 0.31015625 0.03203125 0.09375
0 0.47734375 0.26171875 0.0140625 0.02578125
3 0.34921875 0.38984375 0.0296875 0.09296875
3 0.346875 0.52109375 0.02265625 0.0984375
3 0.31796875 0.33359375 0.025 0.0859375
1 0.04921875 0.4375 0.03203125 0.13828125
3 0.33125 0.36875 0.02890625 0.0890625