2 0.69609375 0.39921875 0.0453125 0.11640625
3 0.8859375 0.421875 0.046875 0.12109375
3 0.61171875 0.7390625 0.05390625 0.16640625
3 0.7546875 0.578125 0.06171875 0.14140625
1 0.3796875 0.11328125 0.02265625 0.0609375
3 0.7859375 0.37265625 0.04609375 0.12109375
3 0.690625 0.23046875 0.0390625 0.09140625
3 0.2265625 0.48828125 0.02734375 0.11875
3 0.30625 0.40703125 0.05234375 0.10703125
3 0.4484375 0.55625 0.0546875 0.146875
3 0.98046875 0.70234375 0.0390625 0.16328125
3 0.77265625 0.27578125 0.034375 0.09765625
3 0.41640625 0.24140625 0.0375 0.0921875
3 0.525 0.48125 0.05 0.13203125
3 0.328125 0.37734375 0.05 0.10390625
0 0.25390625 0.47421875 0.01953125 0.0265625
3 0.20625 0.48828125 0.02265625 0.1125