3 0.80078125 0.78828125 0.0640625 0.17734375
3 0.18984375 0.5046875 0.05390625 0.13359375
3 0.02265625 0.47265625 0.040625 0.13984375
2 0.73203125 0.46328125 0.03203125 0.1046875
3 0.24765625 0.39921875 0.0390625 0.11328125
3 0.98203125 0.475 0.0359375 0.1375
3 0.42578125 0.42109375 0.03359375 0.1109375
3 0.6078125 0.34765625 0.03984375 0.10625
3 0.71484375 0.40078125 0.03125 0.0953125
0 0.5625 0.37890625 0.01328125 0.0265625
3 0.715625 0.36015625 0.028125 0.0953125
2 0.221875 0.309375 0.03359375 0.0734375