3 0.66640625 0.42890625 0.046875 0.11796875
3 0.14375 0.55546875 0.046875 0.121875
3 0.61328125 0.603125 0.04453125 0.1296875
2 0.42890625 0.3828125 0.03671875 0.10546875
3 0.43359375 0.196875 0.0203125 0.0734375
3 0.02421875 0.55390625 0.046875 0.13203125
3 0.72734375 0.69140625 0.040625 0.14296875
3 0.484375 0.1625 0.0171875 0.0703125
3 0.7421875 0.203125 0.0203125 0.08125
3 0.48359375 0.259375 0.0234375 0.0859375
3 0.32890625 0.3296875 0.02421875 0.10078125
3 0.8734375 0.44375 0.0359375 0.11640625
3 0.028125 0.19765625 0.02421875 0.07265625
3 0.70859375 0.2484375 0.0234375 0.08515625
3 0.6640625 0.7140625 0.04375 0.14375
3 0.87265625 0.30078125 0.03203125 0.10234375
0 0.73828125 0.7171875 0.01640625 0.0296875