2 0.42109375 0.421875 0.0359375 0.09609375
3 0.59453125 0.46796875 0.03984375 0.10078125
3 0.55 0.653125 0.04921875 0.13671875
3 0.93515625 0.45234375 0.0421875 0.1109375
3 0.35390625 0.6609375 0.0453125 0.128125
3 0.22109375 0.4359375 0.0390625 0.09765625
3 0.8796875 0.440625 0.0390625 0.10703125
3 0.8109375 0.39765625 0.0375 0.0953125
3 0.5203125 0.39921875 0.02734375 0.08359375
3 0.09296875 0.7875 0.0515625 0.159375
3 0.29609375 0.44375 0.0296875 0.09609375
3 0.2734375 0.390625 0.02890625 0.08203125
3 0.30390625 0.3609375 0.02421875 0.065625
3 0.24765625 0.4109375 0.03125 0.06484375