3 0.65546875 0.4578125 0.034375 0.11953125
3 0.18203125 0.353125 0.0296875 0.1015625
3 0.534375 0.39375 0.03046875 0.1125
3 0.37109375 0.56796875 0.0296875 0.121875
3 0.028125 0.328125 0.028125 0.09921875
3 0.38515625 0.46953125 0.03046875 0.11171875
3 0.10859375 0.9171875 0.0515625 0.165625
3 0.315625 0.63125 0.03203125 0.134375
3 0.15 0.55234375 0.040625 0.08828125
2 0.0640625 0.42265625 0.03203125 0.11015625
3 0.44921875 0.3375 0.0234375 0.09375
3 0.7640625 0.625 0.0390625 0.10390625
3 0.58828125 0.65859375 0.03125 0.12578125
1 0.87734375 0.29375 0.0265625 0.10546875
3 0.79296875 0.63984375 0.0328125 0.1125
0 0.7875 0.71484375 0.015625 0.034375