3 0.221875 0.55859375 0.0390625 0.121875
3 0.79375 0.56171875 0.0484375 0.1609375
3 0.58203125 0.4546875 0.03671875 0.13046875
3 0.85703125 0.528125 0.04765625 0.15390625
3 0.20625 0.46328125 0.028125 0.1203125
3 0.7109375 0.47109375 0.0296875 0.12890625
3 0.67109375 0.51796875 0.03203125 0.11640625
3 0.43828125 0.40078125 0.034375 0.1234375
3 0.9421875 0.528125 0.03828125 0.16953125
3 0.9140625 0.47890625 0.0296875 0.14609375
3 0.7015625 0.5453125 0.03203125 0.134375
3 0.62890625 0.4421875 0.0375 0.103125
3 0.93046875 0.51171875 0.03125 0.15234375
2 0.3953125 0.38671875 0.02421875 0.096875
3 0.378125 0.375 0.02265625 0.103125
3 0.68828125 0.39921875 0.0265625 0.11640625
3 0.6609375 0.42265625 0.0265625 0.10703125