3 0.65859375 0.54140625 0.03828125 0.14609375
3 0.684375 0.3109375 0.0390625 0.15234375
3 0.9 0.415625 0.04921875 0.14609375
3 0.53984375 0.26015625 0.0375 0.14140625
3 0.65390625 0.2359375 0.03515625 0.14453125
3 0.68671875 0.1109375 0.040625 0.1375
3 0.3875 0.44765625 0.059375 0.14765625
3 0.4625 0.2859375 0.0453125 0.13203125
3 0.8734375 0.04609375 0.03515625 0.09140625
3 0.64296875 0.41328125 0.03359375 0.14765625
3 0.5765625 0.575 0.03671875 0.14140625
3 0.41484375 0.521875 0.0390625 0.1375
1 0.33359375 0.29453125 0.0734375 0.09453125
3 0.8390625 0.025 0.03359375 0.05