3 0.43125 0.9 0.04609375 0.2
3 0.5046875 0.48125 0.0328125 0.1125
3 0.40078125 0.63203125 0.03984375 0.15
3 0.74296875 0.52421875 0.03125 0.12265625
3 0.3390625 0.37890625 0.03515625 0.096875
3 0.28203125 0.50859375 0.0359375 0.1328125
3 0.87890625 0.3109375 0.028125 0.090625
3 0.60625 0.296875 0.021875 0.0859375
3 0.0875 0.49921875 0.03125 0.1328125
2 0.7828125 0.50546875 0.03359375 0.1203125
3 0.7 0.3890625 0.02421875 0.10390625
3 0.971875 0.61328125 0.05 0.14609375
3 0.9921875 0.34140625 0.0109375 0.07421875
0 0.36328125 0.41171875 0.0125 0.02109375
2 0.534375 0.23359375 0.0234375 0.07578125