3 0.6609375 0.6 0.05390625 0.13515625
3 0.56796875 0.59140625 0.034375 0.1203125
3 0.05546875 0.7265625 0.05078125 0.1546875
3 0.390625 0.4796875 0.0421875 0.10859375
3 0.66015625 0.44375 0.0359375 0.10546875
3 0.89921875 0.38046875 0.03046875 0.09453125
3 0.865625 0.45703125 0.0328125 0.0984375
3 0.33203125 0.50546875 0.040625 0.10625
3 0.7328125 0.58125 0.0359375 0.13828125
3 0.4890625 0.409375 0.0359375 0.10390625
3 0.1890625 0.58828125 0.04296875 0.12578125
3 0.44375 0.4375 0.03203125 0.10859375
3 0.5171875 0.496875 0.03046875 0.0984375
3 0.5859375 0.36171875 0.03046875 0.08359375
3 0.7890625 0.3046875 0.02421875 0.07421875
3 0.6984375 0.35 0.0265625 0.08515625
2 0.8125 0.2609375 0.025 0.075
1 0.22421875 0.3625 0.02734375 0.1
2 0.49921875 0.575 0.0375 0.1203125
0 0.64296875 0.65625 0.01328125 0.03515625