3 0.20859375 0.534375 0.04609375 0.1265625
3 0.75 0.58515625 0.0390625 0.1140625
3 0.60703125 0.5015625 0.03515625 0.1
3 0.33203125 0.478125 0.03359375 0.11796875
3 0.8546875 0.56953125 0.04140625 0.12109375
3 0.6625 0.5609375 0.0359375 0.121875
3 0.77890625 0.53515625 0.02890625 0.10078125
3 0.02421875 0.63203125 0.03125 0.12734375
3 0.36875 0.51875 0.03515625 0.121875
3 0.41796875 0.515625 0.03984375 0.1078125
2 0.096875 0.496875 0.03046875 0.12109375
3 0.53828125 0.54609375 0.0375 0.1375
3 0.47734375 0.50625 0.02890625 0.11640625
3 0.45625 0.528125 0.028125 0.10234375
1 0.70625 0.5171875 0.028125 0.08828125