3 0.70703125 0.44375 0.03671875 0.10859375
3 0.53203125 0.36796875 0.03046875 0.0921875
3 0.13125 0.815625 0.059375 0.18515625
3 0.56328125 0.68359375 0.053125 0.146875
3 0.1546875 0.4734375 0.03828125 0.12109375
3 0.08515625 0.3546875 0.02734375 0.10078125
3 0.0375 0.40546875 0.034375 0.1125
3 0.27734375 0.51640625 0.0328125 0.10625
3 0.64375 0.3046875 0.02578125 0.07578125
3 0.73671875 0.61953125 0.046875 0.14140625
3 0.9078125 0.42734375 0.0328125 0.115625
3 0.73515625 0.33828125 0.03125 0.08828125
3 0.396875 0.37421875 0.0328125 0.0984375
3 0.24453125 0.53046875 0.03671875 0.125
3 0.57734375 0.50390625 0.03125 0.121875
3 0.51328125 0.45 0.0265625 0.10625
3 0.9875 0.509375 0.02421875 0.1328125
0 0.05234375 0.275 0.0203125 0.046875
0 0.425 0.36484375 0.0125 0.02421875