3 0.16171875 0.5078125 0.03828125 0.1296875
3 0.565625 0.7625 0.04609375 0.1453125
3 0.640625 0.775 0.06328125 0.146875
3 0.6234375 0.50625 0.0453125 0.10703125
3 0.8984375 0.5703125 0.04765625 0.140625
3 0.96328125 0.503125 0.03203125 0.115625
3 0.91875 0.371875 0.0296875 0.10078125
3 0.32265625 0.4203125 0.02890625 0.09921875
3 0.55078125 0.47421875 0.03671875 0.09765625
3 0.26328125 0.35703125 0.02890625 0.0984375
3 0.83359375 0.61328125 0.04375 0.134375
0 0.628125 0.62578125 0.01328125 0.028125
3 0.77265625 0.2140625 0.02578125 0.06953125
3 0.825 0.19921875 0.02265625 0.06796875
3 0.984375 0.23828125 0.0234375 0.07265625
3 0.6109375 0.6109375 0.03515625 0.1171875
2 0.7109375 0.39453125 0.03046875 0.10390625
3 0.47265625 0.22890625 0.025 0.06953125