3 0.24921875 0.83046875 0.05234375 0.1859375
3 0.66640625 0.4765625 0.0328125 0.1125
3 0.81953125 0.4765625 0.03046875 0.109375
3 0.709375 0.634375 0.034375 0.13125
3 0.184375 0.4328125 0.034375 0.11796875
3 0.3046875 0.459375 0.0328125 0.1046875
3 0.73125 0.29921875 0.021875 0.08515625
2 0.3375 0.2171875 0.0203125 0.065625
3 0.73984375 0.4515625 0.03046875 0.10546875
3 0.90546875 0.24375 0.0171875 0.0671875
3 0.9390625 0.29296875 0.02421875 0.078125
3 0.5234375 0.24140625 0.0203125 0.06875
3 0.9890625 0.3640625 0.021875 0.10234375
3 0.4359375 0.340625 0.025 0.08515625
3 0.7765625 0.3546875 0.025 0.0953125
3 0.42734375 0.31015625 0.02421875 0.07734375
3 0.9890625 0.2875 0.01953125 0.0796875
0 0.265625 0.68359375 0.01171875 0.0296875
2 0.7859375 0.35234375 0.02265625 0.09453125