2 0.0640625 0.4828125 0.02734375 0.09765625
3 0.26484375 0.51640625 0.03515625 0.10234375
3 0.71640625 0.61953125 0.03359375 0.1265625
3 0.05703125 0.66484375 0.03828125 0.1234375
3 0.50703125 0.51171875 0.034375 0.1078125
3 0.67265625 0.55703125 0.03046875 0.1171875
3 0.54140625 0.61875 0.03359375 0.12890625
3 0.4375 0.4671875 0.03203125 0.0984375
3 0.3875 0.52421875 0.028125 0.10625
3 0.15234375 0.559375 0.03359375 0.11484375
3 0.18828125 0.509375 0.03203125 0.10234375
1 0.7125 0.50078125 0.02890625 0.09765625
3 0.21640625 0.446875 0.028125 0.08203125
3 0.3359375 0.47890625 0.0265625 0.09921875
3 0.30234375 0.4546875 0.02890625 0.09140625
3 0.3390625 0.4515625 0.01953125 0.07265625