3 0.8890625 0.7125 0.0390625 0.1515625
3 0.54609375 0.47421875 0.02890625 0.1046875
3 0.421875 0.49765625 0.02890625 0.1078125
3 0.10390625 0.65078125 0.04140625 0.13046875
3 0.70078125 0.38984375 0.03046875 0.1
3 0.14609375 0.35859375 0.02734375 0.08359375
3 0.1859375 0.26953125 0.0265625 0.071875
3 0.35390625 0.24375 0.0171875 0.06328125
3 0.5328125 0.23359375 0.0171875 0.065625
3 0.734375 0.24375 0.01875 0.07265625
3 0.415625 0.3171875 0.025 0.08203125
3 0.040625 0.27734375 0.02734375 0.0796875
0 0.790625 0.7875 0.0140625 0.0328125
3 0.0125 0.31015625 0.0234375 0.07890625