3 0.76171875 0.634375 0.06484375 0.178125
3 0.325 0.8171875 0.06875 0.2015625
3 0.903125 0.63359375 0.0640625 0.17421875
2 0.19921875 0.39296875 0.04453125 0.13046875
3 0.209375 0.9453125 0.07109375 0.109375
3 0.24609375 0.5109375 0.05546875 0.13671875
3 0.89140625 0.43828125 0.04453125 0.13671875
3 0.49296875 0.38203125 0.0546875 0.109375
0 0.609375 0.40703125 0.0203125 0.0265625
3 0.1171875 0.303125 0.034375 0.08984375
3 0.3203125 0.34453125 0.04609375 0.11953125
3 0.06171875 0.35234375 0.03984375 0.115625
3 0.4296875 0.3234375 0.03984375 0.0921875
3 0.53359375 0.4296875 0.03671875 0.10625