3 0.75625 0.85078125 0.05234375 0.1828125
3 0.4046875 0.4703125 0.0375 0.11796875
3 0.31171875 0.6109375 0.04140625 0.15390625
2 0.1546875 0.5125 0.03359375 0.14609375
3 0.81328125 0.58828125 0.03359375 0.13203125
3 0.1703125 0.85703125 0.04609375 0.18984375
3 0.446875 0.4625 0.03828125 0.12421875
3 0.5859375 0.59453125 0.03515625 0.1375
3 0.6453125 0.47421875 0.0359375 0.11484375
3 0.79375 0.52109375 0.02890625 0.1203125
3 0.72890625 0.4625 0.03046875 0.11015625
3 0.5765625 0.484375 0.0265625 0.1203125
1 0.60390625 0.4171875 0.03203125 0.11796875
3 0.50859375 0.4375 0.07109375 0.04140625
0 0.415625 0.38671875 0.0125 0.0234375