3 0.36484375 0.471875 0.0359375 0.11171875
0 0.25703125 0.375 0.01171875 0.021875
2 0.15703125 0.31171875 0.0234375 0.08125
3 0.3046875 0.3890625 0.02890625 0.10703125
3 0.73046875 0.37421875 0.028125 0.09765625
3 0.8875 0.3921875 0.03515625 0.1125
3 0.98046875 0.509375 0.03515625 0.12734375
3 0.66953125 0.44453125 0.025 0.1078125
3 0.76796875 0.6203125 0.03125 0.14609375
3 0.19765625 0.378125 0.028125 0.08203125
2 0.653125 0.415625 0.025 0.10546875
3 0.659375 0.31171875 0.0265625 0.07421875
3 0.83359375 0.35078125 0.02265625 0.0875
3 0.49140625 0.3546875 0.03046875 0.09765625
3 0.5921875 0.33046875 0.02109375 0.075
3 0.52109375 0.334375 0.02109375 0.08828125
3 0.18828125 0.34375 0.0203125 0.0640625