1 0.46171875 0.465625 0.02421875 0.09296875
3 0.4234375 0.52265625 0.05234375 0.11875
3 0.575 0.94375 0.065625 0.1125
3 0.8171875 0.46953125 0.03828125 0.128125
3 0.9015625 0.50234375 0.034375 0.134375
3 0.7765625 0.5390625 0.0328125 0.115625
3 0.58359375 0.4671875 0.02890625 0.1078125
3 0.48359375 0.48984375 0.03125 0.10703125
3 0.7328125 0.47421875 0.03203125 0.1125
3 0.7125 0.4453125 0.0265625 0.115625
3 0.71640625 0.50703125 0.02890625 0.12734375
3 0.99140625 0.63359375 0.0171875 0.1546875
0 0.2125 0.5296875 0.01640625 0.025