3 0.559375 0.71953125 0.0578125 0.165625
3 0.1296875 0.515625 0.04921875 0.1359375
3 0.04609375 0.31875 0.03359375 0.109375
3 0.54609375 0.30234375 0.028125 0.0953125
3 0.478125 0.478125 0.03203125 0.11796875
3 0.72109375 0.1875 0.021875 0.07421875
3 0.40546875 0.171875 0.02109375 0.07109375
3 0.596875 0.20546875 0.021875 0.07578125
3 0.796875 0.2125 0.0234375 0.0859375
3 0.865625 0.44609375 0.0390625 0.1265625
3 0.43359375 0.40703125 0.0265625 0.10625
3 0.321875 0.3015625 0.03046875 0.09609375
3 0.82421875 0.29453125 0.02578125 0.07734375
3 0.32578125 0.75625 0.046875 0.16875
2 0.59765625 0.28984375 0.02421875 0.08984375
3 0.8984375 0.253125 0.0328125 0.09609375
3 0.8265625 0.23203125 0.02421875 0.084375
2 0.08125 0.16171875 0.02265625 0.0671875
3 0.990625 0.35078125 0.015625 0.11328125
0 0.334375 0.7984375 0.02265625 0.03828125