3 0.1515625 0.5296875 0.046875 0.1234375
3 0.3015625 0.66328125 0.046875 0.1203125
3 0.4015625 0.54609375 0.03984375 0.1265625
3 0.5140625 0.6015625 0.0515625 0.1359375
3 0.6109375 0.528125 0.0546875 0.1359375
3 0.490625 0.39140625 0.028125 0.109375
3 0.1859375 0.4140625 0.0390625 0.115625
3 0.1875 0.31953125 0.0328125 0.1015625
3 0.31484375 0.21953125 0.03125 0.08515625
3 0.52421875 0.209375 0.02265625 0.07578125
3 0.61171875 0.25703125 0.028125 0.08203125
3 0.74765625 0.44140625 0.0328125 0.1140625
3 0.79453125 0.4375 0.04140625 0.1125
3 0.9578125 0.66171875 0.04609375 0.1515625
3 0.82109375 0.2109375 0.0234375 0.08203125
2 0.55703125 0.33515625 0.025 0.0953125
0 0.3640625 0.7890625 0.021875 0.03828125
3 0.38828125 0.734375 0.0390625 0.1359375
3 0.425 0.7421875 0.0578125 0.1390625