3 0.33359375 0.53828125 0.07109375 0.16015625
3 0.54765625 0.4453125 0.0625 0.1359375
3 0.61875 0.4140625 0.0609375 0.1640625
3 0.72109375 0.59140625 0.0578125 0.17109375
3 0.9046875 0.24375 0.05 0.125
3 0.56953125 0.2484375 0.05234375 0.125
2 0.88515625 0.4328125 0.04296875 0.1453125
3 0.83515625 0.18046875 0.03984375 0.09921875
3 0.8578125 0.48359375 0.0546875 0.1453125
3 0.8484375 0.35625 0.04765625 0.1296875
0 0.228125 0.4546875 0.021875 0.03046875
3 0.834375 0.27890625 0.03515625 0.08984375