3 0.690625 0.35390625 0.01875 0.06484375
3 0.5015625 0.1578125 0.01484375 0.05390625
3 0.5171875 0.390625 0.01875 0.06875
3 0.4453125 0.35078125 0.0171875 0.0671875
3 0.4734375 0.6625 0.0265625 0.0796875
3 0.3484375 0.54921875 0.01796875 0.07265625
3 0.7296875 0.26015625 0.01640625 0.05546875
3 0.2421875 0.203125 0.0171875 0.0546875
3 0.63203125 0.390625 0.02265625 0.06484375
2 0.5140625 0.2546875 0.01640625 0.0609375
3 0.45859375 0.2796875 0.0171875 0.06171875
3 0.71484375 0.30234375 0.02265625 0.06171875
3 0.6828125 0.13984375 0.01640625 0.05078125
3 0.71328125 0.21328125 0.01796875 0.04921875
3 0.3890625 0.378125 0.01796875 0.065625
3 0.34453125 0.2765625 0.0140625 0.05390625
3 0.471875 0.11328125 0.01328125 0.04609375
3 0.109375 0.35234375 0.01953125 0.06484375
3 0.225 0.36171875 0.0203125 0.06953125
3 0.615625 0.353125 0.02109375 0.09375
2 0.3296875 0.0546875 0.01640625 0.05390625
0 0.63828125 0.34375 0.00703125 0.01875