3 0.91484375 0.6375 0.0390625 0.13515625
3 0.46875 0.68125 0.0515625 0.10859375
3 0.24296875 0.52578125 0.0375 0.1140625
3 0.4953125 0.52265625 0.0359375 0.1140625
3 0.19609375 0.61171875 0.0328125 0.12890625
3 0.309375 0.503125 0.0390625 0.09765625
3 0.353125 0.37265625 0.03125 0.09921875
3 0.39921875 0.66796875 0.0453125 0.12578125
3 0.40703125 0.359375 0.0265625 0.09296875
3 0.83359375 0.3234375 0.02578125 0.0859375
3 0.6171875 0.27734375 0.0234375 0.0765625
0 0.346875 0.58828125 0.01484375 0.028125
3 0.9921875 0.43125 0.015625 0.1140625
2 0.57421875 0.2015625 0.02421875 0.05234375
2 0.69921875 0.48359375 0.0296875 0.10859375