1 0.67734375 0.38515625 0.02734375 0.0921875
3 0.48125 0.86796875 0.053125 0.18125
3 0.89765625 0.6546875 0.03828125 0.1359375
3 0.1265625 0.6515625 0.04921875 0.115625
3 0.56875 0.61796875 0.0453125 0.128125
3 0.34453125 0.6671875 0.04140625 0.1359375
3 0.20546875 0.63359375 0.04609375 0.12421875
3 0.69375 0.47578125 0.02890625 0.10234375
2 0.80546875 0.66171875 0.04296875 0.14921875
3 0.85078125 0.41953125 0.03203125 0.10234375
3 0.8 0.440625 0.04296875 0.10390625
3 0.89375 0.56015625 0.03046875 0.115625
3 0.971875 0.4328125 0.03125 0.10546875
3 0.91796875 0.40703125 0.02578125 0.0984375
3 0.940625 0.4296875 0.02421875 0.0984375
0 0.14453125 0.68125 0.01640625 0.03515625