3 0.92421875 0.91328125 0.06640625 0.1734375
3 0.68515625 0.7125 0.0515625 0.15
3 0.265625 0.55078125 0.03515625 0.1109375
3 0.3875 0.6453125 0.0421875 0.13671875
3 0.203125 0.91796875 0.0578125 0.15625
3 0.3140625 0.58671875 0.0375 0.121875
3 0.21875 0.55 0.0390625 0.11328125
3 0.48046875 0.43984375 0.04375 0.1
3 0.55859375 0.5546875 0.05078125 0.12734375
3 0.67109375 0.55234375 0.04375 0.125
3 0.28125 0.4390625 0.03359375 0.096875
3 0.02265625 0.5359375 0.03671875 0.11875
3 0.6203125 0.41484375 0.03203125 0.08203125
0 0.5796875 0.09765625 0.01640625 0.02890625