3 0.1046875 0.4328125 0.0734375 0.128125
3 0.259375 0.609375 0.0453125 0.1515625
3 0.334375 0.63046875 0.05 0.134375
3 0.29453125 0.36015625 0.04140625 0.09375
3 0.321875 0.30234375 0.04140625 0.08671875
3 0.54453125 0.2828125 0.03046875 0.08203125
3 0.6671875 0.53125 0.053125 0.146875
3 0.70859375 0.54921875 0.046875 0.1359375
3 0.74765625 0.803125 0.0515625 0.17734375
3 0.8015625 0.4109375 0.0421875 0.1125
3 0.809375 0.23984375 0.03203125 0.08203125
3 0.86484375 0.48203125 0.0390625 0.13125
3 0.93359375 0.25703125 0.03203125 0.1
3 0.959375 0.70625 0.04921875 0.17734375
3 0.98359375 0.67578125 0.0328125 0.18203125
2 0.890625 0.40546875 0.04140625 0.1125