3 0.32265625 0.73046875 0.0515625 0.18515625
3 0.1921875 0.54609375 0.0453125 0.13828125
3 0.865625 0.43828125 0.03828125 0.115625
3 0.51484375 0.4203125 0.0328125 0.10625
3 0.0578125 0.4796875 0.03515625 0.08671875
3 0.66796875 0.5234375 0.03125 0.11640625
3 0.434375 0.4234375 0.03828125 0.1109375
3 0.21015625 0.44765625 0.03125 0.1078125
3 0.57421875 0.43671875 0.0359375 0.115625
3 0.3234375 0.53828125 0.03125 0.13984375
3 0.76953125 0.39375 0.034375 0.0984375
3 0.28828125 0.46171875 0.040625 0.1328125
3 0.6796875 0.76328125 0.05390625 0.16328125
2 0.678125 0.48515625 0.03125 0.12890625
3 0.70625 0.44609375 0.0375 0.1296875