3 0.1375 0.6 0.04140625 0.1296875
3 0.35390625 0.58828125 0.0296875 0.1125
3 0.30546875 0.52890625 0.034375 0.1109375
3 0.58671875 0.5234375 0.025 0.10546875
3 0.4296875 0.5171875 0.0234375 0.10234375
3 0.21015625 0.56796875 0.02734375 0.11328125
2 0.71875 0.3171875 0.025 0.06796875
2 0.52578125 0.52578125 0.03125 0.1140625
3 0.62265625 0.45078125 0.02421875 0.09453125
3 0.871875 0.4671875 0.02734375 0.08828125
3 0.23515625 0.5515625 0.021875 0.11171875
3 0.25390625 0.5453125 0.0234375 0.109375
3 0.37421875 0.4875 0.01953125 0.10625
3 0.2734375 0.53046875 0.02421875 0.1015625
0 0.85 0.49375 0.01171875 0.02265625
3 0.38671875 0.48828125 0.021875 0.10390625
1 0.12578125 0.43671875 0.02265625 0.09765625