3 0.3625 0.46796875 0.04375 0.128125
3 0.65703125 0.37109375 0.03203125 0.10234375
3 0.15234375 0.5875 0.0421875 0.1453125
3 0.97109375 0.428125 0.04296875 0.1125
3 0.83203125 0.39765625 0.04375 0.0921875
3 0.440625 0.54296875 0.04296875 0.11875
3 0.553125 0.47890625 0.034375 0.11640625
3 0.9015625 0.62578125 0.0484375 0.1640625
2 0.76328125 0.53671875 0.03984375 0.1265625
3 0.7265625 0.46328125 0.0421875 0.10078125
3 0.5453125 0.3953125 0.03125 0.1015625
3 0.453125 0.66875 0.06875 0.13671875
3 0.5046875 0.41328125 0.03203125 0.11796875
3 0.4984375 0.58671875 0.0375 0.1390625
3 0.90078125 0.79765625 0.04609375 0.16484375
1 0.3265625 0.31640625 0.03203125 0.09921875
3 0.29921875 0.546875 0.0359375 0.125
0 0.496875 0.63828125 0.02109375 0.03515625