3 0.5171875 0.815625 0.07109375 0.20625
3 0.63671875 0.63125 0.05390625 0.16484375
3 0.3671875 0.43515625 0.04140625 0.15390625
3 0.08515625 0.38046875 0.0453125 0.16640625
3 0.15703125 0.3796875 0.0421875 0.15546875
3 0.42578125 0.5484375 0.04296875 0.16328125
3 0.696875 0.47734375 0.04140625 0.15625
3 0.48125 0.50390625 0.03984375 0.165625
3 0.2546875 0.671875 0.0453125 0.18828125
3 0.60859375 0.440625 0.04609375 0.1484375
3 0.5390625 0.38828125 0.040625 0.153125
3 0.26015625 0.44765625 0.03828125 0.15546875
1 0.36328125 0.2984375 0.03984375 0.1640625
3 0.5765625 0.4171875 0.03515625 0.14765625
3 0.28984375 0.3859375 0.02890625 0.12421875
3 0.26484375 0.37890625 0.0234375 0.11328125