3 0.23515625 0.6515625 0.04921875 0.1171875
3 0.3390625 0.828125 0.065625 0.16171875
0 0.4015625 0.77109375 0.015625 0.03203125
3 0.40546875 0.7328125 0.03828125 0.1265625
3 0.4015625 0.6734375 0.034375 0.109375
3 0.43515625 0.45390625 0.02578125 0.1046875
3 0.51484375 0.384375 0.0265625 0.09296875
3 0.59765625 0.353125 0.02890625 0.08984375
3 0.6 0.5359375 0.03984375 0.115625
3 0.671875 0.453125 0.0328125 0.09375
3 0.678125 0.3609375 0.0296875 0.08984375
3 0.7921875 0.40078125 0.0375 0.09140625
3 0.83203125 0.34296875 0.03203125 0.08671875
3 0.86796875 0.5484375 0.03359375 0.134375
3 0.93125 0.28515625 0.02890625 0.07734375
1 0.14609375 0.353125 0.025 0.08671875
2 0.7171875 0.69921875 0.04921875 0.1546875
2 0.82890625 0.24765625 0.0203125 0.06015625