3 0.37109375 0.58046875 0.040625 0.1203125
3 0.91640625 0.2203125 0.01953125 0.07421875
3 0.08671875 0.496875 0.03984375 0.11875
3 0.55390625 0.42734375 0.0296875 0.11015625
3 0.78203125 0.615625 0.04609375 0.15
3 0.7703125 0.40859375 0.02734375 0.10703125
3 0.665625 0.55390625 0.0265625 0.1265625
3 0.45703125 0.61171875 0.03828125 0.1359375
3 0.08671875 0.40234375 0.03046875 0.08828125
3 0.1359375 0.3890625 0.03359375 0.1078125
2 0.6921875 0.475 0.034375 0.11328125
3 0.20703125 0.5625 0.046875 0.14765625
3 0.28046875 0.7375 0.04921875 0.1875
1 0.37890625 0.23671875 0.0203125 0.078125
3 0.8140625 0.3078125 0.025 0.0921875
3 0.48671875 0.3265625 0.02734375 0.096875
3 0.66328125 0.2609375 0.02109375 0.0796875
2 0.859375 0.14296875 0.01796875 0.05546875
0 0.28203125 0.6625 0.01875 0.03515625