2 0.20859375 0.534375 0.03671875 0.128125
3 0.0203125 0.4625 0.0390625 0.121875
3 0.09453125 0.36796875 0.0328125 0.096875
3 0.31171875 0.34140625 0.0328125 0.09296875
3 0.3671875 0.43671875 0.034375 0.0953125
3 0.38828125 0.53359375 0.04609375 0.1109375
3 0.46171875 0.42890625 0.0375 0.1109375
3 0.50234375 0.37734375 0.0375 0.09140625
3 0.5203125 0.675 0.05234375 0.15859375
3 0.571875 0.55 0.0390625 0.128125
3 0.7078125 0.39296875 0.03203125 0.10625
3 0.73828125 0.48125 0.0359375 0.1296875
3 0.8015625 0.4109375 0.03984375 0.1
3 0.88359375 0.4125 0.0390625 0.11875
3 0.928125 0.48515625 0.03359375 0.13125
2 0.2 0.28515625 0.028125 0.06171875