3 0.02421875 0.76015625 0.03828125 0.17421875
3 0.17265625 0.39921875 0.05546875 0.128125
2 0.2828125 0.453125 0.02890625 0.109375
3 0.38203125 0.43125 0.03359375 0.11875
3 0.4328125 0.63125 0.03203125 0.15703125
3 0.45390625 0.36875 0.01796875 0.08984375
3 0.47109375 0.43125 0.028125 0.103125
3 0.68125 0.34375 0.03046875 0.0984375
3 0.75078125 0.34921875 0.02890625 0.09140625
3 0.790625 0.428125 0.03046875 0.1125
3 0.84375 0.5953125 0.034375 0.1484375
0 0.51640625 0.08515625 0.02109375 0.03359375