1 0.3109375 0.4796875 0.03125 0.06484375
3 0.1953125 0.6140625 0.03828125 0.1140625
3 0.2390625 0.55546875 0.0265625 0.1046875
3 0.3171875 0.53984375 0.034375 0.08671875
3 0.36953125 0.490625 0.0328125 0.0953125
3 0.415625 0.5640625 0.02578125 0.103125
3 0.428125 0.5109375 0.03203125 0.08984375
3 0.46328125 0.6140625 0.0265625 0.1359375
3 0.5421875 0.49609375 0.025 0.109375
3 0.7453125 0.4359375 0.02265625 0.096875
2 0.37890625 0.6359375 0.0375 0.1265625
2 0.89609375 0.3265625 0.021875 0.07265625
3 0.88828125 0.515625 0.028125 0.1140625
3 0.83671875 0.696875 0.0328125 0.15625
3 0.984375 0.603125 0.03125 0.1234375