3 0.70703125 0.5671875 0.04296875 0.10390625
3 0.19140625 0.4671875 0.03828125 0.096875
3 0.43125 0.425 0.040625 0.07734375
3 0.640625 0.359375 0.02265625 0.07578125
3 0.88125 0.48359375 0.03515625 0.1125
3 0.57890625 0.38828125 0.025 0.0796875
3 0.39375 0.3953125 0.02265625 0.07109375
3 0.225 0.3609375 0.0265625 0.0765625
3 0.0859375 0.40546875 0.028125 0.09375
3 0.8421875 0.6734375 0.04609375 0.12578125
3 0.68984375 0.41796875 0.02890625 0.09765625
3 0.76484375 0.48515625 0.0296875 0.11484375
3 0.56015625 0.4328125 0.0265625 0.0984375
3 0.47265625 0.39453125 0.03515625 0.07578125
2 0.16796875 0.2953125 0.025 0.06875
3 0.11328125 0.5140625 0.03203125 0.1125
3 0.175 0.4046875 0.02421875 0.096875
2 0.5234375 0.45625 0.02109375 0.090625
3 0.5234375 0.40625 0.01953125 0.0828125
0 0.41328125 0.43125 0.0125 0.0265625