2 0.69375 0.58984375 0.04375 0.13203125
3 0.1421875 0.58203125 0.06171875 0.121875
3 0.50625 0.628125 0.046875 0.1625
3 0.521875 0.43203125 0.04609375 0.11796875
3 0.8171875 0.83203125 0.04375 0.1921875
3 0.67734375 0.46328125 0.03671875 0.12265625
3 0.96171875 0.3796875 0.0328125 0.10703125
3 0.8390625 0.43515625 0.040625 0.12109375
3 0.025 0.74140625 0.05 0.15390625
3 0.9859375 0.47578125 0.028125 0.1234375
3 0.70859375 0.4109375 0.0359375 0.12109375
1 0.03125 0.503125 0.04140625 0.1109375
3 0.24921875 0.52265625 0.06484375 0.14453125
3 0.86796875 0.39609375 0.0328125 0.13046875