3 0.840625 0.49453125 0.04765625 0.11640625
3 0.6109375 0.67109375 0.04296875 0.15625
3 0.72578125 0.51640625 0.0390625 0.13125
3 0.25078125 0.484375 0.0359375 0.11484375
3 0.61796875 0.325 0.03515625 0.0953125
3 0.3265625 0.53671875 0.034375 0.11484375
3 0.434375 0.328125 0.025 0.08671875
3 0.86875 0.44453125 0.02890625 0.11328125
3 0.284375 0.41796875 0.02890625 0.1
2 0.665625 0.5203125 0.03203125 0.13046875
3 0.35859375 0.41484375 0.03046875 0.128125
1 0.07734375 0.315625 0.02890625 0.09296875
3 0.559375 0.43671875 0.03984375 0.1109375
2 0.67421875 0.19921875 0.01875 0.06640625
3 0.5484375 0.4296875 0.03359375 0.1109375