3 0.06484375 0.5671875 0.0515625 0.146875
3 0.13046875 0.446875 0.04453125 0.140625
3 0.190625 0.42109375 0.03671875 0.1203125
3 0.24765625 0.35546875 0.0375 0.109375
3 0.14140625 0.315625 0.03203125 0.103125
3 0.31953125 0.54140625 0.0359375 0.1515625
3 0.36875 0.3328125 0.03984375 0.1125
3 0.44296875 0.33828125 0.04453125 0.0984375
3 0.5109375 0.39296875 0.03203125 0.1125
2 0.51328125 0.4578125 0.03828125 0.13125
3 0.6390625 0.3125 0.0296875 0.1
3 0.72421875 0.4015625 0.028125 0.1203125
3 0.6828125 0.303125 0.0328125 0.1125
3 0.84296875 0.52578125 0.03359375 0.146875
3 0.8890625 0.38125 0.02890625 0.1140625