1 0.6671875 0.4265625 0.01796875 0.103125
3 0.653125 0.4296875 0.015625 0.08515625
3 0.63984375 0.4171875 0.01796875 0.096875
3 0.6140625 0.3625 0.01875 0.08671875
3 0.49453125 0.25390625 0.03046875 0.08203125
3 0.23203125 0.2515625 0.02109375 0.08984375
3 0.20625 0.48125 0.02265625 0.1015625
3 0.26640625 0.390625 0.028125 0.08984375
3 0.28203125 0.46875 0.02265625 0.0984375
3 0.41171875 0.49765625 0.015625 0.096875
3 0.42421875 0.4953125 0.01640625 0.0953125
3 0.4578125 0.48671875 0.015625 0.09375
3 0.465625 0.4640625 0.01640625 0.08828125
3 0.49140625 0.45859375 0.01796875 0.0953125
3 0.50625 0.46484375 0.021875 0.08984375
2 0.23984375 0.178125 0.0234375 0.08203125
3 0.50703125 0.0546875 0.0203125 0.05703125
0 0.4984375 0.06953125 0.01484375 0.025