3 0.92890625 0.95390625 0.04765625 0.090625
3 0.59140625 0.46328125 0.03125 0.09375
3 0.503125 0.46875 0.0265625 0.09765625
3 0.3328125 0.5375 0.0296875 0.08828125
3 0.43671875 0.50390625 0.0328125 0.10390625
2 0.63125 0.61015625 0.03125 0.1265625
3 0.67421875 0.434375 0.02734375 0.0875
3 0.63359375 0.51015625 0.028125 0.09375
3 0.45703125 0.63515625 0.034375 0.12109375
3 0.4875 0.58359375 0.04609375 0.10703125
3 0.92265625 0.68515625 0.0359375 0.134375
3 0.36796875 0.51875 0.040625 0.10234375
3 0.6984375 0.47265625 0.03046875 0.090625
1 0.30546875 0.45390625 0.028125 0.0921875
3 0.77109375 0.425 0.04609375 0.0875