3 0.6109375 0.19453125 0.021875 0.08046875
2 0.50546875 0.109375 0.01484375 0.05234375
3 0.2265625 0.4390625 0.0296875 0.128125
3 0.2796875 0.703125 0.03984375 0.140625
3 0.38515625 0.69921875 0.06875 0.0984375
3 0.38515625 0.46875 0.034375 0.1140625
3 0.39609375 0.2703125 0.02421875 0.08046875
3 0.39921875 0.3328125 0.03125 0.109375
3 0.61015625 0.40625 0.028125 0.1125
3 0.76171875 0.4125 0.03046875 0.109375
3 0.93671875 0.48125 0.0421875 0.1234375
3 0.9171875 0.6796875 0.046875 0.134375
3 0.91953125 0.79609375 0.03671875 0.16015625
2 0.87265625 0.33125 0.02578125 0.1