1 0.9296875 0.48046875 0.0359375 0.1
3 0.7921875 0.55078125 0.0421875 0.11875
3 0.521875 0.57109375 0.04140625 0.1046875
3 0.575 0.50234375 0.03515625 0.10078125
3 0.6265625 0.4796875 0.03359375 0.09921875
3 0.28984375 0.525 0.04140625 0.10546875
3 0.528125 0.51796875 0.034375 0.08359375
3 0.42578125 0.43515625 0.01171875 0.0890625
3 0.76328125 0.546875 0.03515625 0.12265625
3 0.60234375 0.484375 0.03203125 0.1109375
3 0.16875 0.4328125 0.028125 0.065625
3 0.41484375 0.4328125 0.0109375 0.0765625
2 0.3984375 0.446875 0.02109375 0.05078125
3 0.703125 0.56171875 0.0234375 0.11796875
3 0.6671875 0.55859375 0.02890625 0.1125