3 0.56484375 0.32890625 0.0296875 0.0859375
3 0.034375 0.38203125 0.03125 0.09453125
3 0.628125 0.34375 0.03125 0.09765625
3 0.1671875 0.41171875 0.02890625 0.1078125
3 0.68203125 0.346875 0.02734375 0.09453125
3 0.87578125 0.4765625 0.03203125 0.1171875
3 0.7421875 0.36953125 0.0265625 0.08125
3 0.26015625 0.48828125 0.034375 0.121875
3 0.30703125 0.31875 0.021875 0.075
3 0.4234375 0.37109375 0.02734375 0.10390625
2 0.74765625 0.44140625 0.02890625 0.11796875
3 0.865625 0.3453125 0.02265625 0.09375
3 0.840625 0.33203125 0.0234375 0.0984375
3 0.93671875 0.35078125 0.02578125 0.10234375
3 0.51015625 0.37421875 0.025 0.1078125
3 0.5234375 0.65234375 0.03125 0.1625