3 0.0640625 0.328125 0.034375 0.10625
3 0.12890625 0.58984375 0.04765625 0.1390625
3 0.3625 0.6078125 0.034375 0.16640625
3 0.18671875 0.4140625 0.0390625 0.11875
3 0.28203125 0.4296875 0.03359375 0.11875
3 0.26328125 0.36875 0.025 0.09296875
3 0.353125 0.3359375 0.03203125 0.121875
3 0.4203125 0.3140625 0.02890625 0.08828125
3 0.54921875 0.31328125 0.03203125 0.0984375
3 0.615625 0.3609375 0.0296875 0.1015625
3 0.74296875 0.43046875 0.0359375 0.1140625
2 0.46953125 0.4125 0.04140625 0.125
3 0.69375 0.309375 0.040625 0.096875
3 0.840625 0.41640625 0.0390625 0.1359375
3 0.725 0.30390625 0.03125 0.0953125
3 0.95234375 0.61328125 0.0375 0.15625