3 0.1171875 0.678125 0.03828125 0.146875
3 0.096875 0.4375 0.03359375 0.134375
3 0.265625 0.31953125 0.02421875 0.0953125
3 0.39609375 0.78046875 0.0484375 0.16484375
3 0.43515625 0.44609375 0.03125 0.1078125
3 0.5171875 0.2984375 0.0265625 0.07890625
3 0.4984375 0.41171875 0.0390625 0.1265625
3 0.56796875 0.4265625 0.03671875 0.1
3 0.65 0.5484375 0.03203125 0.121875
3 0.6828125 0.45390625 0.0359375 0.1046875
3 0.74140625 0.384375 0.0328125 0.1015625
3 0.7546875 0.621875 0.04140625 0.1484375
3 0.85859375 0.4375 0.046875 0.115625
3 0.8421875 0.30390625 0.03359375 0.09296875
2 0.60625 0.409375 0.02578125 0.1125
2 0.18984375 0.21484375 0.028125 0.07421875
0 0.53671875 0.42578125 0.01015625 0.021875