1 0.39921875 0.12890625 0.0265625 0.07421875
3 0.39609375 0.584375 0.0546875 0.146875
3 0.421875 0.38046875 0.04609375 0.1328125
3 0.259375 0.4828125 0.0484375 0.13515625
3 0.15546875 0.45 0.04609375 0.1171875
3 0.315625 0.2875 0.03828125 0.0953125
3 0.7625 0.25546875 0.0328125 0.1
2 0.7171875 0.46171875 0.04375 0.1390625
3 0.21796875 0.4625 0.04375 0.13671875
3 0.34140625 0.6390625 0.046875 0.17265625
3 0.8859375 0.384375 0.0390625 0.10390625
3 0.30859375 0.359375 0.03515625 0.1046875
3 0.89609375 0.31875 0.0328125 0.1
3 0.28125 0.38671875 0.02421875 0.11015625
3 0.26796875 0.3609375 0.01640625 0.0984375