3 0.1828125 0.47421875 0.0578125 0.125
3 0.4890625 0.18984375 0.03828125 0.08359375
3 0.1140625 0.3046875 0.0546875 0.115625
3 0.79921875 0.2609375 0.040625 0.09609375
3 0.84296875 0.37734375 0.040625 0.11953125
3 0.17109375 0.21484375 0.04375 0.08125
3 0.0484375 0.66796875 0.08359375 0.1640625
3 0.26953125 0.70703125 0.06796875 0.1765625
3 0.83984375 0.6328125 0.0625 0.159375
3 0.40078125 0.29765625 0.03828125 0.1015625
3 0.43359375 0.18125 0.03203125 0.0890625
0 0.290625 0.32109375 0.0171875 0.03125
3 0.3203125 0.3609375 0.04140625 0.1265625
3 0.31875 0.42734375 0.0375 0.08984375