3 0.02109375 0.61015625 0.0421875 0.14375
3 0.03984375 0.5140625 0.03828125 0.1203125
3 0.11328125 0.28046875 0.02890625 0.08203125
3 0.21640625 0.35390625 0.0296875 0.1125
3 0.3578125 0.528125 0.053125 0.1359375
3 0.21015625 0.7359375 0.05234375 0.16640625
3 0.3296875 0.30234375 0.0296875 0.1015625
3 0.3796875 0.278125 0.028125 0.0953125
3 0.4046875 0.3484375 0.03359375 0.1140625
3 0.64921875 0.45859375 0.04609375 0.1203125
3 0.5359375 0.75 0.0546875 0.19140625
2 0.165625 0.4375 0.0484375 0.128125
2 0.67734375 0.91640625 0.0328125 0.16640625
1 0.75625 0.34375 0.02890625 0.1109375
0 0.75546875 0.33671875 0.0125 0.025