3 0.27890625 0.5359375 0.04609375 0.121875
3 0.6546875 0.3640625 0.03046875 0.09921875
3 0.81015625 0.77109375 0.05234375 0.17578125
3 0.16953125 0.4390625 0.02734375 0.10390625
3 0.87109375 0.4890625 0.0328125 0.11953125
3 0.50546875 0.3125 0.01953125 0.07578125
3 0.3140625 0.50390625 0.0296875 0.10859375
3 0.26640625 0.29609375 0.01875 0.07578125
3 0.19921875 0.6328125 0.04140625 0.14921875
3 0.58515625 0.45625 0.02890625 0.11796875
3 0.91328125 0.41875 0.0359375 0.11796875
3 0.4453125 0.41015625 0.02578125 0.10546875
3 0.5109375 0.4140625 0.025 0.10703125
3 0.9875 0.57890625 0.02421875 0.10625
3 0.771875 0.740625 0.0375 0.178125
0 0.1984375 0.4875 0.015625 0.0234375