3 0.41796875 0.590625 0.0421875 0.134375
3 0.3890625 0.475 0.034375 0.10390625
3 0.10234375 0.5625 0.0375 0.12890625
3 0.21953125 0.44609375 0.04375 0.1015625
3 0.70234375 0.521875 0.04296875 0.1265625
3 0.97890625 0.54375 0.03203125 0.1109375
3 0.39296875 0.31953125 0.01953125 0.0765625
3 0.76875 0.41796875 0.025 0.1046875
3 0.63671875 0.39765625 0.02734375 0.1015625
3 0.7234375 0.4375 0.02890625 0.1078125
2 0.38203125 0.40390625 0.0234375 0.090625
3 0.56015625 0.3296875 0.021875 0.0875
3 0.234375 0.340625 0.021875 0.0859375
3 0.42421875 0.36015625 0.02265625 0.090625
3 0.85 0.45859375 0.028125 0.11953125
3 0.790625 0.4671875 0.02421875 0.1046875
3 0.3265625 0.97265625 0.05703125 0.053125