3 0.55 0.32578125 0.021875 0.0890625
3 0.32421875 0.49375 0.0296875 0.096875
3 0.17265625 0.40546875 0.021875 0.08984375
3 0.58515625 0.37265625 0.021875 0.08359375
3 0.5765625 0.47109375 0.021875 0.08515625
3 0.27890625 0.48984375 0.02578125 0.090625
3 0.515625 0.09296875 0.01640625 0.053125
2 0.27578125 0.28515625 0.021875 0.08515625
3 0.29140625 0.415625 0.01953125 0.096875
3 0.6296875 0.43203125 0.021875 0.08359375
3 0.55859375 0.5359375 0.028125 0.0875
3 0.53125 0.528125 0.02421875 0.0875
1 0.65 0.43359375 0.025 0.0828125
0 0.5015625 0.1265625 0.01015625 0.02265625