2 0.62890625 0.4921875 0.03515625 0.121875
3 0.7625 0.396875 0.0359375 0.08828125
3 0.7203125 0.47734375 0.034375 0.1046875
3 0.8359375 0.38984375 0.03203125 0.096875
3 0.5453125 0.43671875 0.03828125 0.1015625
3 0.06640625 0.5203125 0.0359375 0.128125
3 0.09140625 0.41484375 0.03515625 0.1078125
3 0.0265625 0.58203125 0.03359375 0.13828125
3 0.525 0.3625 0.02890625 0.08125
3 0.9171875 0.38203125 0.03203125 0.1015625
3 0.4453125 0.51171875 0.03046875 0.11875
3 0.4234375 0.53125 0.0328125 0.12109375
3 0.021875 0.5 0.028125 0.125
3 0.43671875 0.3546875 0.03359375 0.0796875
3 0.2734375 0.3671875 0.025 0.08046875
2 0.25625 0.33671875 0.02578125 0.071875