3 0.66640625 0.43125 0.0359375 0.1046875
3 0.63515625 0.37734375 0.03046875 0.1
3 0.25234375 0.3765625 0.02421875 0.08671875
3 0.38046875 0.4046875 0.0265625 0.10546875
3 0.7140625 0.6328125 0.03671875 0.14453125
3 0.1921875 0.65390625 0.03828125 0.1609375
2 0.25859375 0.47109375 0.03359375 0.11953125
3 0.625 0.47421875 0.0375 0.1015625
3 0.30859375 0.36796875 0.02265625 0.08125
3 0.13828125 0.4203125 0.03125 0.10078125
3 0.546875 0.38203125 0.02890625 0.096875
3 0.3765625 0.34375 0.02109375 0.0828125
3 0.12265625 0.353125 0.02109375 0.09453125