3 0.703125 0.5734375 0.06953125 0.13125
3 0.365625 0.71953125 0.06015625 0.1625
2 0.74375 0.39921875 0.03671875 0.1015625
3 0.61171875 0.76875 0.04765625 0.15078125
3 0.81796875 0.41015625 0.04453125 0.109375
3 0.20625 0.38359375 0.03671875 0.1046875
3 0.49375 0.53359375 0.04296875 0.1265625
3 0.57421875 0.28984375 0.028125 0.08125
3 0.378125 0.415625 0.0390625 0.096875
3 0.4421875 0.52109375 0.04765625 0.13515625
3 0.5015625 0.2703125 0.028125 0.07265625
3 0.95234375 0.475 0.0375 0.0953125
0 0.0953125 0.43046875 0.01953125 0.025
3 0.94609375 0.415625 0.02890625 0.08203125