3 0.32890625 0.78984375 0.05625 0.16171875
3 0.36015625 0.58671875 0.046875 0.11953125
3 0.084375 0.784375 0.04921875 0.16796875
3 0.71484375 0.378125 0.03671875 0.1046875
3 0.60859375 0.73203125 0.040625 0.15390625
3 0.11484375 0.3984375 0.0421875 0.10859375
3 0.7859375 0.47109375 0.03125 0.1140625
3 0.3890625 0.48828125 0.0375 0.1109375
3 0.18828125 0.43515625 0.03203125 0.1046875
3 0.1421875 0.57890625 0.040625 0.13984375
3 0.571875 0.51796875 0.03125 0.1125
3 0.484375 0.3625 0.0265625 0.0921875
3 0.61328125 0.6015625 0.040625 0.11953125
3 0.42578125 0.34375 0.0296875 0.09140625
3 0.80078125 0.5578125 0.03125 0.121875
3 0.67734375 0.38125 0.03046875 0.090625
2 0.46953125 0.40546875 0.02734375 0.09765625
3 0.60625 0.5390625 0.03125 0.08828125