3 0.58671875 0.33203125 0.02109375 0.0890625
3 0.4625 0.47890625 0.0203125 0.08984375
3 0.30859375 0.39140625 0.021875 0.0796875
3 0.1890625 0.38671875 0.021875 0.08828125
3 0.253125 0.48828125 0.02578125 0.0953125
3 0.309375 0.48203125 0.02578125 0.0875
2 0.28359375 0.28984375 0.0203125 0.084375
3 0.6171875 0.37265625 0.01875 0.084375
3 0.41640625 0.50078125 0.02109375 0.0875
3 0.4953125 0.46015625 0.021875 0.08984375
3 0.38984375 0.4765625 0.0203125 0.08984375
3 0.50234375 0.4578125 0.0203125 0.08828125
3 0.5125 0.08828125 0.01328125 0.04296875
1 0.653125 0.4359375 0.01875 0.090625
3 0.6296875 0.4265625 0.0203125 0.09375