2 0.4015625 0.49140625 0.04140625 0.10703125
3 0.88046875 0.57734375 0.059375 0.12109375
3 0.56953125 0.46796875 0.04765625 0.10234375
3 0.7171875 0.3734375 0.0375 0.090625
3 0.9265625 0.434375 0.04375 0.10234375
3 0.3390625 0.48671875 0.046875 0.09765625
3 0.9734375 0.60390625 0.053125 0.1359375
3 0.8859375 0.39140625 0.03984375 0.1046875
3 0.1125 0.44140625 0.04140625 0.09609375
3 0.4296875 0.390625 0.03828125 0.0765625
3 0.2140625 0.3890625 0.04140625 0.0859375
3 0.37578125 0.40234375 0.0296875 0.059375
3 0.26640625 0.4421875 0.04453125 0.11484375
3 0.98828125 0.4515625 0.0234375 0.11875
3 0.1421875 0.62578125 0.03671875 0.1390625