3 0.159375 0.6015625 0.05234375 0.128125
3 0.40546875 0.21171875 0.01875 0.0703125
3 0.7921875 0.3546875 0.03203125 0.10703125
3 0.5390625 0.2515625 0.02265625 0.08046875
3 0.39453125 0.32734375 0.025 0.08828125
3 0.03515625 0.43359375 0.0359375 0.11640625
3 0.7453125 0.2265625 0.0203125 0.0765625
3 0.9109375 0.26640625 0.03515625 0.0953125
3 0.040625 0.3140625 0.02734375 0.10546875
3 0.446875 0.41875 0.03203125 0.11015625
3 0.234375 0.365625 0.03046875 0.10859375
3 0.97421875 0.3609375 0.0359375 0.11171875
3 0.38671875 0.4359375 0.02734375 0.1125
3 0.665625 0.56328125 0.03203125 0.12578125
0 0.34609375 0.559375 0.01875 0.0328125
2 0.6734375 0.3421875 0.03046875 0.1015625
2 0.215625 0.18046875 0.0171875 0.0625