3 0.2328125 0.8125 0.05390625 0.1609375
2 0.1828125 0.4890625 0.028125 0.1078125
3 0.440625 0.5765625 0.0375 0.11171875
3 0.86328125 0.60703125 0.0390625 0.1328125
3 0.6453125 0.73203125 0.03984375 0.14375
3 0.18125 0.6015625 0.03515625 0.13046875
3 0.71484375 0.7390625 0.0390625 0.140625
3 0.56484375 0.553125 0.03203125 0.1046875
3 0.46328125 0.94140625 0.07109375 0.10859375
3 0.3140625 0.56484375 0.0328125 0.10703125
3 0.53984375 0.4421875 0.0296875 0.10625
3 0.34140625 0.48671875 0.03046875 0.09375
1 0.915625 0.375 0.021875 0.0953125
3 0.32109375 0.43984375 0.0265625 0.09453125
3 0.440625 0.40546875 0.025 0.0828125
3 0.75234375 0.52421875 0.03046875 0.11640625
0 0.4328125 0.46640625 0.01015625 0.0234375
3 0.73359375 0.49375 0.0265625 0.1078125