2 0.37265625 0.4234375 0.0421875 0.09765625
3 0.13203125 0.47421875 0.06328125 0.10703125
3 0.3859375 0.503125 0.04140625 0.1171875
3 0.62578125 0.3921875 0.0421875 0.12890625
3 0.43359375 0.47578125 0.0390625 0.09609375
3 0.01640625 0.38671875 0.0328125 0.10625
3 0.8890625 0.5125 0.0484375 0.11796875
3 0.334375 0.3546875 0.03828125 0.0953125
3 0.8453125 0.4671875 0.04609375 0.1328125
0 0.23203125 0.3984375 0.01796875 0.02421875
3 0.215625 0.45625 0.0421875 0.11171875
3 0.86015625 0.58359375 0.04765625 0.1484375