2 0.23203125 0.44375 0.046875 0.1015625
3 0.81640625 0.3078125 0.03984375 0.08828125
3 0.871875 0.3515625 0.03828125 0.0953125
3 0.63046875 0.240625 0.0328125 0.05234375
3 0.521875 0.52734375 0.04921875 0.12578125
0 0.53046875 0.28046875 0.01484375 0.01875
3 0.775 0.27578125 0.03203125 0.0734375
3 0.9078125 0.3625 0.0390625 0.09609375
3 0.6125 0.33984375 0.0359375 0.08828125
3 0.0796875 0.31171875 0.0359375 0.07890625
3 0.325 0.56796875 0.0515625 0.1203125
3 0.2703125 0.49609375 0.046875 0.1140625
3 0.4015625 0.5328125 0.04140625 0.1125
3 0.56328125 0.396875 0.03515625 0.0953125
3 0.4 0.30546875 0.0296875 0.07578125
3 0.32734375 0.440625 0.03515625 0.10546875
3 0.01015625 0.41796875 0.0203125 0.1171875