3 0.59296875 0.75703125 0.06171875 0.165625
3 0.28671875 0.7984375 0.05390625 0.16796875
3 0.38203125 0.6625 0.04765625 0.15
3 0.22734375 0.6078125 0.04375 0.14453125
1 0.0390625 0.29609375 0.02578125 0.09609375
3 0.91328125 0.43828125 0.04375 0.1078125
3 0.415625 0.4390625 0.0390625 0.11015625
3 0.77890625 0.5625 0.03359375 0.13125
3 0.35 0.36953125 0.0359375 0.10859375
3 0.26640625 0.40546875 0.03828125 0.109375
3 0.171875 0.465625 0.0421875 0.12421875
3 0.709375 0.53125 0.03515625 0.1171875
3 0.4671875 0.31171875 0.0296875 0.08828125
3 0.6796875 0.4796875 0.034375 0.09609375
3 0.9484375 0.290625 0.0296875 0.0890625
3 0.4828125 0.5546875 0.04609375 0.1296875
2 0.4546875 0.51796875 0.0296875 0.12578125