3 0.1578125 0.346875 0.03125 0.1015625
3 0.6203125 0.6234375 0.0484375 0.10234375
3 0.73359375 0.60703125 0.0515625 0.12421875
3 0.2671875 0.46171875 0.03203125 0.11015625
3 0.22109375 0.35 0.021875 0.09296875
3 0.05859375 0.43203125 0.03984375 0.11796875
3 0.3703125 0.31328125 0.025 0.09140625
3 0.69375 0.27265625 0.021875 0.07890625
3 0.41171875 0.259375 0.02265625 0.07734375
2 0.32265625 0.43125 0.03046875 0.11015625
3 0.33515625 0.27890625 0.02265625 0.0796875
3 0.65625 0.3859375 0.03125 0.10546875
3 0.49453125 0.41171875 0.02734375 0.1109375
3 0.98203125 0.28359375 0.0296875 0.0984375
3 0.721875 0.39453125 0.03046875 0.0984375
3 0.55859375 0.23828125 0.01953125 0.07734375
3 0.19765625 0.35 0.02421875 0.0984375
3 0.2265625 0.28359375 0.021875 0.08046875
3 0.015625 0.89765625 0.0296875 0.1734375
2 0.3671875 0.18671875 0.0171875 0.0453125
0 0.740625 0.6609375 0.0203125 0.03203125