3 0.09765625 0.5859375 0.0390625 0.14609375
2 0.56015625 0.51953125 0.03828125 0.13828125
3 0.6828125 0.46953125 0.03984375 0.11953125
3 0.184375 0.48828125 0.03359375 0.128125
3 0.4046875 0.61328125 0.0390625 0.153125
3 0.615625 0.36484375 0.028125 0.09453125
3 0.25859375 0.56171875 0.03515625 0.1359375
3 0.475 0.45703125 0.03359375 0.115625
3 0.125 0.46484375 0.03203125 0.1296875
3 0.33671875 0.384375 0.028125 0.1015625
3 0.80625 0.3734375 0.034375 0.09296875
3 0.25703125 0.43359375 0.0328125 0.10625
3 0.6609375 0.32890625 0.02578125 0.08046875
3 0.2859375 0.42890625 0.02734375 0.1125
3 0.0140625 0.5234375 0.02734375 0.1375
2 0.54609375 0.30546875 0.0265625 0.08828125
3 0.76953125 0.353125 0.028125 0.09296875
3 0.2625 0.38515625 0.021875 0.0875
3 0.68359375 0.32734375 0.0203125 0.07265625