3 0.18046875 0.328125 0.03671875 0.0875
3 0.1078125 0.40703125 0.0453125 0.1109375
3 0.2640625 0.52109375 0.0359375 0.115625
2 0.3328125 0.52890625 0.02890625 0.125
3 0.2671875 0.35625 0.03046875 0.0921875
3 0.2703125 0.92890625 0.0453125 0.14140625
3 0.5890625 0.29609375 0.03515625 0.1015625
3 0.52265625 0.54453125 0.040625 0.1140625
3 0.60546875 0.43515625 0.03203125 0.11015625
3 0.234375 0.6921875 0.0359375 0.159375
3 0.378125 0.4234375 0.03125 0.109375
3 0.446875 0.25625 0.0265625 0.07890625
3 0.64296875 0.54765625 0.03203125 0.11640625
3 0.73359375 0.36796875 0.02265625 0.09453125
3 0.22265625 0.30859375 0.02578125 0.09921875
3 0.2546875 0.29609375 0.0234375 0.0765625
3 0.73125 0.22265625 0.0171875 0.0671875
2 0.390625 0.175 0.021875 0.0625
3 0.7140625 0.39453125 0.0265625 0.103125