2 0.2015625 0.37734375 0.03203125 0.1078125
3 0.13515625 0.61328125 0.04921875 0.134375
3 0.5296875 0.38046875 0.02890625 0.1
3 0.64609375 0.35 0.03125 0.11484375
3 0.30859375 0.32421875 0.03203125 0.0984375
3 0.4671875 0.24609375 0.02578125 0.09765625
1 0.67265625 0.23125 0.02265625 0.090625
3 0.85 0.36640625 0.03515625 0.10546875
3 0.86640625 0.60078125 0.06015625 0.16015625
3 0.51171875 0.30546875 0.02734375 0.0984375
3 0.33984375 0.27421875 0.028125 0.0890625
3 0.21796875 0.2078125 0.02890625 0.0796875
3 0.38515625 0.23203125 0.02421875 0.084375
3 0.415625 0.31015625 0.025 0.090625
3 0.4234375 0.253125 0.0234375 0.084375
3 0.01953125 0.62421875 0.0375 0.140625
0 0.6484375 0.76875 0.03125 0.0390625