0 0.73515625 0.43125 0.01328125 0.03515625
3 0.3265625 0.6078125 0.0296875 0.1328125
3 0.2453125 0.35859375 0.02421875 0.08828125
3 0.4375 0.31953125 0.02421875 0.08671875
3 0.54921875 0.3265625 0.0234375 0.08203125
3 0.64921875 0.36171875 0.028125 0.096875
3 0.56171875 0.50859375 0.0390625 0.1125
3 0.5546875 0.8046875 0.03828125 0.16484375
3 0.61953125 0.6 0.05390625 0.06796875
3 0.6546875 0.59140625 0.034375 0.08671875
3 0.73515625 0.55234375 0.04140625 0.07421875
3 0.8234375 0.62578125 0.0421875 0.1375
3 0.89375 0.58046875 0.04765625 0.1171875
3 0.91953125 0.53125 0.03984375 0.1125
2 0.31953125 0.4453125 0.025 0.10625
2 0.8375 0.30703125 0.02578125 0.08671875