2 0.22578125 0.29296875 0.0203125 0.0671875
3 0.23203125 0.3546875 0.03046875 0.1
3 0.83203125 0.36484375 0.025 0.08359375
3 0.7640625 0.6328125 0.04140625 0.1640625
3 0.2484375 0.7078125 0.0546875 0.1625
3 0.43046875 0.5890625 0.0328125 0.13984375
3 0.43359375 0.45625 0.03046875 0.109375
3 0.49375 0.303125 0.01953125 0.08046875
3 0.76171875 0.3234375 0.02265625 0.08515625
3 0.52734375 0.39453125 0.0265625 0.10703125
3 0.13203125 0.31953125 0.02265625 0.09296875
3 0.9015625 0.465625 0.03515625 0.1171875
3 0.890625 0.39921875 0.0265625 0.1015625
3 0.42265625 0.375 0.02265625 0.09765625
3 0.53046875 0.3140625 0.01875 0.07578125
3 0.8390625 0.31875 0.02109375 0.08671875
0 0.453125 0.3015625 0.0125 0.0203125