3 0.89453125 0.34609375 0.03203125 0.11328125
2 0.58203125 0.490625 0.02578125 0.1203125
3 0.23984375 0.49453125 0.034375 0.11328125
3 0.9578125 0.3578125 0.0375 0.10625
3 0.0734375 0.6890625 0.0484375 0.15
3 0.5203125 0.44375 0.028125 0.11484375
3 0.825 0.5046875 0.0296875 0.12421875
3 0.409375 0.52265625 0.03125 0.125
2 0.315625 0.27578125 0.03046875 0.078125
3 0.725 0.44140625 0.03359375 0.1296875
3 0.665625 0.3609375 0.02578125 0.0984375
3 0.22734375 0.359375 0.025 0.09140625
3 0.62734375 0.3390625 0.02734375 0.09375
3 0.24765625 0.428125 0.02734375 0.09765625
3 0.56796875 0.38203125 0.025 0.1015625
3 0.40234375 0.44140625 0.02421875 0.1046875
3 0.55 0.41796875 0.02578125 0.1125
3 0.28125 0.41328125 0.0265625 0.109375