3 0.0203125 0.81875 0.03359375 0.16796875
3 0.04609375 0.3515625 0.0265625 0.08984375
3 0.240625 0.8171875 0.0421875 0.17734375
3 0.22734375 0.5734375 0.0390625 0.115625
3 0.246875 0.49296875 0.034375 0.103125
3 0.4015625 0.39140625 0.03203125 0.07265625
3 0.49609375 0.3734375 0.02890625 0.08984375
3 0.528125 0.5921875 0.03046875 0.1375
3 0.64140625 0.4890625 0.0375 0.1140625
3 0.76328125 0.56875 0.04453125 0.10625
3 0.790625 0.52578125 0.03125 0.11875
1 0.71171875 0.3375 0.02890625 0.09375
2 0.19375 0.43671875 0.03203125 0.1046875
3 0.68125 0.3453125 0.02265625 0.08671875
3 0.62578125 0.4 0.02265625 0.1078125