0 0.378125 0.53828125 0.0140625 0.03125
3 0.18125 0.584375 0.03046875 0.1125
3 0.20703125 0.5171875 0.03203125 0.1234375
3 0.221875 0.3953125 0.0265625 0.1078125
3 0.371875 0.328125 0.0234375 0.096875
3 0.3859375 0.46796875 0.0265625 0.1109375
3 0.58046875 0.265625 0.034375 0.08671875
3 0.54765625 0.3796875 0.0234375 0.07734375
3 0.55546875 0.44921875 0.0234375 0.08984375
3 0.66171875 0.35390625 0.028125 0.08203125
3 0.69140625 0.2640625 0.0203125 0.07109375
3 0.76484375 0.684375 0.04140625 0.140625
3 0.83515625 0.728125 0.06328125 0.1453125
3 0.80625 0.50390625 0.03203125 0.115625
2 0.75859375 0.4015625 0.02890625 0.09296875
3 0.97890625 0.31015625 0.0390625 0.09296875
3 0.73515625 0.365625 0.028125 0.09296875