0 0.7921875 0.61875 0.01484375 0.03671875
3 0.66953125 0.7609375 0.04921875 0.1453125
3 0.8984375 0.36953125 0.028125 0.1
3 0.77109375 0.51328125 0.03671875 0.11875
3 0.75546875 0.4125 0.0265625 0.1
3 0.66484375 0.2796875 0.02109375 0.07734375
3 0.39140625 0.4734375 0.02890625 0.1171875
3 0.3171875 0.72890625 0.053125 0.15859375
3 0.30546875 0.51953125 0.0296875 0.1125
3 0.26015625 0.42421875 0.0265625 0.0953125
3 0.35859375 0.38203125 0.02578125 0.08203125
3 0.3140625 0.26328125 0.01875 0.06015625
2 0.165625 0.52265625 0.02578125 0.121875
3 0.0859375 0.465625 0.028125 0.11875
3 0.04140625 0.32421875 0.0296875 0.09296875