3 0.709375 0.83984375 0.046875 0.1734375
3 0.42890625 0.2765625 0.02109375 0.0703125
3 0.440625 0.73125 0.04140625 0.1515625
3 0.765625 0.45859375 0.03125 0.1140625
3 0.55546875 0.3453125 0.02734375 0.08046875
3 0.34140625 0.4921875 0.03203125 0.1109375
3 0.05078125 0.46640625 0.03046875 0.10625
3 0.43359375 0.52890625 0.028125 0.10625
3 0.26953125 0.53515625 0.02734375 0.11640625
3 0.23828125 0.446875 0.0265625 0.10390625
3 0.515625 0.31015625 0.0234375 0.07578125
3 0.23046875 0.321875 0.0234375 0.08203125
3 0.0859375 0.3046875 0.01953125 0.07109375
3 0.58515625 0.484375 0.03046875 0.0984375
2 0.325 0.39140625 0.0234375 0.09375
3 0.61328125 0.36484375 0.02265625 0.0921875
3 0.56484375 0.45703125 0.02890625 0.10546875