3 0.89921875 0.45 0.05546875 0.153125
3 0.71484375 0.44609375 0.04765625 0.14296875
3 0.21640625 0.45390625 0.04375 0.1546875
3 0.3203125 0.5859375 0.04140625 0.15078125
3 0.6859375 0.5609375 0.04140625 0.16640625
3 0.6171875 0.47890625 0.05234375 0.11875
3 0.1421875 0.509375 0.0390625 0.1359375
3 0.3734375 0.4296875 0.03671875 0.13359375
3 0.3125 0.42421875 0.0328125 0.11953125
3 0.33359375 0.48515625 0.03671875 0.11640625
3 0.2859375 0.41328125 0.03359375 0.1375
1 0.365625 0.36328125 0.0296875 0.12265625
2 0.01328125 0.55546875 0.0265625 0.18359375
0 0.74296875 0.56796875 0.0203125 0.0390625