3 0.1578125 0.4046875 0.034375 0.08984375
3 0.09609375 0.4296875 0.0453125 0.10234375
3 0.3078125 0.4421875 0.0265625 0.1
3 0.44296875 0.49921875 0.0390625 0.11328125
3 0.68359375 0.63046875 0.0359375 0.1328125
3 0.16953125 0.58515625 0.03984375 0.12890625
3 0.49453125 0.41171875 0.0296875 0.09453125
3 0.3359375 0.39453125 0.02421875 0.08125
3 0.27578125 0.43828125 0.02265625 0.09453125
3 0.67578125 0.5046875 0.0375 0.10625
3 0.70234375 0.48359375 0.03359375 0.1171875
3 0.77265625 0.53359375 0.028125 0.12265625
3 0.5671875 0.9671875 0.0578125 0.06484375
3 0.3015625 0.35546875 0.01796875 0.075
3 0.1984375 0.3640625 0.02421875 0.075
3 0.23359375 0.36796875 0.01328125 0.0484375
3 0.2375 0.365625 0.01640625 0.0609375