2 0.25234375 0.41875 0.04375 0.125
1 0.50703125 0.22890625 0.03515625 0.0921875
3 0.8671875 0.4109375 0.05234375 0.1203125
3 0.0921875 0.565625 0.059375 0.153125
3 0.428125 0.6671875 0.06328125 0.14609375
3 0.5640625 0.6703125 0.0515625 0.1234375
3 0.190625 0.4703125 0.05078125 0.1234375
3 0.584375 0.33046875 0.0453125 0.1171875
3 0.7765625 0.36875 0.046875 0.1125
3 0.3078125 0.26015625 0.04140625 0.11328125
3 0.23515625 0.240625 0.0390625 0.0953125
3 0.453125 0.29921875 0.0390625 0.10703125
3 0.26015625 0.27109375 0.0421875 0.1046875
3 0.71953125 0.34296875 0.0453125 0.11171875
3 0.425 0.33046875 0.03984375 0.10078125
0 0.36640625 0.728125 0.02109375 0.03125
3 0.41640625 0.25859375 0.025 0.07421875