2 0.51328125 0.54375 0.03046875 0.1296875
3 0.8625 0.76171875 0.06171875 0.17421875
3 0.62265625 0.4671875 0.034375 0.11328125
3 0.95078125 0.39140625 0.03984375 0.10859375
3 0.68046875 0.45859375 0.0375 0.12109375
3 0.2265625 0.56171875 0.03359375 0.13125
3 0.80234375 0.50234375 0.0390625 0.12421875
3 0.18984375 0.5671875 0.0375 0.13359375
3 0.6 0.52734375 0.040625 0.13515625
3 0.2046875 0.48125 0.0328125 0.1078125
3 0.93125 0.5078125 0.03828125 0.1234375
3 0.31015625 0.44140625 0.03515625 0.10703125
3 0.2796875 0.39453125 0.028125 0.103125
3 0.28828125 0.434375 0.0296875 0.11015625
3 0.90703125 0.49921875 0.03046875 0.1203125
2 0.37890625 0.3078125 0.02734375 0.06484375