3 0.73203125 0.48125 0.04140625 0.11328125
3 0.34453125 0.60234375 0.04296875 0.12890625
3 0.83203125 0.39296875 0.03984375 0.0984375
3 0.93984375 0.53515625 0.05703125 0.1265625
3 0.89453125 0.56875 0.0421875 0.1421875
3 0.63984375 0.4046875 0.02734375 0.10234375
3 0.77265625 0.4828125 0.03515625 0.1171875
3 0.40390625 0.5359375 0.0375 0.1078125
1 0.04609375 0.41015625 0.0296875 0.109375
3 0.625 0.4765625 0.02734375 0.10234375
3 0.54765625 0.74921875 0.03984375 0.1625
0 0.75390625 0.525 0.01171875 0.0296875
3 0.409375 0.4859375 0.02734375 0.11328125