3 0.475 0.9109375 0.059375 0.1703125
2 0.2484375 0.5671875 0.03828125 0.13515625
3 0.31171875 0.4984375 0.0421875 0.11875
3 0.88671875 0.46875 0.0375 0.12265625
3 0.59296875 0.58359375 0.03828125 0.1375
3 0.03671875 0.43359375 0.04453125 0.1046875
3 0.91953125 0.4234375 0.03984375 0.11015625
3 0.61796875 0.4046875 0.03515625 0.1015625
3 0.57890625 0.353125 0.02421875 0.0859375
3 0.3734375 0.39765625 0.04140625 0.1
3 0.20859375 0.33515625 0.03046875 0.07890625
2 0.228125 0.30078125 0.03046875 0.084375
3 0.62890625 0.3328125 0.0296875 0.06640625