3 0.596875 0.74765625 0.06484375 0.18515625
3 0.75859375 0.85390625 0.07109375 0.20625
3 0.1109375 0.5421875 0.065625 0.1484375
2 0.684375 0.571875 0.05 0.14140625
3 0.05546875 0.665625 0.059375 0.1609375
3 0.7578125 0.4453125 0.05390625 0.12890625
3 0.53984375 0.46796875 0.05 0.13359375
3 0.44296875 0.440625 0.04765625 0.1171875
3 0.80234375 0.5953125 0.05 0.14921875
3 0.25390625 0.5203125 0.0515625 0.14921875
3 0.665625 0.41328125 0.03671875 0.06015625
3 0.20234375 0.50234375 0.05234375 0.14765625
3 0.9671875 0.45625 0.046875 0.11875
3 0.628125 0.51484375 0.05546875 0.15
3 0.4859375 0.48515625 0.034375 0.140625
2 0.64296875 0.340625 0.0234375 0.07890625