3 0.1109375 0.234375 0.02265625 0.08984375
3 0.04765625 0.53125 0.0359375 0.11875
3 0.14609375 0.41328125 0.0296875 0.1109375
3 0.225 0.62265625 0.0515625 0.140625
3 0.35078125 0.7625 0.0703125 0.16640625
3 0.165625 0.2484375 0.0328125 0.08359375
3 0.25625 0.37890625 0.0375 0.115625
3 0.36171875 0.27890625 0.02578125 0.09375
3 0.57578125 0.34765625 0.0453125 0.109375
3 0.559375 0.840625 0.0578125 0.18359375
3 0.5625 0.4875 0.0328125 0.1171875
3 0.6 0.634375 0.0375 0.1390625
3 0.61875 0.559375 0.028125 0.121875
3 0.64609375 0.56484375 0.03359375 0.1140625
1 0.82734375 0.28125 0.04375 0.09296875
0 0.66875 0.6078125 0.01875 0.03125