3 0.7421875 0.7703125 0.04453125 0.16328125
2 0.71171875 0.56796875 0.0296875 0.12109375
3 0.984375 0.54375 0.03125 0.11953125
3 0.27578125 0.68984375 0.03828125 0.14375
1 0.3375 0.45 0.03046875 0.10859375
3 0.7546875 0.58046875 0.03671875 0.121875
3 0.6953125 0.4796875 0.03046875 0.09765625
3 0.4125 0.50703125 0.03125 0.10546875
3 0.86328125 0.4734375 0.03046875 0.1078125
3 0.7578125 0.42734375 0.0265625 0.09375
3 0.43359375 0.45625 0.02421875 0.10078125
3 0.47421875 0.44921875 0.028125 0.09375
3 0.565625 0.465625 0.03359375 0.09609375
3 0.7765625 0.41328125 0.02421875 0.0921875
3 0.53046875 0.45234375 0.025 0.1
3 0.5453125 0.45546875 0.01875 0.08984375
2 0.846875 0.32890625 0.021875 0.0703125