3 0.24375 0.9078125 0.05234375 0.184375
3 0.38515625 0.58515625 0.0390625 0.1375
3 0.92734375 0.525 0.03671875 0.1265625
3 0.3078125 0.53828125 0.03515625 0.1328125
2 0.71328125 0.4078125 0.021875 0.09609375
3 0.71796875 0.51171875 0.0328125 0.1203125
3 0.9609375 0.42734375 0.03125 0.11171875
3 0.12265625 0.37109375 0.02734375 0.09921875
3 0.98671875 0.78046875 0.0265625 0.1671875
3 0.30859375 0.31875 0.0234375 0.0703125
3 0.728125 0.3953125 0.02265625 0.09453125
3 0.978125 0.34921875 0.021875 0.0875
3 0.34453125 0.31328125 0.021875 0.06171875
2 0.125 0.296875 0.02109375 0.0734375