3 0.18828125 0.25546875 0.0171875 0.05546875
3 0.32109375 0.178125 0.01640625 0.053125
3 0.66640625 0.2640625 0.02109375 0.05234375
3 0.32734375 0.2796875 0.0171875 0.05390625
3 0.221875 0.42265625 0.01640625 0.059375
3 0.70859375 0.23125 0.0171875 0.05390625
3 0.3921875 0.26953125 0.015625 0.05078125
3 0.41796875 0.196875 0.01328125 0.04609375
3 0.62734375 0.2015625 0.01796875 0.05078125
3 0.446875 0.1296875 0.0125 0.0453125
3 0.4609375 0.34453125 0.01875 0.059375
3 0.725 0.2875 0.0171875 0.05546875
3 0.66328125 0.3453125 0.0171875 0.053125
3 0.5734375 0.3140625 0.01640625 0.053125
3 0.55390625 0.23515625 0.0140625 0.03984375
3 0.3875 0.27421875 0.015625 0.05234375
3 0.5734375 0.1625 0.015625 0.04140625
3 0.60234375 0.1875 0.0140625 0.040625
2 0.53984375 0.24609375 0.0140625 0.04453125
3 0.5 0.1390625 0.01484375 0.040625