3 0.12734375 0.57109375 0.0546875 0.1390625
3 0.1765625 0.40859375 0.03359375 0.1296875
3 0.21015625 0.34140625 0.03125 0.1171875
3 0.2921875 0.3578125 0.03046875 0.1046875
3 0.36953125 0.67265625 0.05 0.15703125
3 0.434375 0.43046875 0.04375 0.1234375
3 0.35703125 0.3140625 0.02578125 0.08828125
3 0.3765625 0.33359375 0.04375 0.06796875
3 0.49921875 0.33515625 0.03203125 0.1046875
3 0.546875 0.4484375 0.034375 0.140625
3 0.646875 0.54375 0.0375 0.146875
3 0.715625 0.37890625 0.0390625 0.109375
3 0.634375 0.3140625 0.028125 0.10625
3 0.61171875 0.3109375 0.03125 0.09140625
3 0.94453125 0.46171875 0.0375 0.1359375
3 0.98515625 0.3453125 0.0296875 0.1109375
2 0.63828125 0.45234375 0.03125 0.1234375
2 0.32890625 0.27734375 0.0359375 0.09375
0 0.38984375 0.3546875 0.01328125 0.03984375