3 0.121875 0.3703125 0.03359375 0.1078125
3 0.1890625 0.56484375 0.0515625 0.1359375
3 0.221875 0.36484375 0.028125 0.1
3 0.22578125 0.45859375 0.03359375 0.1171875
3 0.31875 0.43046875 0.040625 0.1078125
3 0.33515625 0.33203125 0.0359375 0.09296875
3 0.41015625 0.34296875 0.02890625 0.1046875
3 0.48125 0.58125 0.04140625 0.15859375
3 0.496875 0.31875 0.0296875 0.096875
3 0.58203125 0.35390625 0.03046875 0.096875
3 0.6203125 0.3453125 0.0359375 0.1203125
3 0.66953125 0.31796875 0.03984375 0.08984375
3 0.77421875 0.375 0.04140625 0.1078125
3 0.90390625 0.5828125 0.040625 0.140625
2 0.50546875 0.4109375 0.03828125 0.10625