3 0.07890625 0.8546875 0.0765625 0.20390625
3 0.1171875 0.43984375 0.04375 0.1140625
3 0.1546875 0.3578125 0.0265625 0.08984375
3 0.33828125 0.7984375 0.04609375 0.17421875
3 0.2296875 0.36015625 0.034375 0.08828125
3 0.2359375 0.309375 0.03359375 0.08203125
3 0.33515625 0.3203125 0.028125 0.07890625
3 0.3734375 0.42109375 0.03203125 0.0953125
3 0.4046875 0.36484375 0.0296875 0.09140625
3 0.43046875 0.3625 0.02890625 0.08359375
3 0.5296875 0.34453125 0.040625 0.09140625
3 0.57421875 0.35234375 0.0359375 0.09375
3 0.7265625 0.44609375 0.03984375 0.1078125
3 0.78359375 0.40703125 0.02578125 0.1171875
3 0.87265625 0.453125 0.03046875 0.11875
3 0.9390625 0.4703125 0.03671875 0.1265625
3 0.9875 0.503125 0.02421875 0.1296875
2 0.32578125 0.4 0.0265625 0.1015625