3 0.69140625 0.56875 0.0453125 0.165625
3 0.41015625 0.53984375 0.0390625 0.14375
3 0.1015625 0.5328125 0.04140625 0.16796875
3 0.31484375 0.3234375 0.03515625 0.125
1 0.1421875 0.19921875 0.02734375 0.09296875
3 0.4765625 0.33203125 0.0296875 0.1015625
3 0.77578125 0.43984375 0.03671875 0.14140625
3 0.23515625 0.43828125 0.03125 0.1265625
3 0.365625 0.62265625 0.0453125 0.16328125
2 0.86328125 0.3921875 0.0328125 0.125
0 0.759375 0.503125 0.0140625 0.03125
3 0.63984375 0.36484375 0.04765625 0.11796875
3 0.50546875 0.5171875 0.04140625 0.15703125
2 0.15078125 0.55546875 0.0421875 0.1546875
3 0.22578125 0.315625 0.03203125 0.13125
3 0.465625 0.3734375 0.0328125 0.121875