3 0.53984375 0.6390625 0.0671875 0.14296875
2 0.2328125 0.415625 0.0453125 0.11953125
3 0.8984375 0.43125 0.0546875 0.125
3 0.22109375 0.5828125 0.0515625 0.146875
3 0.4671875 0.22578125 0.0328125 0.0796875
3 0.125 0.43203125 0.0453125 0.128125
3 0.71171875 0.31328125 0.040625 0.11328125
3 0.53671875 0.2328125 0.03515625 0.08359375
3 0.42421875 0.4671875 0.0421875 0.115625
3 0.40078125 0.29375 0.03203125 0.08984375
3 0.02734375 0.30234375 0.03671875 0.0734375
3 0.65234375 0.3296875 0.03671875 0.0984375
3 0.36796875 0.3609375 0.0421875 0.109375
0 0.340625 0.21328125 0.02109375 0.034375