3 0.25234375 0.440625 0.03515625 0.103125
3 0.16640625 0.40234375 0.03515625 0.103125
3 0.6828125 0.53046875 0.03046875 0.11640625
3 0.10078125 0.4890625 0.04375 0.11875
3 0.69296875 0.425 0.03203125 0.10625
3 0.33359375 0.4203125 0.0359375 0.0890625
3 0.80234375 0.3578125 0.03046875 0.09609375
3 0.6125 0.565625 0.0328125 0.1328125
3 0.9390625 0.440625 0.03125 0.11875
0 0.29375 0.365625 0.015625 0.0328125
3 0.975 0.38359375 0.03515625 0.0921875
3 0.4875 0.375 0.028125 0.09765625
3 0.37578125 0.34765625 0.02421875 0.0796875
3 0.4515625 0.47265625 0.03046875 0.09609375
2 0.49453125 0.5296875 0.02890625 0.12578125
3 0.63515625 0.35703125 0.02265625 0.0796875
2 0.384375 0.29140625 0.0265625 0.07109375
3 0.49765625 0.46875 0.028125 0.09140625
3 0.64453125 0.4625 0.02578125 0.10546875
3 0.63828125 0.4234375 0.025 0.0875