3 0.63125 0.4890625 0.03125 0.0953125
3 0.8484375 0.503125 0.04453125 0.1125
3 0.09375 0.31015625 0.02578125 0.0859375
3 0.409375 0.5953125 0.04140625 0.13203125
3 0.18828125 0.55703125 0.0296875 0.11875
3 0.5265625 0.26953125 0.028125 0.08671875
3 0.1984375 0.83828125 0.0515625 0.15625
3 0.7609375 0.425 0.0375 0.084375
3 0.27578125 0.40546875 0.0265625 0.09921875
3 0.3484375 0.80546875 0.05390625 0.15390625
2 0.2296875 0.40859375 0.0328125 0.09765625
3 0.66484375 0.34296875 0.03359375 0.08359375
3 0.04609375 0.4359375 0.028125 0.103125
3 0.81875 0.765625 0.040625 0.16171875
3 0.159375 0.79921875 0.040625 0.1640625
3 0.77109375 0.7796875 0.04140625 0.15390625
3 0.271875 0.6 0.03984375 0.128125
1 0.86171875 0.26484375 0.0296875 0.08203125
0 0.8296875 0.4328125 0.0125 0.02890625