2 0.14375 0.21328125 0.02265625 0.06796875
2 0.50546875 0.41015625 0.0265625 0.0953125
0 0.68671875 0.48671875 0.01796875 0.03203125
3 0.053125 0.35 0.0328125 0.07421875
3 0.0578125 0.41484375 0.0359375 0.0984375
3 0.16171875 0.284375 0.021875 0.06015625
3 0.2671875 0.7453125 0.046875 0.1421875
3 0.2796875 0.35234375 0.0265625 0.09375
3 0.33046875 0.8484375 0.06171875 0.1453125
3 0.31875 0.28515625 0.02421875 0.06796875
3 0.384375 0.46484375 0.03046875 0.0984375
3 0.44375 0.55703125 0.03671875 0.1140625
3 0.45703125 0.27265625 0.025 0.07265625
3 0.55625 0.5875 0.05234375 0.09375
3 0.62578125 0.6921875 0.05546875 0.140625
3 0.61875 0.284375 0.02421875 0.07890625
3 0.81640625 0.3625 0.0375 0.08984375
3 0.7296875 0.49609375 0.03359375 0.1125
3 0.92578125 0.78125 0.04609375 0.146875
3 0.8734375 0.33984375 0.03203125 0.0953125