3 0.7546875 0.40703125 0.03203125 0.10078125
3 0.8953125 0.72734375 0.0375 0.15078125
3 0.225 0.66796875 0.04140625 0.1375
3 0.50546875 0.42890625 0.03515625 0.084375
3 0.090625 0.33984375 0.03359375 0.0859375
3 0.54765625 0.32109375 0.02265625 0.0796875
3 0.47109375 0.471875 0.028125 0.10546875
3 0.4578125 0.215625 0.0140625 0.0578125
0 0.7828125 0.7828125 0.015625 0.0328125
3 0.31875 0.2515625 0.0171875 0.06875
3 0.725 0.240625 0.0171875 0.07265625
3 0.01484375 0.246875 0.01953125 0.0671875
3 0.03125 0.24609375 0.01875 0.0703125