3 0.85 0.6359375 0.05390625 0.15703125
3 0.41953125 0.5921875 0.0453125 0.14375
3 0.7484375 0.453125 0.0328125 0.11171875
3 0.8578125 0.4359375 0.0359375 0.1109375
3 0.18984375 0.5734375 0.034375 0.13515625
3 0.346875 0.3265625 0.0234375 0.08046875
3 0.415625 0.4140625 0.02734375 0.1078125
3 0.05625 0.51171875 0.03671875 0.13515625
3 0.71484375 0.3828125 0.03046875 0.09296875
3 0.38671875 0.36796875 0.021875 0.090625
3 0.1078125 0.4859375 0.03046875 0.11328125
2 0.490625 0.42578125 0.03125 0.11171875
3 0.09765625 0.425 0.03515625 0.10859375
3 0.8703125 0.34296875 0.025 0.0921875
3 0.45 0.3234375 0.02734375 0.06953125
3 0.43828125 0.30390625 0.01953125 0.07109375