3 0.53515625 0.3671875 0.04375 0.1078125
3 0.78359375 0.34453125 0.03359375 0.10546875
3 0.4390625 0.79296875 0.03984375 0.1859375
3 0.63828125 0.5015625 0.03515625 0.1265625
3 0.7203125 0.3140625 0.0296875 0.09765625
3 0.58203125 0.62734375 0.03515625 0.1421875
3 0.35703125 0.64375 0.040625 0.1359375
2 0.84765625 0.58671875 0.03359375 0.1484375
3 0.9859375 0.41015625 0.028125 0.1171875
3 0.546875 0.53515625 0.03046875 0.1296875
1 0.3828125 0.3015625 0.03203125 0.10234375
3 0.2515625 0.65703125 0.0390625 0.14921875
0 0.06484375 0.6015625 0.0203125 0.0359375
3 0.2921875 0.57109375 0.04140625 0.14375
3 0.2703125 0.60703125 0.03046875 0.128125