3 0.18359375 0.3875 0.02578125 0.09296875
3 0.69453125 0.53515625 0.03125 0.11171875
2 0.346875 0.4390625 0.02578125 0.103125
3 0.57109375 0.378125 0.025 0.09609375
3 0.14609375 0.540625 0.03203125 0.128125
3 0.50625 0.72578125 0.0359375 0.1484375
1 0.9125 0.37421875 0.03203125 0.10390625
3 0.4375 0.3546875 0.028125 0.0875
3 0.47421875 0.465625 0.02890625 0.09765625
3 0.30078125 0.63828125 0.03359375 0.12734375
3 0.446875 0.52734375 0.03125 0.11015625
3 0.80078125 0.53203125 0.0328125 0.1203125
3 0.27265625 0.75390625 0.04296875 0.153125
3 0.5984375 0.54609375 0.03671875 0.12265625
3 0.59375 0.45390625 0.02578125 0.096875
3 0.70703125 0.428125 0.0234375 0.10078125
3 0.6828125 0.4296875 0.0265625 0.0984375
3 0.67265625 0.42734375 0.0234375 0.096875