3 0.1640625 0.8578125 0.053125 0.19453125
3 0.825 0.7265625 0.04765625 0.1828125
3 0.2421875 0.6515625 0.04921875 0.15546875
3 0.90078125 0.67578125 0.04609375 0.16484375
3 0.88984375 0.37578125 0.03203125 0.1
3 0.465625 0.459375 0.040625 0.10390625
3 0.209375 0.44140625 0.03359375 0.115625
2 0.403125 0.4828125 0.03515625 0.109375
3 0.97109375 0.3765625 0.03671875 0.1109375
3 0.434375 0.34609375 0.04296875 0.07578125
0 0.41796875 0.3671875 0.0140625 0.02734375
3 0.44453125 0.3484375 0.02890625 0.0671875