3 0.94765625 0.93671875 0.06796875 0.11953125
2 0.896875 0.56953125 0.03828125 0.13671875
1 0.41875 0.33671875 0.02578125 0.09609375
3 0.54609375 0.46328125 0.03515625 0.12109375
3 0.83671875 0.42265625 0.0296875 0.11875
3 0.78515625 0.52265625 0.03203125 0.121875
3 0.334375 0.64609375 0.0421875 0.14453125
3 0.7484375 0.48125 0.03359375 0.12578125
3 0.94453125 0.5109375 0.034375 0.12265625
3 0.85625 0.353125 0.02421875 0.10234375
3 0.72109375 0.41171875 0.02734375 0.10625
0 0.41171875 0.45234375 0.03984375 0.05703125
3 0.27421875 0.60546875 0.0328125 0.09296875
3 0.26875 0.63671875 0.03671875 0.14296875