3 0.36015625 0.54296875 0.04921875 0.12578125
3 0.11328125 0.4796875 0.0484375 0.125
3 0.05 0.73828125 0.06953125 0.1671875
1 0.84609375 0.19921875 0.02578125 0.06640625
3 0.7859375 0.403125 0.040625 0.1046875
3 0.73125 0.41015625 0.040625 0.1
3 0.49296875 0.4296875 0.0328125 0.10078125
2 0.25234375 0.346875 0.03125 0.0796875
3 0.584375 0.25859375 0.02734375 0.0859375
3 0.31328125 0.315625 0.03125 0.09296875
3 0.62421875 0.61484375 0.04375 0.16953125
3 0.4375 0.23203125 0.03046875 0.08046875
0 0.56328125 0.47890625 0.0203125 0.028125
3 0.259375 0.3015625 0.025 0.0796875
3 0.009375 0.390625 0.01796875 0.103125