3 0.14296875 0.6859375 0.040625 0.16171875
3 0.340625 0.55078125 0.03671875 0.1203125
3 0.4640625 0.4625 0.021875 0.109375
3 0.43203125 0.496875 0.03359375 0.1296875
3 0.4734375 0.5046875 0.0234375 0.1265625
3 0.50546875 0.4375 0.04921875 0.115625
3 0.59453125 0.4328125 0.028125 0.121875
3 0.64296875 0.40703125 0.03125 0.1109375
3 0.71484375 0.4671875 0.0265625 0.1125
3 0.90703125 0.4296875 0.034375 0.11875
3 0.69609375 0.68203125 0.0515625 0.1546875
3 0.68828125 0.5453125 0.040625 0.134375
3 0.63125 0.5328125 0.0328125 0.134375
2 0.50234375 0.60625 0.0453125 0.16640625
2 0.96328125 0.2828125 0.0359375 0.09140625
1 0.2390625 0.42734375 0.02890625 0.1046875