0 0.6 0.52421875 0.01640625 0.03359375
3 0.6609375 0.478125 0.05 0.12109375
1 0.0734375 0.28203125 0.03046875 0.103125
3 0.77578125 0.49609375 0.03515625 0.14921875
2 0.92265625 0.475 0.040625 0.1421875
3 0.8578125 0.54140625 0.0375 0.13046875
3 0.3828125 0.6484375 0.053125 0.14765625
3 0.7109375 0.43359375 0.03046875 0.09296875
3 0.54296875 0.61484375 0.04375 0.18125
2 0.04296875 0.51796875 0.040625 0.1484375
3 0.00859375 0.37265625 0.0171875 0.1015625
3 0.6203125 0.48125 0.03359375 0.11015625
3 0.01015625 0.53359375 0.01875 0.11953125
3 0.3203125 0.4328125 0.0375 0.12890625
3 0.39453125 0.5921875 0.04140625 0.13671875