3 0.1125 0.3078125 0.025 0.08203125
3 0.15859375 0.50703125 0.03359375 0.103125
3 0.1546875 0.359375 0.02265625 0.08046875
3 0.22890625 0.4625 0.028125 0.08828125
3 0.28984375 0.4828125 0.02265625 0.08671875
3 0.2796875 0.42890625 0.01796875 0.07109375
3 0.34375 0.47734375 0.0171875 0.09375
3 0.39921875 0.45078125 0.01640625 0.0984375
3 0.44609375 0.44375 0.0296875 0.08203125
3 0.43828125 0.34453125 0.02421875 0.07890625
3 0.321875 0.2609375 0.01796875 0.06796875
3 0.44609375 0.14921875 0.01796875 0.06328125
3 0.56796875 0.3421875 0.0171875 0.08515625
3 0.53515625 0.43359375 0.01796875 0.07109375
3 0.55234375 0.421875 0.01796875 0.07890625
3 0.59375 0.4453125 0.02421875 0.08828125
3 0.6296875 0.45625 0.02890625 0.09375
1 0.6453125 0.42109375 0.0390625 0.08984375
0 0.50546875 0.0984375 0.0109375 0.021875
2 0.30234375 0.24453125 0.0140625 0.08828125