3 0.76015625 0.5484375 0.04375 0.12890625
3 0.5390625 0.61640625 0.040625 0.13828125
3 0.68515625 0.5375 0.03125 0.12890625
3 0.43828125 0.5796875 0.03984375 0.1203125
2 0.3890625 0.68984375 0.03359375 0.14140625
3 0.6765625 0.6390625 0.03359375 0.13671875
3 0.37734375 0.5421875 0.028125 0.1015625
3 0.33828125 0.575 0.03046875 0.12421875
3 0.40625 0.578125 0.028125 0.1140625
3 0.4265625 0.484375 0.025 0.103125
1 0.23125 0.5375 0.03125 0.12265625
3 0.265625 0.5421875 0.02734375 0.10390625
3 0.3578125 0.578125 0.02578125 0.1140625
3 0.35390625 0.48984375 0.02421875 0.1015625
3 0.7453125 0.35625 0.03046875 0.07734375