3 0.24375 0.36015625 0.04140625 0.12109375
0 0.35234375 0.2609375 0.015625 0.03359375
3 0.28125 0.290625 0.03046875 0.11015625
3 0.63671875 0.31796875 0.0328125 0.12265625
3 0.4234375 0.34453125 0.03515625 0.11171875
3 0.1140625 0.25078125 0.02734375 0.1015625
3 0.32109375 0.3 0.02734375 0.1015625
2 0.13984375 0.37890625 0.03671875 0.11640625
3 0.678125 0.46015625 0.04921875 0.1359375
3 0.7359375 0.26875 0.02890625 0.11484375
3 0.525 0.4765625 0.04375 0.125
3 0.18125 0.23671875 0.02890625 0.10625