3 0.92421875 0.70625 0.065625 0.1640625
3 0.5875 0.646875 0.071875 0.14453125
3 0.1390625 0.5125 0.05546875 0.12890625
3 0.4890625 0.33125 0.04765625 0.11015625
3 0.56015625 0.4734375 0.0515625 0.140625
3 0.96171875 0.5296875 0.059375 0.15390625
3 0.2671875 0.36796875 0.04921875 0.11953125
3 0.41015625 0.503125 0.05546875 0.140625
3 0.3890625 0.3140625 0.0421875 0.1
2 0.6578125 0.8109375 0.06875 0.19609375
3 0.2328125 0.4578125 0.046875 0.12734375
3 0.4515625 0.47265625 0.0453125 0.1421875
0 0.81484375 0.33359375 0.0265625 0.03046875