3 0.4140625 0.378125 0.0484375 0.1203125
3 0.746875 0.75078125 0.075 0.18125
2 0.28203125 0.3734375 0.06015625 0.121875
3 0.3453125 0.6328125 0.08046875 0.153125
3 0.21953125 0.54296875 0.0671875 0.16875
3 0.23671875 0.90546875 0.09296875 0.18671875
3 0.47265625 0.421875 0.0578125 0.115625
3 0.03828125 0.28203125 0.0546875 0.134375
3 0.890625 0.46328125 0.071875 0.12265625
3 0.3796875 0.54140625 0.0578125 0.125
3 0.76484375 0.11015625 0.03828125 0.07734375
3 0.2890625 0.1484375 0.0421875 0.08828125
3 0.575 0.29609375 0.0484375 0.11484375
3 0.978125 0.1625 0.04296875 0.10625
3 0.52265625 0.146875 0.03984375 0.0875
0 0.58984375 0.34453125 0.01484375 0.0265625