3 0.17421875 0.7609375 0.05390625 0.18515625
3 0.128125 0.5359375 0.03046875 0.13125
3 0.23515625 0.49453125 0.028125 0.14375
3 0.2015625 0.47109375 0.03359375 0.15625
3 0.31640625 0.4171875 0.025 0.121875
3 0.4640625 0.33984375 0.03046875 0.0953125
3 0.5328125 0.49921875 0.0453125 0.11875
3 0.5921875 0.31953125 0.021875 0.08046875
3 0.61640625 0.3859375 0.0265625 0.0953125
3 0.6453125 0.41953125 0.04453125 0.08671875
3 0.684375 0.3921875 0.034375 0.09296875
3 0.70390625 0.32265625 0.0359375 0.08671875
3 0.8234375 0.47421875 0.0390625 0.1375
3 0.88203125 0.396875 0.03671875 0.1140625
3 0.8578125 0.30546875 0.02578125 0.09296875
0 0.71953125 0.44140625 0.015625 0.03359375
2 0.64609375 0.51640625 0.0390625 0.1375
3 0.865625 0.78984375 0.0640625 0.19140625
2 0.6078125 0.28125 0.0265625 0.08828125