2 0.53984375 0.46015625 0.02890625 0.11484375
3 0.2609375 0.6375 0.04375 0.14453125
3 0.9828125 0.39921875 0.03359375 0.1125
3 0.575 0.52578125 0.03125 0.11796875
3 0.428125 0.4359375 0.0296875 0.10390625
3 0.26484375 0.39296875 0.03203125 0.10234375
3 0.73046875 0.44375 0.03046875 0.10859375
2 0.37421875 0.275 0.0234375 0.0765625
3 0.15 0.45703125 0.0328125 0.11484375
3 0.31875 0.36171875 0.02890625 0.09765625
3 0.128125 0.4828125 0.03515625 0.11484375
3 0.35234375 0.553125 0.04765625 0.11953125
3 0.8390625 0.33359375 0.025 0.0875
3 0.61796875 0.39140625 0.03125 0.10390625
3 0.62734375 0.35859375 0.021875 0.0640625
0 0.34375 0.5828125 0.015625 0.02421875