3 0.971875 0.715625 0.05625 0.17421875
3 0.1296875 0.56875 0.06015625 0.175
3 0.22890625 0.2921875 0.03984375 0.11015625
3 0.9109375 0.109375 0.034375 0.0828125
3 0.72578125 0.51796875 0.040625 0.14140625
3 0.46015625 0.3859375 0.04609375 0.12578125
3 0.52109375 0.30546875 0.025 0.115625
3 0.375 0.4 0.03671875 0.11171875
2 0.56328125 0.459375 0.0453125 0.13984375
3 0.428125 0.325 0.03671875 0.09921875
3 0.465625 0.19296875 0.02890625 0.0859375
3 0.32734375 0.3578125 0.03828125 0.11171875
3 0.853125 0.328125 0.02578125 0.13125
3 0.5015625 0.22734375 0.0203125 0.115625