2 0.3484375 0.484375 0.03046875 0.1140625
3 0.3984375 0.7234375 0.04296875 0.16953125
3 0.76328125 0.65 0.0453125 0.13671875
3 0.16640625 0.57109375 0.03671875 0.13828125
3 0.7671875 0.521875 0.034375 0.125
3 0.19765625 0.48125 0.02890625 0.1046875
3 0.8671875 0.5171875 0.03671875 0.1234375
3 0.1578125 0.41171875 0.034375 0.08671875
3 0.6640625 0.51328125 0.03046875 0.11328125
3 0.43046875 0.3875 0.0296875 0.078125
3 0.44609375 0.44765625 0.02578125 0.09296875
3 0.6109375 0.48984375 0.03046875 0.1046875
3 0.68515625 0.4578125 0.02578125 0.1125
3 0.8328125 0.590625 0.03671875 0.1359375
3 0.2578125 0.3796875 0.02890625 0.10625
3 0.99296875 0.5859375 0.0140625 0.15
3 0.25234375 0.40234375 0.028125 0.07890625
0 0.1703125 0.44453125 0.0140625 0.01875