3 0.1578125 0.8609375 0.059375 0.17265625
3 0.0484375 0.609375 0.03828125 0.1453125
3 0.12578125 0.4890625 0.040625 0.1203125
3 0.31171875 0.29296875 0.02578125 0.08359375
3 0.34609375 0.3203125 0.03359375 0.08203125
3 0.39375 0.48984375 0.0421875 0.1125
3 0.53046875 0.484375 0.02109375 0.1015625
3 0.51796875 0.753125 0.0484375 0.1484375
3 0.60390625 0.65703125 0.059375 0.1203125
3 0.5453125 0.26171875 0.02265625 0.07578125
3 0.5953125 0.2703125 0.03203125 0.08046875
3 0.6546875 0.29921875 0.0328125 0.08671875
3 0.8390625 0.47109375 0.0375 0.10625
3 0.8453125 0.65234375 0.0484375 0.103125
3 0.9 0.7734375 0.0390625 0.17265625
1 0.9140625 0.253125 0.04140625 0.09296875
2 0.30546875 0.3859375 0.03125 0.0953125
0 0.5640625 0.80625 0.0234375 0.05390625