3 0.2484375 0.35546875 0.03203125 0.1109375
3 0.7125 0.81171875 0.05859375 0.17421875
3 0.41015625 0.675 0.0390625 0.16640625
3 0.69296875 0.2046875 0.025 0.0765625
3 0.1328125 0.4921875 0.040625 0.1171875
2 0.534375 0.5609375 0.03515625 0.1390625
3 0.528125 0.30703125 0.0296875 0.10234375
3 0.70703125 0.47265625 0.03359375 0.12109375
3 0.01796875 0.61640625 0.0359375 0.146875
3 0.309375 0.29375 0.02734375 0.09609375
3 0.89140625 0.62734375 0.04453125 0.15078125
3 0.52265625 0.4328125 0.0328125 0.09609375
3 0.85078125 0.48515625 0.0359375 0.13984375
3 0.5734375 0.47109375 0.046875 0.11640625
3 0.14765625 0.44453125 0.0359375 0.11640625