2 0.38984375 0.58359375 0.0359375 0.12109375
3 0.91015625 0.6078125 0.04140625 0.1390625
3 0.61328125 0.525 0.03984375 0.1109375
3 0.5375 0.93203125 0.05703125 0.1296875
3 0.4140625 0.69453125 0.034375 0.14375
3 0.63984375 0.425 0.03046875 0.09296875
3 0.59765625 0.31796875 0.0203125 0.07265625
3 0.29921875 0.4484375 0.0328125 0.1078125
3 0.065625 0.53984375 0.03203125 0.125
3 0.7015625 0.38203125 0.0296875 0.09296875
3 0.38046875 0.4421875 0.0265625 0.10390625
3 0.890625 0.51328125 0.03046875 0.11484375
3 0.3375 0.37890625 0.02578125 0.0984375
3 0.54765625 0.3078125 0.02265625 0.0703125
3 0.45 0.396875 0.02890625 0.09140625
0 0.11015625 0.38515625 0.028125 0.09609375
3 0.421875 0.36484375 0.02265625 0.084375
3 0.39765625 0.359375 0.02265625 0.0875
2 0.628125 0.26484375 0.0296875 0.06328125