2 0.346875 0.17109375 0.0296875 0.09765625
3 0.25234375 0.7015625 0.04921875 0.171875
3 0.840625 0.2015625 0.0421875 0.12109375
3 0.3859375 0.3390625 0.04609375 0.11796875
3 0.55 0.3234375 0.04453125 0.1203125
3 0.9421875 0.3625 0.04921875 0.128125
3 0.85859375 0.3375 0.046875 0.121875
3 0.53125 0.16875 0.03828125 0.1046875
3 0.24453125 0.02265625 0.025 0.04453125
3 0.32890625 0.021875 0.0234375 0.04375
3 0.140625 0.21484375 0.040625 0.10625
3 0.08203125 0.14609375 0.03515625 0.10078125
3 0.61015625 0.18125 0.03125 0.09609375
3 0.1890625 0.20078125 0.034375 0.10390625
3 0.015625 0.50234375 0.03125 0.1265625
0 0.29375 0.68359375 0.0203125 0.04921875