3 0.32109375 0.88359375 0.06796875 0.1609375
3 0.6484375 0.7359375 0.06171875 0.125
3 0.21171875 0.5109375 0.0484375 0.13046875
3 0.921875 0.55546875 0.05625 0.14921875
3 0.73515625 0.45 0.0515625 0.125
1 0.2875 0.175 0.02421875 0.0640625
3 0.40703125 0.60546875 0.05390625 0.14765625
2 0.61953125 0.4890625 0.04453125 0.12890625
3 0.534375 0.496875 0.0515625 0.12265625
3 0.14375 0.509375 0.0515625 0.134375
3 0.24921875 0.6375 0.0609375 0.13125
3 0.35546875 0.5125 0.04609375 0.1265625
3 0.33125 0.4140625 0.04140625 0.11640625
3 0.47578125 0.3828125 0.04296875 0.1203125
3 0.84609375 0.20703125 0.0328125 0.08125
3 0.41640625 0.3046875 0.0375 0.10625
0 0.44453125 0.2 0.021875 0.03125
3 0.9875 0.225 0.02421875 0.084375
3 0.60078125 0.22578125 0.03125 0.0796875