3 0.91796875 0.384375 0.03125 0.10546875
3 0.47265625 0.5671875 0.0375 0.13359375
3 0.43125 0.3609375 0.0359375 0.09765625
3 0.265625 0.65 0.04296875 0.15546875
3 0.6859375 0.4921875 0.03125 0.11328125
3 0.36171875 0.428125 0.03359375 0.10625
3 0.3015625 0.428125 0.03359375 0.1109375
3 0.85078125 0.73984375 0.0453125 0.165625
2 0.8 0.4296875 0.0296875 0.109375
3 0.68359375 0.4078125 0.025 0.08515625
3 0.38359375 0.3609375 0.02265625 0.0890625
3 0.69921875 0.34296875 0.0234375 0.07578125
3 0.53515625 0.30703125 0.028125 0.078125
2 0.25 0.296875 0.02890625 0.078125