3 0.94375 0.315625 0.03203125 0.10703125
3 0.2421875 0.35234375 0.03671875 0.11953125
3 0.31484375 0.296875 0.034375 0.10703125
3 0.3875 0.24453125 0.0234375 0.08125
3 0.4625 0.378125 0.03203125 0.10703125
3 0.559375 0.39296875 0.03203125 0.1046875
3 0.63671875 0.2375 0.03359375 0.0890625
3 0.73046875 0.678125 0.04140625 0.1625
3 0.42265625 0.30390625 0.025 0.090625
3 0.43671875 0.25546875 0.03125 0.0828125
3 0.3609375 0.25859375 0.03046875 0.09453125
3 0.53671875 0.3 0.03046875 0.10078125
0 0.69453125 0.696875 0.01796875 0.0375
3 0.8125 0.34921875 0.02890625 0.11328125
3 0.14921875 0.47265625 0.0328125 0.121875
3 0.6890625 0.41640625 0.0296875 0.11484375
3 0.59921875 0.33359375 0.03046875 0.09140625
3 0.97578125 0.2265625 0.025 0.0953125
3 0.60078125 0.4625 0.02890625 0.1078125
2 0.53359375 0.153125 0.03046875 0.075
2 0.5765625 0.45859375 0.02734375 0.1328125