3 0.3171875 0.659375 0.04609375 0.1328125
3 0.271875 0.478125 0.03828125 0.1015625
3 0.81015625 0.5453125 0.03984375 0.11875
3 0.87265625 0.57890625 0.04140625 0.1359375
3 0.45234375 0.5109375 0.046875 0.10859375
3 0.17890625 0.45859375 0.0359375 0.11171875
3 0.659375 0.459375 0.0421875 0.11953125
3 0.109375 0.5265625 0.0390625 0.11875
3 0.32265625 0.46796875 0.03359375 0.10625
3 0.24609375 0.39765625 0.0328125 0.09921875
3 0.5203125 0.4109375 0.03984375 0.10390625
3 0.4203125 0.359375 0.028125 0.08984375
0 0.62265625 0.60234375 0.0140625 0.0296875
3 0.134375 0.4828125 0.03203125 0.1015625
3 0.034375 0.38125 0.028125 0.090625
2 0.0578125 0.44921875 0.03125 0.096875
3 0.440625 0.38671875 0.03046875 0.09921875
3 0.4546875 0.3828125 0.03125 0.096875