3 0.53203125 0.528125 0.03828125 0.11484375
3 0.35859375 0.625 0.040625 0.13515625
3 0.82734375 0.39140625 0.03125 0.10390625
3 0.815625 0.746875 0.05390625 0.14140625
3 0.41953125 0.34609375 0.0234375 0.07890625
3 0.4125 0.62265625 0.03203125 0.134375
3 0.578125 0.278125 0.0203125 0.07578125
3 0.6015625 0.70859375 0.04140625 0.14453125
3 0.05859375 0.32890625 0.02578125 0.084375
2 0.01953125 0.50703125 0.034375 0.11171875
3 0.22421875 0.28515625 0.02109375 0.07734375
3 0.51484375 0.40546875 0.021875 0.0921875
3 0.615625 0.54140625 0.02734375 0.11875
1 0.97578125 0.3140625 0.02734375 0.08984375
0 0.77421875 0.54765625 0.01484375 0.02578125