3 0.825 0.0953125 0.03515625 0.08125
3 0.44765625 0.15234375 0.03046875 0.07890625
3 0.7703125 0.53671875 0.04609375 0.1265625
3 0.08125 0.1375 0.04453125 0.09296875
3 0.88671875 0.090625 0.03046875 0.07265625
3 0.6640625 0.4796875 0.05234375 0.1328125
3 0.87890625 0.2078125 0.034375 0.09375
3 0.03515625 0.19453125 0.04296875 0.10703125
3 0.490625 0.5359375 0.04921875 0.11796875
3 0.33984375 0.53125 0.0390625 0.11796875
2 0.5640625 0.31171875 0.03203125 0.1265625
3 0.40703125 0.3 0.0359375 0.125
0 0.440625 0.59921875 0.021875 0.03203125