3 0.49609375 0.17890625 0.0234375 0.071875
3 0.64609375 0.16015625 0.0234375 0.0703125
3 0.7140625 0.70703125 0.04140625 0.1578125
3 0.43984375 0.19921875 0.025 0.078125
3 0.6359375 0.3015625 0.03203125 0.09140625
3 0.54296875 0.3859375 0.0328125 0.109375
3 0.86875 0.22265625 0.0296875 0.0875
3 0.31484375 0.33984375 0.0359375 0.1078125
3 0.62421875 0.50625 0.0390625 0.121875
2 0.61953125 0.3578125 0.034375 0.10078125
3 0.4328125 0.6296875 0.0515625 0.14453125
3 0.6640625 0.10390625 0.02265625 0.0625
3 0.3890625 0.60078125 0.04453125 0.140625
0 0.49921875 0.51953125 0.025 0.03046875