0 0.665625 0.4546875 0.01640625 0.0296875
1 0.30390625 0.3953125 0.02109375 0.08671875
2 0.5203125 0.58125 0.0296875 0.125
2 0.9015625 0.2578125 0.02578125 0.07734375
3 0.06171875 0.77109375 0.0390625 0.16796875
3 0.0984375 0.63828125 0.04609375 0.15859375
3 0.39921875 0.7625 0.04140625 0.16640625
3 0.2328125 0.4734375 0.03828125 0.1078125
3 0.303125 0.46875 0.02890625 0.0984375
3 0.4328125 0.46171875 0.02421875 0.1140625
3 0.4515625 0.46875 0.028125 0.103125
3 0.475 0.5171875 0.03046875 0.1109375
3 0.4890625 0.46328125 0.02890625 0.1078125
3 0.553125 0.39921875 0.03671875 0.07578125
3 0.628125 0.4859375 0.034375 0.1078125
3 0.6046875 0.46640625 0.02578125 0.0984375
3 0.696875 0.50234375 0.03046875 0.096875
3 0.68515625 0.37734375 0.02890625 0.1
3 0.7140625 0.4484375 0.03671875 0.09140625
3 0.88125 0.45 0.0296875 0.109375
3 0.9140625 0.6171875 0.03828125 0.15703125