3 0.38671875 0.68984375 0.04921875 0.15390625
2 0.7859375 0.47578125 0.040625 0.11015625
3 0.6578125 0.8609375 0.05625 0.17734375
3 0.93359375 0.73671875 0.04453125 0.15703125
3 0.2015625 0.53515625 0.06015625 0.1171875
3 0.75078125 0.57265625 0.040625 0.1375
3 0.61171875 0.5046875 0.03671875 0.11640625
3 0.146875 0.57734375 0.04375 0.115625
3 0.5921875 0.43046875 0.034375 0.1046875
3 0.8921875 0.509375 0.0390625 0.1296875
3 0.521875 0.34453125 0.03984375 0.09453125
3 0.471875 0.571875 0.0453125 0.10546875
3 0.5140625 0.5390625 0.03671875 0.121875
3 0.35078125 0.44375 0.040625 0.12578125
3 0.671875 0.4140625 0.03359375 0.12578125
0 0.240625 0.425 0.01328125 0.02734375