3 0.31640625 0.68828125 0.05 0.15703125
3 0.64453125 0.65390625 0.05 0.15859375
2 0.38203125 0.48515625 0.03125 0.12109375
3 0.35078125 0.3734375 0.0359375 0.0984375
3 0.9765625 0.503125 0.040625 0.13828125
3 0.459375 0.4484375 0.03203125 0.1109375
3 0.1984375 0.4921875 0.0375 0.134375
3 0.49375 0.36171875 0.03515625 0.08828125
3 0.86171875 0.484375 0.03828125 0.1203125
3 0.5609375 0.38828125 0.03203125 0.1
3 0.08203125 0.43046875 0.0421875 0.1140625
3 0.4109375 0.34375 0.02578125 0.09296875
3 0.86484375 0.40625 0.02421875 0.103125
3 0.625 0.36171875 0.0234375 0.09453125
3 0.26875 0.3609375 0.03046875 0.08671875
3 0.28515625 0.346875 0.0234375 0.09375
3 0.9953125 0.6625 0.009375 0.16953125