3 0.16484375 0.5046875 0.05078125 0.1578125
3 0.428125 0.4453125 0.046875 0.12421875
3 0.76171875 0.24765625 0.03984375 0.10625
0 0.3046875 0.45 0.0171875 0.03671875
3 0.2171875 0.2890625 0.03671875 0.1140625
3 0.34140625 0.38515625 0.053125 0.146875
3 0.5109375 0.13203125 0.025 0.0984375
1 0.33671875 0.03984375 0.01875 0.071875
2 0.60859375 0.3609375 0.0453125 0.13125
3 0.32578125 0.56953125 0.0453125 0.1640625
3 0.64921875 0.1546875 0.02578125 0.0984375
3 0.6671875 0.12109375 0.01875 0.0890625
3 0.82578125 0.1953125 0.02734375 0.1046875
3 0.76015625 0.37890625 0.03828125 0.12109375
3 0.6515625 0.70703125 0.06484375 0.18828125
3 0.23515625 0.54765625 0.05234375 0.1703125