3 0.09375 0.48359375 0.034375 0.125
3 0.078125 0.3734375 0.02578125 0.1046875
3 0.24453125 0.60703125 0.0421875 0.14375
3 0.31875 0.44453125 0.0421875 0.1140625
3 0.28515625 0.36796875 0.03203125 0.103125
3 0.32109375 0.3203125 0.0265625 0.09375
3 0.4125 0.30546875 0.02421875 0.08984375
3 0.4515625 0.33671875 0.02421875 0.08984375
3 0.47890625 0.346875 0.0296875 0.08046875
3 0.51640625 0.42265625 0.0421875 0.1046875
3 0.62265625 0.353125 0.0421875 0.08671875
3 0.62421875 0.63203125 0.0609375 0.15859375
3 0.68515625 0.40078125 0.0328125 0.13125
3 0.99140625 0.559375 0.0171875 0.140625
2 0.35234375 0.396875 0.03046875 0.1203125