3 0.028125 0.55546875 0.03046875 0.1203125
3 0.0421875 0.6203125 0.03671875 0.1390625
3 0.090625 0.515625 0.034375 0.1390625
3 0.1390625 0.50859375 0.04375 0.1375
3 0.246875 0.415625 0.02890625 0.1
3 0.26875 0.47265625 0.03125 0.128125
3 0.3109375 0.4140625 0.0234375 0.09140625
3 0.38359375 0.5234375 0.03203125 0.1140625
3 0.41484375 0.40546875 0.0296875 0.09375
3 0.54140625 0.34453125 0.02890625 0.08828125
3 0.59296875 0.39765625 0.02265625 0.09140625
3 0.5859375 0.33359375 0.02265625 0.06484375
3 0.646875 0.3796875 0.01875 0.0953125
3 0.68203125 0.43984375 0.03671875 0.1046875
3 0.72578125 0.35625 0.01875 0.08984375
3 0.87734375 0.4484375 0.03125 0.109375
3 0.83515625 0.66015625 0.03359375 0.1515625
2 0.34921875 0.575 0.03203125 0.134375
2 0.58359375 0.29296875 0.0171875 0.06796875