3 0.86015625 0.421875 0.03203125 0.11171875
3 0.58984375 0.4125 0.02734375 0.109375
3 0.55390625 0.43828125 0.03203125 0.10859375
3 0.37734375 0.36953125 0.025 0.07421875
3 0.0859375 0.4359375 0.03125 0.11640625
3 0.35078125 0.34375 0.025 0.07734375
3 0.3109375 0.45859375 0.02890625 0.1078125
3 0.4203125 0.634375 0.034375 0.14609375
3 0.6640625 0.384375 0.028125 0.0984375
3 0.78359375 0.75390625 0.03828125 0.1765625
3 0.8109375 0.34765625 0.02421875 0.090625
2 0.2078125 0.3234375 0.025 0.07578125
3 0.0078125 0.40859375 0.01484375 0.1046875
2 0.8015625 0.46484375 0.0265625 0.103125