3 0.90625 0.42890625 0.03671875 0.11640625
3 0.4828125 0.5015625 0.0359375 0.1171875
3 0.33125 0.525 0.03515625 0.1171875
3 0.63515625 0.8296875 0.04921875 0.1828125
3 0.21953125 0.43671875 0.0375 0.10703125
3 0.66015625 0.38828125 0.0453125 0.0953125
3 0.36015625 0.28359375 0.025 0.07265625
3 0.51796875 0.34921875 0.0359375 0.07734375
3 0.62578125 0.46953125 0.0328125 0.11171875
3 0.2421875 0.690625 0.0453125 0.16015625
3 0.9671875 0.79140625 0.05625 0.18359375
3 0.8515625 0.4875 0.03515625 0.1203125
3 0.5890625 0.38984375 0.0375 0.090625
3 0.4015625 0.425 0.028125 0.10703125
2 0.4484375 0.42109375 0.025 0.1171875