2 0.35 0.43671875 0.0296875 0.09140625
3 0.65859375 0.49375 0.02890625 0.1015625
3 0.91171875 0.58515625 0.0390625 0.12421875
3 0.21953125 0.60234375 0.03671875 0.115625
3 0.69765625 0.5109375 0.0359375 0.1125
3 0.16875 0.43203125 0.03203125 0.08671875
3 0.75078125 0.52109375 0.034375 0.11328125
3 0.5265625 0.55859375 0.040625 0.10625
3 0.4484375 0.55078125 0.03125 0.10859375
3 0.59921875 0.48203125 0.0328125 0.09609375
3 0.328125 0.4875 0.0390625 0.10234375
3 0.56953125 0.44921875 0.0265625 0.09453125
3 0.19921875 0.53125 0.03203125 0.1
3 0.44453125 0.44453125 0.02421875 0.0953125
3 0.46015625 0.40546875 0.021875 0.08046875
3 0.47578125 0.4421875 0.021875 0.0890625
3 0.515625 0.49609375 0.021875 0.0640625
3 0.465625 0.4484375 0.025 0.096875