1 0.88046875 0.45234375 0.0421875 0.10625
3 0.82265625 0.52578125 0.0625 0.134375
3 0.7390625 0.4859375 0.05078125 0.1140625
3 0.40078125 0.5515625 0.0515625 0.1359375
3 0.675 0.48515625 0.0515625 0.11796875
3 0.0859375 0.49375 0.059375 0.1265625
3 0.428125 0.440625 0.0421875 0.115625
3 0.45078125 0.5703125 0.0484375 0.12734375
3 0.24921875 0.415625 0.046875 0.115625
2 0.1609375 0.434375 0.0296875 0.13125
3 0.5171875 0.4765625 0.04921875 0.109375
3 0.575 0.44140625 0.040625 0.11328125
3 0.14921875 0.49921875 0.04765625 0.11328125