3 0.31484375 0.77734375 0.059375 0.1734375
3 0.28828125 0.56875 0.053125 0.13046875
2 0.0859375 0.43203125 0.04765625 0.1140625
3 0.93046875 0.525 0.05703125 0.1359375
3 0.46796875 0.3546875 0.04921875 0.10078125
3 0.846875 0.446875 0.04921875 0.11328125
3 0.16640625 0.8703125 0.09140625 0.2015625
3 0.26015625 0.32265625 0.03828125 0.07890625
3 0.2453125 0.43515625 0.034375 0.10625
3 0.7953125 0.4390625 0.0484375 0.12265625
3 0.36328125 0.334375 0.04296875 0.0828125
3 0.621875 0.40703125 0.046875 0.1109375
0 0.26328125 0.44296875 0.01640625 0.025