3 0.05625 0.7484375 0.03984375 0.16640625
3 0.0765625 0.4171875 0.02890625 0.11875
3 0.17890625 0.5140625 0.04140625 0.1359375
3 0.25859375 0.490625 0.03203125 0.1390625
3 0.3234375 0.621875 0.04140625 0.1421875
3 0.19765625 0.334375 0.02265625 0.1125
3 0.26640625 0.35 0.02109375 0.09296875
3 0.35859375 0.33359375 0.0234375 0.0953125
3 0.43046875 0.33125 0.02890625 0.1
3 0.575 0.378125 0.02265625 0.1015625
3 0.5984375 0.390625 0.0265625 0.1078125
3 0.63515625 0.40703125 0.03984375 0.1078125
3 0.65546875 0.3734375 0.02265625 0.08984375
3 0.74296875 0.4234375 0.03359375 0.11875