3 0.31640625 0.796875 0.05234375 0.1625
3 0.21171875 0.8171875 0.05390625 0.1609375
3 0.0890625 0.57421875 0.04296875 0.12265625
3 0.1875 0.43828125 0.034375 0.1
3 0.790625 0.46171875 0.0296875 0.1140625
3 0.284375 0.60859375 0.0375 0.1296875
3 0.7 0.7375 0.04296875 0.1421875
3 0.24921875 0.421875 0.02734375 0.09140625
3 0.5921875 0.56953125 0.02890625 0.11328125
3 0.61953125 0.5984375 0.03046875 0.13828125
3 0.5296875 0.42578125 0.025 0.1015625
1 0.70546875 0.4109375 0.025 0.09921875
0 0.70390625 0.3984375 0.009375 0.021875