2 0.5234375 0.27734375 0.02421875 0.0890625
3 0.5578125 0.6828125 0.04609375 0.1578125
3 0.90078125 0.375 0.0328125 0.11875
3 0.0890625 0.32265625 0.03359375 0.09375
3 0.16796875 0.48828125 0.034375 0.1234375
3 0.8265625 0.3328125 0.02578125 0.10078125
3 0.31875 0.1703125 0.02421875 0.0734375
3 0.425 0.32265625 0.02890625 0.09609375
3 0.334375 0.278125 0.028125 0.09296875
3 0.81640625 0.1546875 0.02109375 0.0671875
3 0.47265625 0.159375 0.02421875 0.075
3 0.5171875 0.21796875 0.0203125 0.07265625
3 0.0328125 0.25859375 0.028125 0.0875
3 0.6078125 0.0921875 0.01796875 0.05625
3 0.796875 0.0984375 0.0140625 0.05078125
3 0.01953125 0.51171875 0.03125 0.12265625
3 0.5453125 0.23984375 0.01796875 0.07734375
3 0.87109375 0.22734375 0.02109375 0.09140625
3 0.878125 0.23671875 0.02578125 0.09296875