3 0.66953125 0.38046875 0.02578125 0.06640625
2 0.415625 0.29140625 0.02109375 0.06484375
1 0.82265625 0.36015625 0.025 0.07421875
3 0.24765625 0.57890625 0.02109375 0.08046875
3 0.36484375 0.1703125 0.01796875 0.06015625
3 0.22890625 0.31953125 0.02109375 0.06953125
3 0.5703125 0.70546875 0.0390625 0.08125
3 0.4671875 0.30546875 0.0203125 0.0625
3 0.3 0.15703125 0.01796875 0.06328125
3 0.496875 0.4734375 0.021875 0.071875
3 0.6296875 0.57578125 0.02265625 0.075
3 0.42578125 0.41484375 0.01953125 0.06953125
3 0.52421875 0.26953125 0.0203125 0.0546875
3 0.56171875 0.3953125 0.01953125 0.0609375
3 0.5984375 0.27265625 0.01875 0.0578125
3 0.53984375 0.30390625 0.01640625 0.0546875
3 0.65234375 0.3234375 0.02109375 0.071875
2 0.0828125 0.0609375 0.01953125 0.06328125
0 0.58125 0.73203125 0.0125 0.0265625
3 0.546875 0.16015625 0.015625 0.05546875