3 0.1453125 0.38828125 0.03359375 0.1
3 0.50625 0.61640625 0.046875 0.13359375
3 0.06953125 0.3953125 0.03359375 0.1046875
3 0.2625 0.521875 0.03984375 0.12109375
3 0.7890625 0.5140625 0.04453125 0.1078125
3 0.40625 0.74296875 0.03984375 0.1546875
3 0.86328125 0.5625 0.04453125 0.125
3 0.5078125 0.45625 0.0328125 0.1171875
3 0.13671875 0.7984375 0.04765625 0.1796875
3 0.2984375 0.43046875 0.03359375 0.109375
0 0.8296875 0.49921875 0.0125 0.02734375
3 0.58203125 0.5375 0.03046875 0.1265625
3 0.01640625 0.6671875 0.03203125 0.1515625
3 0.61796875 0.83046875 0.04921875 0.1640625
1 0.346875 0.365625 0.02890625 0.10078125