3 0.67890625 0.38984375 0.03671875 0.09609375
3 0.44296875 0.39375 0.02890625 0.0984375
3 0.734375 0.53125 0.0359375 0.128125
3 0.5015625 0.33203125 0.0234375 0.08125
3 0.0578125 0.57890625 0.04296875 0.134375
3 0.56953125 0.3234375 0.03125 0.08515625
3 0.8875 0.61796875 0.04140625 0.1484375
3 0.2453125 0.9125 0.0453125 0.159375
3 0.24453125 0.725 0.03984375 0.16484375
3 0.18046875 0.36953125 0.02734375 0.0890625
3 0.2203125 0.3640625 0.0265625 0.09140625
3 0.59921875 0.4171875 0.028125 0.1
3 0.91484375 0.36328125 0.02421875 0.0953125
0 0.7671875 0.38046875 0.0109375 0.025
0 0.76484375 0.38046875 0.0109375 0.0203125
3 0.23828125 0.4984375 0.0203125 0.1078125
2 0.228125 0.49296875 0.01796875 0.115625