3 0.33828125 0.59375 0.04921875 0.13203125
3 0.034375 0.94453125 0.0640625 0.10390625
3 0.35859375 0.74765625 0.05234375 0.1390625
3 0.5609375 0.45234375 0.0390625 0.09921875
3 0.903125 0.56328125 0.05078125 0.12734375
2 0.3796875 0.41171875 0.03828125 0.0921875
3 0.34375 0.29453125 0.034375 0.0921875
3 0.0234375 0.67421875 0.04296875 0.1375
3 0.5265625 0.34453125 0.03671875 0.09140625
3 0.78828125 0.4125 0.040625 0.1109375
3 0.66640625 0.3171875 0.0390625 0.0875
3 0.571875 0.2609375 0.03046875 0.08359375
3 0.51640625 0.26015625 0.02890625 0.0734375
3 0.14296875 0.46328125 0.04375 0.10703125
0 0.38203125 0.35859375 0.0171875 0.034375
3 0.41875 0.203125 0.028125 0.06171875