3 0.34375 0.378125 0.03203125 0.09609375
3 0.2671875 0.38046875 0.0375 0.1015625
3 0.80703125 0.4078125 0.02890625 0.1109375
3 0.26953125 0.25234375 0.0234375 0.07578125
3 0.3390625 0.4640625 0.0375 0.1015625
3 0.54140625 0.2625 0.021875 0.0828125
3 0.803125 0.72578125 0.03671875 0.16875
3 0.21015625 0.490625 0.0296875 0.12265625
3 0.76640625 0.35234375 0.0328125 0.1109375
3 0.55859375 0.4390625 0.034375 0.11640625
3 0.615625 0.9171875 0.0625 0.165625
3 0.98359375 0.4921875 0.03046875 0.125
3 0.64921875 0.29296875 0.0265625 0.09453125
3 0.43671875 0.27890625 0.025 0.08359375
3 0.44921875 0.359375 0.02578125 0.09765625
3 0.70078125 0.446875 0.03515625 0.115625
2 0.3875 0.325 0.02578125 0.09609375
0 0.221875 0.53515625 0.0140625 0.03125