3 0.6796875 0.4546875 0.053125 0.10234375
3 0.7453125 0.5796875 0.0421875 0.13359375
3 0.50078125 0.50078125 0.04296875 0.10703125
3 0.44921875 0.5125 0.04296875 0.11328125
3 0.02109375 0.309375 0.03125 0.078125
3 0.590625 0.37578125 0.040625 0.0953125
3 0.24453125 0.53359375 0.0390625 0.12109375
3 0.359375 0.709375 0.06875 0.14921875
3 0.4515625 0.30625 0.0328125 0.08046875
3 0.31015625 0.38828125 0.02890625 0.09609375
3 0.32890625 0.46875 0.05 0.11953125
2 0.09921875 0.4765625 0.02890625 0.11171875
0 0.5390625 0.48359375 0.021875 0.05