3 0.0484375 0.60390625 0.053125 0.14609375
3 0.6640625 0.68046875 0.0453125 0.1375
3 0.53671875 0.7421875 0.04140625 0.15859375
3 0.68671875 0.53359375 0.034375 0.11796875
3 0.559375 0.46328125 0.03828125 0.1140625
3 0.48828125 0.4328125 0.0359375 0.10546875
3 0.32734375 0.4703125 0.0328125 0.1171875
3 0.92734375 0.7109375 0.0453125 0.15703125
3 0.5515625 0.38125 0.03203125 0.096875
3 0.3 0.35234375 0.02890625 0.08671875
3 0.28359375 0.434375 0.03359375 0.10390625
3 0.7921875 0.459375 0.03359375 0.1015625
3 0.63203125 0.446875 0.03828125 0.09921875
3 0.93125 0.38359375 0.0359375 0.09765625
3 0.79609375 0.3484375 0.028125 0.07734375
2 0.8671875 0.43671875 0.03125 0.1078125
3 0.98984375 0.4734375 0.0203125 0.10390625