2 0.340625 0.51171875 0.03671875 0.146875
3 0.48203125 0.67734375 0.05234375 0.15390625
3 0.4984375 0.91328125 0.05703125 0.165625
3 0.13984375 0.36796875 0.0359375 0.1125
3 0.54453125 0.3640625 0.0296875 0.1078125
3 0.67109375 0.27578125 0.02734375 0.0890625
3 0.20703125 0.31015625 0.03359375 0.096875
3 0.18203125 0.4234375 0.0328125 0.1078125
3 0.940625 0.3578125 0.034375 0.1171875
3 0.0203125 0.43671875 0.03671875 0.1359375
3 0.73046875 0.38984375 0.03984375 0.115625
3 0.42734375 0.4203125 0.0296875 0.11953125
3 0.49375 0.3671875 0.0359375 0.10234375
3 0.8390625 0.27421875 0.0296875 0.08203125
3 0.16171875 0.340625 0.028125 0.09765625
2 0.296875 0.21484375 0.03125 0.06875
0 0.71875 0.43359375 0.0171875 0.03125