3 0.7625 0.46640625 0.04921875 0.11875
3 0.01640625 0.39921875 0.0328125 0.1234375
3 0.7015625 0.4734375 0.0390625 0.12421875
3 0.20859375 0.50234375 0.03203125 0.13671875
3 0.0609375 0.3328125 0.0265625 0.1109375
3 0.0203125 0.31875 0.025 0.0875
2 0.97421875 0.49140625 0.0421875 0.14765625
2 0.09140625 0.48046875 0.03515625 0.1390625
1 0.1640625 0.28125 0.028125 0.09765625
0 0.759375 0.49609375 0.01484375 0.0328125
3 0.14765625 0.5078125 0.03203125 0.14296875
3 0.5859375 0.49375 0.034375 0.125
3 0.64921875 0.44375 0.0359375 0.11328125
3 0.553125 0.46484375 0.03984375 0.12265625
3 0.4234375 0.52265625 0.02890625 0.1546875
3 0.42421875 0.41484375 0.03125 0.11640625
3 0.16796875 0.359375 0.025 0.11484375