3 0.1921875 0.7796875 0.04609375 0.1765625
2 0.334375 0.321875 0.0265625 0.07890625
3 0.746875 0.4203125 0.02734375 0.10078125
3 0.1453125 0.46875 0.034375 0.12109375
3 0.80078125 0.48125 0.03828125 0.08828125
3 0.28828125 0.6203125 0.0390625 0.13359375
3 0.55078125 0.44765625 0.034375 0.0984375
3 0.409375 0.4390625 0.04375 0.10625
3 0.58515625 0.52890625 0.0296875 0.11171875
2 0.925 0.4921875 0.02734375 0.12265625
3 0.18515625 0.37421875 0.028125 0.09609375
3 0.3765625 0.38828125 0.03046875 0.090625
3 0.57421875 0.3765625 0.02421875 0.09140625
0 0.3890625 0.421875 0.0140625 0.02890625
3 0.55234375 0.39296875 0.0171875 0.06328125