1 0.5453125 0.32265625 0.04296875 0.09921875
3 0.03125 0.6171875 0.0625 0.171875
3 0.3453125 0.3765625 0.0640625 0.1515625
3 0.4296875 0.64296875 0.06484375 0.17421875
3 0.559375 0.50390625 0.06484375 0.128125
3 0.62109375 0.56640625 0.05703125 0.140625
3 0.8234375 0.53046875 0.06171875 0.1578125
3 0.43984375 0.4 0.0546875 0.121875
3 0.940625 0.65234375 0.07734375 0.153125
3 0.06015625 0.40546875 0.06015625 0.140625
0 0.0546875 0.47578125 0.02421875 0.0296875
3 0.49765625 0.49296875 0.04921875 0.14140625