3 0.54296875 0.64140625 0.05 0.0921875
3 0.11953125 0.7 0.03125 0.10859375
2 0.30546875 0.3140625 0.025 0.08203125
3 0.3296875 0.2546875 0.02109375 0.07734375
3 0.31484375 0.3953125 0.028125 0.08203125
3 0.44921875 0.34453125 0.02265625 0.07734375
1 0.73828125 0.31640625 0.02265625 0.0703125
3 0.521875 0.309375 0.02890625 0.06484375
3 0.5796875 0.29765625 0.03203125 0.071875
3 0.59296875 0.3609375 0.021875 0.0734375
3 0.5 0.75703125 0.04375 0.09921875
3 0.13359375 0.3390625 0.02421875 0.0828125
3 0.53359375 0.21953125 0.02109375 0.071875
3 0.63359375 0.45703125 0.02578125 0.09375
3 0.60234375 0.43359375 0.02421875 0.09453125
0 0.5328125 0.77734375 0.0140625 0.03125
3 0.54609375 0.40625 0.0203125 0.07578125
3 0.5640625 0.39765625 0.01953125 0.07421875
3 0.0109375 0.153125 0.01796875 0.07890625
3 0.403125 0.12265625 0.0234375 0.06640625