3 0.3359375 0.753125 0.05703125 0.14921875
2 0.12734375 0.52734375 0.03671875 0.12421875
3 0.2953125 0.40390625 0.02421875 0.0953125
3 0.27578125 0.5609375 0.0421875 0.11875
3 0.4609375 0.3671875 0.025 0.0890625
3 0.809375 0.628125 0.040625 0.1453125
3 0.190625 0.3125 0.0234375 0.07265625
3 0.721875 0.61953125 0.03203125 0.1328125
3 0.6078125 0.39453125 0.02734375 0.08828125
3 0.85625 0.5390625 0.034375 0.125
3 0.03359375 0.34609375 0.0234375 0.08671875
3 0.80703125 0.41171875 0.0265625 0.10546875
3 0.25390625 0.47578125 0.02578125 0.09609375
3 0.57421875 0.3609375 0.02578125 0.08515625