3 0.5203125 0.6625 0.05625 0.159375
3 0.48203125 0.1953125 0.03046875 0.0703125
3 0.84375 0.50078125 0.03984375 0.1296875
3 0.12890625 0.95546875 0.06953125 0.08359375
3 0.1984375 0.384375 0.0421875 0.10625
3 0.3265625 0.22265625 0.02734375 0.06796875
3 0.15078125 0.5015625 0.0375 0.1125
3 0.6984375 0.3890625 0.0328125 0.11015625
3 0.6625 0.221875 0.02421875 0.07734375
3 0.86640625 0.34921875 0.03984375 0.1046875
3 0.88125 0.271875 0.02734375 0.096875
3 0.115625 0.45703125 0.03125 0.11875
3 0.0234375 0.5875 0.04296875 0.15390625
3 0.96484375 0.60234375 0.046875 0.1484375
0 0.25 0.43046875 0.015625 0.0296875
3 0.371875 0.4046875 0.03203125 0.1
3 0.42265625 0.40625 0.02734375 0.11015625
2 0.35390625 0.16015625 0.02109375 0.05625
3 0.440625 0.45625 0.03125 0.1140625
2 0.42734375 0.4609375 0.0265625 0.1125