2 0.62890625 0.49453125 0.03515625 0.121875
3 0.68984375 0.86015625 0.04921875 0.196875
3 0.821875 0.55859375 0.0453125 0.1484375
2 0.265625 0.3203125 0.03046875 0.084375
3 0.90234375 0.37421875 0.03046875 0.09921875
3 0.546875 0.5828125 0.0359375 0.140625
3 0.42265625 0.4546875 0.034375 0.11796875
3 0.7453125 0.4234375 0.028125 0.1046875
3 0.5546875 0.38046875 0.03671875 0.09453125
3 0.1171875 0.4421875 0.028125 0.11484375
3 0.1390625 0.44453125 0.02890625 0.11171875
3 0.76015625 0.3515625 0.021875 0.08359375
3 0.53125 0.334375 0.02578125 0.0765625