0 0.30390625 0.42734375 0.01328125 0.03125
1 0.2734375 0.4546875 0.05234375 0.09375
3 0.48359375 0.37578125 0.0453125 0.07265625
3 0.4515625 0.51328125 0.04140625 0.10625
3 0.48203125 0.75703125 0.04453125 0.125
3 0.48359375 0.63125 0.0390625 0.08671875
3 0.46640625 0.58359375 0.021875 0.07734375
3 0.52890625 0.525 0.028125 0.1015625
3 0.53984375 0.446875 0.04609375 0.09375
3 0.56796875 0.58828125 0.034375 0.09296875
3 0.58984375 0.4515625 0.03046875 0.109375
3 0.66796875 0.26015625 0.025 0.096875
3 0.7625 0.67890625 0.04765625 0.1109375
3 0.89375 0.3796875 0.0296875 0.0984375
3 0.98359375 0.1984375 0.028125 0.08828125
2 0.71015625 0.7421875 0.034375 0.1140625