3 0.68515625 0.72421875 0.0484375 0.16171875
3 0.18515625 0.58828125 0.0375 0.11953125
3 0.06640625 0.53125 0.0359375 0.12109375
3 0.3296875 0.4328125 0.0296875 0.09765625
3 0.45390625 0.46640625 0.03359375 0.1109375
1 0.7296875 0.440625 0.0359375 0.08515625
3 0.0671875 0.3921875 0.02890625 0.09453125
3 0.39140625 0.6375 0.03984375 0.1296875
3 0.83046875 0.603125 0.03984375 0.1359375
3 0.55625 0.59140625 0.0328125 0.11953125
3 0.18828125 0.4296875 0.03359375 0.0953125
3 0.2859375 0.53671875 0.0359375 0.10234375
3 0.18515625 0.52265625 0.02578125 0.1
3 0.984375 0.671875 0.03046875 0.15703125
3 0.5890625 0.5265625 0.025 0.12578125
3 0.53046875 0.50625 0.02890625 0.12109375
3 0.52734375 0.54765625 0.02734375 0.12421875
3 0.56484375 0.51796875 0.028125 0.12734375
2 0.11796875 0.51328125 0.03203125 0.11328125
2 0.2984375 0.39765625 0.01640625 0.04296875