3 0.22109375 0.7265625 0.04453125 0.17109375
2 0.57265625 0.44921875 0.03125 0.11875
3 0.63671875 0.65703125 0.04375 0.15625
3 0.065625 0.5171875 0.04140625 0.13515625
3 0.9 0.49140625 0.0375 0.11953125
3 0.87109375 0.34296875 0.02421875 0.090625
3 0.23046875 0.37265625 0.028125 0.10859375
3 0.88046875 0.434375 0.0296875 0.10859375
2 0.29140625 0.3203125 0.0234375 0.075
3 0.29375 0.3828125 0.025 0.0984375
3 0.74296875 0.365625 0.03359375 0.090625
3 0.3765625 0.34296875 0.03203125 0.0890625
3 0.5515625 0.35234375 0.0265625 0.0859375
3 0.41171875 0.346875 0.025 0.090625
3 0.4578125 0.37890625 0.02890625 0.1015625
3 0.50703125 0.34296875 0.02265625 0.090625
3 0.44140625 0.35625 0.0171875 0.07109375