3 0.5578125 0.584375 0.0734375 0.16640625
3 0.6796875 0.62578125 0.0671875 0.18046875
3 0.44765625 0.46015625 0.0640625 0.15
3 0.340625 0.153125 0.04375 0.09921875
3 0.4203125 0.32578125 0.0484375 0.12734375
1 0.5265625 0.1 0.03515625 0.0796875
3 0.4859375 0.24140625 0.046875 0.121875
3 0.24765625 0.2578125 0.040625 0.1140625
3 0.30625 0.3953125 0.05 0.1421875
3 0.7203125 0.41171875 0.05234375 0.13046875
3 0.684375 0.41796875 0.0515625 0.1375
3 0.1015625 0.13046875 0.03359375 0.08671875
3 0.28125 0.15625 0.02578125 0.109375
0 0.66640625 0.49296875 0.02109375 0.02734375