3 0.40625 0.5875 0.05703125 0.11953125
3 0.653125 0.36171875 0.02890625 0.08984375
3 0.51875 0.64453125 0.05234375 0.1296875
3 0.60625 0.6578125 0.04140625 0.1171875
3 0.63203125 0.7625 0.04921875 0.14765625
3 0.68828125 0.415625 0.040625 0.090625
3 0.7578125 0.48671875 0.028125 0.1015625
3 0.94609375 0.29765625 0.025 0.0765625
3 0.76953125 0.38125 0.02734375 0.08671875
3 0.30625 0.66875 0.04296875 0.128125
1 0.19609375 0.33828125 0.02109375 0.07578125
2 0.75390625 0.63125 0.0328125 0.13984375
3 0.525 0.4171875 0.0296875 0.10703125
3 0.23359375 0.9578125 0.0390625 0.084375
3 0.33203125 0.6546875 0.02890625 0.1265625