0 0.7046875 0.55546875 0.01484375 0.03359375
1 0.671875 0.4625 0.02421875 0.1
2 0.1296875 0.62265625 0.03046875 0.121875
3 0.034375 0.7515625 0.040625 0.1421875
3 0.29375 0.47578125 0.028125 0.10625
3 0.325 0.6984375 0.0296875 0.134375
3 0.45859375 0.6890625 0.03203125 0.1375
3 0.51640625 0.721875 0.046875 0.05546875
3 0.6 0.62734375 0.03984375 0.128125
3 0.675 0.6140625 0.0390625 0.1140625
3 0.67890625 0.51171875 0.028125 0.09375
3 0.35078125 0.4859375 0.0234375 0.1078125
3 0.36328125 0.55703125 0.03046875 0.0953125
3 0.53671875 0.49765625 0.03359375 0.10625