3 0.7453125 0.53046875 0.03984375 0.1296875
3 0.05703125 0.4515625 0.0390625 0.1234375
3 0.259375 0.5234375 0.03828125 0.11796875
3 0.13515625 0.40234375 0.03203125 0.11484375
3 0.09453125 0.43203125 0.03125 0.11171875
3 0.18359375 0.6609375 0.03828125 0.15625
3 0.5265625 0.7828125 0.046875 0.159375
3 0.60078125 0.30703125 0.02890625 0.08125
3 0.47578125 0.41171875 0.0328125 0.08828125
3 0.1953125 0.37109375 0.02578125 0.0921875
3 0.7 0.38046875 0.0328125 0.096875
2 0.3484375 0.58671875 0.03125 0.13671875
3 0.6734375 0.46015625 0.034375 0.10703125
3 0.84296875 0.5046875 0.03359375 0.1390625
3 0.2 0.44140625 0.0359375 0.08984375
3 0.4765625 0.340625 0.02265625 0.07890625
3 0.45078125 0.5484375 0.03046875 0.12421875
2 0.33671875 0.27109375 0.028125 0.07265625