2 0.55078125 0.459375 0.0328125 0.121875
3 0.13515625 0.58359375 0.0375 0.1421875
3 0.028125 0.51484375 0.03203125 0.140625
3 0.41015625 0.440625 0.03515625 0.109375
3 0.68125 0.49609375 0.03515625 0.1265625
3 0.60546875 0.60625 0.0359375 0.15234375
3 0.3140625 0.55859375 0.0390625 0.1390625
3 0.11640625 0.44765625 0.03125 0.12890625
3 0.21171875 0.48671875 0.03359375 0.1234375
3 0.290625 0.3890625 0.02578125 0.11171875
3 0.33984375 0.37890625 0.02734375 0.10625
2 0.5109375 0.30078125 0.02578125 0.0796875
3 0.66015625 0.359375 0.03125 0.09453125
3 0.78828125 0.38515625 0.0328125 0.1078125
3 0.5171875 0.3921875 0.0296875 0.1046875
3 0.38046875 0.3421875 0.02734375 0.09609375
3 0.61328125 0.31484375 0.02578125 0.08359375