3 0.56796875 0.8078125 0.046875 0.1765625
3 0.64609375 0.49765625 0.034375 0.1140625
1 0.86328125 0.43359375 0.02265625 0.0953125
3 0.12734375 0.5625 0.04140625 0.1296875
3 0.6921875 0.584375 0.0265625 0.1203125
3 0.5796875 0.46875 0.0296875 0.1046875
3 0.134375 0.41640625 0.021875 0.0921875
3 0.26171875 0.5046875 0.04375 0.12421875
3 0.46328125 0.48203125 0.02421875 0.0953125
3 0.3 0.4390625 0.02421875 0.09375
3 0.4859375 0.42734375 0.02109375 0.09453125
3 0.42578125 0.4546875 0.0234375 0.0953125
3 0.38828125 0.40703125 0.02109375 0.084375
3 0.425 0.39296875 0.0234375 0.0765625
3 0.2328125 0.44296875 0.0296875 0.1
0 0.15859375 0.453125 0.0109375 0.021875
2 0.10546875 0.43515625 0.02578125 0.0984375