3 0.890625 0.8484375 0.0578125 0.19453125
1 0.7546875 0.34375 0.02890625 0.0890625
3 0.2921875 0.734375 0.04609375 0.15703125
3 0.41171875 0.57734375 0.0515625 0.12109375
3 0.7 0.45078125 0.03359375 0.09921875
3 0.1328125 0.6109375 0.03984375 0.153125
3 0.69921875 0.59765625 0.046875 0.121875
3 0.47109375 0.47421875 0.02890625 0.11015625
3 0.8546875 0.67109375 0.04375 0.1578125
3 0.3765625 0.41796875 0.0296875 0.10078125
3 0.4765625 0.371875 0.02578125 0.10390625
3 0.07890625 0.421875 0.0375 0.1046875
3 0.24921875 0.3609375 0.025 0.09609375
2 0.20625 0.4296875 0.0296875 0.1078125
3 0.66796875 0.446875 0.03203125 0.1109375
3 0.15390625 0.2828125 0.021875 0.0765625
3 0.41875 0.3515625 0.0234375 0.09609375
3 0.44609375 0.36328125 0.02578125 0.1
0 0.30390625 0.78203125 0.01484375 0.034375