1 0.5578125 0.44765625 0.028125 0.09296875
3 0.6859375 0.59296875 0.04609375 0.1296875
3 0.39609375 0.50546875 0.03828125 0.10390625
3 0.465625 0.578125 0.0296875 0.10390625
3 0.26640625 0.63359375 0.03515625 0.13359375
3 0.153125 0.48046875 0.0296875 0.1125
3 0.98046875 0.68046875 0.0359375 0.15390625
3 0.26953125 0.46015625 0.028125 0.1015625
3 0.20078125 0.56328125 0.0296875 0.13359375
3 0.49296875 0.5671875 0.03515625 0.103125
3 0.32421875 0.5609375 0.02890625 0.12265625
3 0.590625 0.64609375 0.0328125 0.11171875
3 0.6125 0.5984375 0.02734375 0.11328125
3 0.32890625 0.45625 0.02265625 0.10078125
3 0.30625 0.47421875 0.02578125 0.10234375
3 0.2953125 0.43125 0.02265625 0.090625
0 0.5734375 0.56328125 0.0140625 0.0296875