3 0.05703125 0.5296875 0.04453125 0.1546875
3 0.13671875 0.4953125 0.03671875 0.13515625
3 0.2484375 0.5546875 0.04453125 0.1515625
3 0.5984375 0.56015625 0.04453125 0.1390625
3 0.17734375 0.5171875 0.03203125 0.14609375
3 0.37734375 0.65078125 0.034375 0.140625
3 0.4921875 0.53046875 0.03671875 0.14140625
3 0.396875 0.53828125 0.03359375 0.1421875
3 0.528125 0.5390625 0.028125 0.13125
3 0.37421875 0.53828125 0.02578125 0.1359375
3 0.7265625 0.5625 0.0296875 0.1375
3 0.746875 0.5296875 0.03125 0.1125