3 0.74765625 0.68515625 0.06171875 0.1484375
3 0.33515625 0.765625 0.0546875 0.1625
3 0.03671875 0.546875 0.03984375 0.103125
1 0.52265625 0.3875 0.02734375 0.09140625
3 0.91953125 0.72890625 0.046875 0.16875
3 0.325 0.44765625 0.0328125 0.11171875
3 0.43984375 0.44140625 0.0328125 0.1078125
3 0.45078125 0.6 0.03203125 0.12578125
3 0.38828125 0.475 0.0328125 0.11171875
3 0.61640625 0.5734375 0.03515625 0.1328125
3 0.0796875 0.40625 0.028125 0.0953125
2 0.021875 0.4484375 0.025 0.10859375
3 0.16875 0.378125 0.028125 0.0984375
0 0.40234375 0.77265625 0.0140625 0.03125
3 0.2609375 0.41015625 0.0359375 0.1109375
3 0.2203125 0.39921875 0.0203125 0.07890625
3 0.20234375 0.43671875 0.0265625 0.08984375
3 0.196875 0.384375 0.02109375 0.07265625