3 0.19140625 0.89140625 0.05078125 0.196875
2 0.1359375 0.46875 0.02890625 0.1
3 0.7765625 0.6125 0.04296875 0.1484375
3 0.0546875 0.459375 0.02890625 0.10859375
3 0.47734375 0.50625 0.0375 0.0890625
3 0.41015625 0.4796875 0.03515625 0.1109375
3 0.6796875 0.51484375 0.03828125 0.1265625
3 0.25390625 0.60625 0.0359375 0.13828125
3 0.50625 0.4390625 0.0328125 0.109375
3 0.6015625 0.4375 0.034375 0.115625
3 0.446875 0.38828125 0.03046875 0.0984375
3 0.0890625 0.35 0.02890625 0.08515625
3 0.27890625 0.4703125 0.02421875 0.0984375
3 0.30390625 0.51171875 0.028125 0.1109375
3 0.14140625 0.41796875 0.025 0.0859375
0 0.58984375 0.590625 0.015625 0.03203125