3 0.11171875 0.86953125 0.05703125 0.2
3 0.49296875 0.6828125 0.03984375 0.1359375
3 0.39609375 0.525 0.03984375 0.11796875
3 0.21328125 0.565625 0.03671875 0.12109375
3 0.32265625 0.4453125 0.03359375 0.11796875
3 0.76796875 0.59453125 0.04375 0.1203125
3 0.2046875 0.4109375 0.0296875 0.096875
3 0.23671875 0.50859375 0.0359375 0.10390625
3 0.4546875 0.49609375 0.03203125 0.1078125
1 0.571875 0.39765625 0.025 0.090625
3 0.70703125 0.5921875 0.03515625 0.1234375
2 0.03203125 0.51875 0.025 0.109375
3 0.55390625 0.665625 0.0390625 0.1171875
3 0.54921875 0.56171875 0.0375 0.115625
3 0.04140625 0.45234375 0.025 0.1
0 0.45234375 0.60859375 0.0125 0.03046875