2 0.575 0.4109375 0.02578125 0.09765625
3 0.24609375 0.43046875 0.03203125 0.1046875
3 0.6328125 0.4328125 0.03203125 0.1015625
3 0.8109375 0.609375 0.0375 0.14375
3 0.51484375 0.5046875 0.03125 0.11796875
2 0.0328125 0.31796875 0.0234375 0.078125
3 0.20546875 0.52109375 0.0359375 0.121875
3 0.94765625 0.4671875 0.034375 0.125
3 0.41796875 0.4078125 0.028125 0.0921875
3 0.89609375 0.39296875 0.02734375 0.10703125
3 0.921875 0.4515625 0.0265625 0.11484375
3 0.53828125 0.359375 0.02109375 0.07734375
3 0.39609375 0.32109375 0.02265625 0.0640625
3 0.43515625 0.34375 0.02265625 0.065625
3 0.18515625 0.4859375 0.02421875 0.08984375
3 0.440625 0.32109375 0.0203125 0.0703125
3 0.52265625 0.31796875 0.01953125 0.08359375