3 0.97734375 0.91640625 0.0453125 0.15859375
3 0.33828125 0.56953125 0.0515625 0.11640625
3 0.315625 0.3625 0.0359375 0.075
3 0.56484375 0.453125 0.0515625 0.115625
3 0.8203125 0.59921875 0.05703125 0.12578125
2 0.06875 0.46328125 0.03828125 0.0984375
3 0.12578125 0.3703125 0.03125 0.090625
3 0.22734375 0.4546875 0.040625 0.0984375
3 0.40859375 0.3625 0.03203125 0.09296875
3 0.43515625 0.38671875 0.03984375 0.09609375
3 0.14921875 0.40703125 0.03671875 0.090625
3 0.03203125 0.934375 0.05546875 0.1234375