3 0.4 0.44375 0.0359375 0.11953125
3 0.69140625 0.396875 0.03125 0.10234375
3 0.1421875 0.5328125 0.05078125 0.12890625
3 0.30703125 0.54921875 0.04609375 0.12578125
3 0.45234375 0.38984375 0.03359375 0.1109375
3 0.9296875 0.42890625 0.04453125 0.0921875
3 0.35 0.43203125 0.0359375 0.11953125
3 0.91796875 0.34765625 0.028125 0.08671875
3 0.51640625 0.38046875 0.02578125 0.09609375
2 0.8453125 0.49375 0.03203125 0.11953125
3 0.875 0.390625 0.02578125 0.09296875
3 0.79765625 0.48671875 0.028125 0.10625
2 0.48828125 0.28984375 0.03359375 0.07734375
3 0.56015625 0.3796875 0.03515625 0.1046875
3 0.8015625 0.4203125 0.02578125 0.0921875
0 0.56484375 0.42109375 0.0125 0.0203125