3 0.38046875 0.56015625 0.05 0.1328125
3 0.22265625 0.46796875 0.03359375 0.1078125
3 0.3734375 0.2984375 0.0265625 0.1
3 0.32265625 0.33359375 0.02578125 0.07734375
3 0.04765625 0.4078125 0.02265625 0.09140625
3 0.04765625 0.3140625 0.0375 0.08515625
2 0.13359375 0.43046875 0.03671875 0.1015625
3 0.42421875 0.3796875 0.034375 0.08671875
0 0.4109375 0.42109375 0.02109375 0.028125
3 0.4234375 0.4828125 0.0359375 0.1078125
3 0.5765625 0.42265625 0.04140625 0.1078125
3 0.60234375 0.3359375 0.028125 0.08828125
3 0.64921875 0.3890625 0.04453125 0.1140625
3 0.790625 0.41015625 0.03984375 0.1140625