3 0.5625 0.36796875 0.0453125 0.0984375
3 0.96640625 0.61328125 0.0640625 0.15
3 0.17578125 0.4640625 0.0359375 0.11015625
3 0.4625 0.52578125 0.04140625 0.12265625
2 0.12421875 0.50078125 0.0390625 0.11328125
3 0.3265625 0.34296875 0.034375 0.09765625
3 0.246875 0.93203125 0.05234375 0.13125
3 0.25703125 0.42109375 0.0296875 0.1140625
3 0.63984375 0.37578125 0.0328125 0.10859375
3 0.22890625 0.43125 0.03046875 0.103125
3 0.03984375 0.5453125 0.034375 0.12578125
3 0.1 0.340625 0.03125 0.09609375
3 0.296875 0.3203125 0.03359375 0.10234375
3 0.990625 0.40625 0.0171875 0.1078125
0 0.90703125 0.36796875 0.01171875 0.0296875
2 0.1234375 0.27578125 0.0296875 0.06640625