3 0.321875 0.84375 0.05 0.17265625
3 0.93203125 0.5328125 0.0359375 0.13125
3 0.02578125 0.68671875 0.0515625 0.15625
2 0.29375 0.42890625 0.034375 0.10859375
3 0.8296875 0.45703125 0.0328125 0.1140625
3 0.428125 0.39765625 0.03515625 0.09453125
3 0.1859375 0.5171875 0.028125 0.11875
3 0.3453125 0.33203125 0.02421875 0.08671875
3 0.05859375 0.3140625 0.025 0.0875
3 0.534375 0.3515625 0.02890625 0.09921875
3 0.1875 0.39453125 0.0265625 0.0984375
3 0.859375 0.51171875 0.03515625 0.12421875
3 0.025 0.3578125 0.02734375 0.08515625
3 0.4828125 0.3796875 0.02578125 0.09296875
3 0.49765625 0.37578125 0.02890625 0.09296875