3 0.13984375 0.40703125 0.07265625 0.14453125
2 0.56484375 0.3125 0.04296875 0.1203125
3 0.34609375 0.44375 0.06484375 0.14921875
3 0.39375 0.67734375 0.06796875 0.1953125
3 0.9125 0.371875 0.05234375 0.1375
3 0.78671875 0.65859375 0.06015625 0.17734375
3 0.51171875 0.759375 0.071875 0.1921875
1 0.2890625 0.0546875 0.03125 0.06953125
3 0.540625 0.39921875 0.0609375 0.1375
3 0.30078125 0.34453125 0.05703125 0.134375
3 0.77734375 0.328125 0.05546875 0.1359375
3 0.8265625 0.0859375 0.03359375 0.09140625
3 0.6546875 0.3703125 0.046875 0.13203125
3 0.5875 0.103125 0.03671875 0.0875
3 0.39765625 0.19921875 0.0390625 0.109375
3 0.98984375 0.103125 0.0203125 0.096875
0 0.209375 0.290625 0.021875 0.03046875