1 0.71640625 0.4140625 0.04296875 0.1296875
2 0.153125 0.33125 0.0390625 0.1125
3 0.30234375 0.41484375 0.0390625 0.1109375
3 0.675 0.421875 0.040625 0.1234375
3 0.2609375 0.42265625 0.03828125 0.12890625
3 0.46328125 0.47421875 0.04609375 0.13515625
3 0.3609375 0.3890625 0.0296875 0.1171875
3 0.5 0.43359375 0.0359375 0.12265625
3 0.5875 0.4578125 0.040625 0.1328125
3 0.38828125 0.51484375 0.0453125 0.1515625
3 0.47421875 0.22109375 0.03046875 0.08203125
3 0.28828125 0.478125 0.053125 0.1390625
3 0.42265625 0.50234375 0.04140625 0.15
3 0.175 0.55703125 0.0546875 0.16640625