3 0.48828125 0.4296875 0.03828125 0.1125
3 0.8890625 0.4015625 0.0359375 0.090625
3 0.74140625 0.5296875 0.03515625 0.1234375
2 0.63515625 0.57578125 0.03828125 0.140625
3 0.75703125 0.41015625 0.0296875 0.10234375
3 0.56640625 0.415625 0.02734375 0.1015625
3 0.6453125 0.41171875 0.02890625 0.0921875
3 0.72890625 0.35390625 0.025 0.0921875
3 0.0515625 0.65625 0.0453125 0.14921875
3 0.2609375 0.52734375 0.034375 0.125
3 0.70390625 0.434375 0.03046875 0.11015625
3 0.9625 0.503125 0.03359375 0.13046875
3 0.615625 0.46953125 0.0296875 0.1078125
3 0.40546875 0.5796875 0.0328125 0.13828125
3 0.446875 0.82421875 0.04453125 0.175
3 0.43828125 0.475 0.03203125 0.115625
3 0.40078125 0.4578125 0.03203125 0.1234375
3 0.98203125 0.4421875 0.0265625 0.1078125
1 0.1171875 0.4203125 0.025 0.10546875
2 0.8296875 0.2875 0.0265625 0.0890625
3 0.8703125 0.33515625 0.0234375 0.08046875