3 0.5796875 0.49609375 0.03671875 0.1046875
3 0.56796875 0.9265625 0.0421875 0.146875
2 0.89765625 0.33984375 0.025 0.06796875
3 0.44765625 0.63046875 0.0390625 0.13828125
3 0.621875 0.446875 0.028125 0.10390625
3 0.7625 0.41484375 0.028125 0.09609375
3 0.36640625 0.60078125 0.03671875 0.12890625
3 0.88828125 0.63984375 0.04296875 0.1484375
3 0.734375 0.47109375 0.03125 0.10859375
3 0.8015625 0.53828125 0.0328125 0.12109375
3 0.41484375 0.49140625 0.028125 0.10390625
3 0.32421875 0.53046875 0.03203125 0.10234375
2 0.64609375 0.578125 0.028125 0.11875
3 0.4375 0.4890625 0.0296875 0.103125
3 0.6625 0.4703125 0.028125 0.0828125
3 0.38515625 0.5 0.02734375 0.11015625
3 0.475 0.47265625 0.0296875 0.11015625
1 0.34921875 0.4625 0.025 0.09921875
3 0.6703125 0.52890625 0.03203125 0.10625