3 0.865625 0.6359375 0.05078125 0.140625
3 0.121875 0.45546875 0.03125 0.1
3 0.7328125 0.5078125 0.03125 0.1265625
3 0.81640625 0.5109375 0.03515625 0.12734375
3 0.3265625 0.6421875 0.04765625 0.13828125
3 0.2953125 0.5203125 0.03828125 0.10234375
3 0.31875 0.45390625 0.02890625 0.1
3 0.02890625 0.4140625 0.0265625 0.1015625
3 0.384375 0.40078125 0.028125 0.09296875
3 0.60078125 0.39765625 0.03359375 0.09140625
3 0.675 0.40625 0.02578125 0.09921875
3 0.7015625 0.4421875 0.03046875 0.10078125
2 0.35234375 0.515625 0.03515625 0.11796875
3 0.26640625 0.35703125 0.03125 0.08828125
2 0.0046875 0.3875 0.00859375 0.13359375