3 0.4296875 0.484375 0.0359375 0.12109375
3 0.04140625 0.50390625 0.03984375 0.1265625
3 0.3515625 0.52890625 0.0375 0.13203125
3 0.578125 0.3265625 0.02734375 0.0953125
3 0.70234375 0.321875 0.03515625 0.08671875
2 0.4703125 0.47421875 0.03046875 0.12265625
3 0.4984375 0.61328125 0.03828125 0.1296875
3 0.2890625 0.334375 0.02734375 0.08828125
3 0.1375 0.46328125 0.02890625 0.11484375
3 0.61484375 0.3875 0.03046875 0.09296875
3 0.84921875 0.2625 0.0234375 0.07890625
3 0.15234375 0.41484375 0.028125 0.10859375
3 0.25859375 0.3640625 0.03046875 0.10234375
3 0.35703125 0.90390625 0.0578125 0.1921875
3 0.7640625 0.40859375 0.0375 0.09296875
3 0.3828125 0.2890625 0.021875 0.09140625
3 0.35703125 0.290625 0.02421875 0.08515625
0 0.7359375 0.4390625 0.015625 0.028125
2 0.4484375 0.209375 0.02421875 0.06171875
0 0.36015625 0.834375 0.015625 0.03671875