3 0.89296875 0.75 0.0484375 0.1671875
3 0.94765625 0.68046875 0.0515625 0.16328125
3 0.33984375 0.740625 0.04296875 0.15859375
3 0.0765625 0.5265625 0.04375 0.15625
3 0.209375 0.5578125 0.0390625 0.14140625
3 0.82578125 0.5171875 0.04453125 0.1375
3 0.46875 0.315625 0.025 0.084375
3 0.79453125 0.446875 0.05390625 0.13359375
3 0.384375 0.3859375 0.03046875 0.09765625
3 0.29921875 0.3203125 0.03046875 0.08046875
3 0.44921875 0.446875 0.03203125 0.11328125
3 0.3734375 0.32734375 0.025 0.078125
3 0.34453125 0.2859375 0.02578125 0.06953125
0 0.2875 0.3484375 0.0140625 0.0265625
2 0.459375 0.4078125 0.02578125 0.0984375
3 0.009375 0.434375 0.01875 0.1125