1 0.45078125 0.26875 0.025 0.07890625
2 0.875 0.49921875 0.04453125 0.1234375
3 0.1125 0.6875 0.0734375 0.125
3 0.75546875 0.84765625 0.04921875 0.1890625
3 0.49765625 0.671875 0.0625 0.1453125
3 0.97734375 0.5390625 0.04375 0.13515625
3 0.18984375 0.64765625 0.04453125 0.14296875
3 0.61796875 0.52109375 0.0484375 0.11953125
3 0.96953125 0.34765625 0.0375 0.103125
3 0.640625 0.39296875 0.034375 0.1015625
3 0.75546875 0.39921875 0.0359375 0.10859375
3 0.55546875 0.38125 0.034375 0.11171875
3 0.93203125 0.60390625 0.04296875 0.13515625
3 0.96484375 0.221875 0.03359375 0.08125
3 0.709375 0.29609375 0.0265625 0.09453125
3 0.82890625 0.24609375 0.03046875 0.08359375
3 0.67421875 0.2953125 0.028125 0.09453125
0 0.134375 0.75078125 0.01796875 0.03828125