3 0.40390625 0.71796875 0.0703125 0.128125
3 0.1453125 0.3828125 0.03125 0.0984375
3 0.0203125 0.50234375 0.03828125 0.10859375
2 0.6234375 0.446875 0.0390625 0.10625
3 0.4921875 0.3296875 0.02890625 0.08125
3 0.5015625 0.496875 0.0375 0.10390625
3 0.66015625 0.76953125 0.04609375 0.18046875
3 0.26171875 0.403125 0.03125 0.1125
3 0.0390625 0.41484375 0.0390625 0.0921875
3 0.54453125 0.3515625 0.02734375 0.090625
3 0.3015625 0.3328125 0.0296875 0.090625
3 0.33359375 0.29140625 0.02265625 0.084375
3 0.671875 0.48046875 0.0328125 0.11328125
3 0.6359375 0.30390625 0.02421875 0.08671875
3 0.82265625 0.26875 0.01953125 0.071875
3 0.18671875 0.3375 0.02734375 0.08984375
3 0.3 0.27890625 0.0203125 0.075