3 0.65 0.84453125 0.05390625 0.1703125
2 0.984375 0.43828125 0.028125 0.10546875
3 0.87109375 0.625 0.0328125 0.12734375
3 0.15625 0.52421875 0.034375 0.12265625
3 0.71328125 0.5453125 0.040625 0.11015625
3 0.53125 0.5828125 0.046875 0.11328125
3 0.928125 0.490625 0.03203125 0.11015625
3 0.940625 0.2859375 0.0296875 0.07421875
3 0.44921875 0.43515625 0.03359375 0.10234375
3 0.225 0.6390625 0.0375 0.13046875
3 0.340625 0.35703125 0.02734375 0.09609375
3 0.62578125 0.28046875 0.02265625 0.075
3 0.79921875 0.46328125 0.02890625 0.103125
3 0.98515625 0.83828125 0.0296875 0.1640625
3 0.8375 0.3796875 0.02421875 0.09921875
0 0.2640625 0.68671875 0.0140625 0.03125
0 0.26015625 0.6828125 0.01328125 0.03203125