3 0.13515625 0.38984375 0.03125 0.1125
3 0.1453125 0.42421875 0.01796875 0.02421875
3 0.29765625 0.39140625 0.03125 0.09296875
3 0.28984375 0.3328125 0.0296875 0.08984375
3 0.353125 0.33984375 0.02109375 0.09765625
3 0.36015625 0.50859375 0.034375 0.1265625
3 0.42734375 0.48046875 0.028125 0.125
3 0.59609375 0.3296875 0.028125 0.096875
3 0.63671875 0.3140625 0.0296875 0.1015625
3 0.69609375 0.4546875 0.0390625 0.1234375
3 0.82734375 0.42421875 0.0390625 0.12421875
3 0.92734375 0.4828125 0.040625 0.13125
2 0.46875 0.3859375 0.03359375 0.1015625