2 0.3515625 0.21796875 0.04296875 0.1171875
3 0.765625 0.24765625 0.04765625 0.12890625
3 0.190625 0.3265625 0.046875 0.12734375
3 0.0921875 0.18125 0.0453125 0.1140625
3 0.509375 0.53046875 0.0625 0.15625
3 0.9078125 0.2953125 0.04453125 0.134375
3 0.46796875 0.46328125 0.05078125 0.15
3 0.42890625 0.11953125 0.0421875 0.10625
3 0.78046875 0.1140625 0.0328125 0.1203125
3 0.18984375 0.15859375 0.03515625 0.0703125
3 0.07890625 0.084375 0.03125 0.0828125
3 0.53046875 0.128125 0.03125 0.1015625
2 0.96484375 0.7828125 0.0703125 0.23515625
3 0.48046875 0.221875 0.0375 0.1109375