3 0.31328125 0.6265625 0.0421875 0.13203125
3 0.06328125 0.45078125 0.04453125 0.05390625
3 0.46796875 0.3453125 0.028125 0.08515625
3 0.4296875 0.46328125 0.028125 0.103125
3 0.26953125 0.48359375 0.04453125 0.09296875
3 0.55 0.6421875 0.0390625 0.14140625
3 0.73046875 0.5359375 0.03515625 0.11796875
3 0.59140625 0.3828125 0.03046875 0.11015625
3 0.6953125 0.45703125 0.03515625 0.1203125
3 0.5265625 0.3625 0.0296875 0.1015625
3 0.3984375 0.42109375 0.02578125 0.1
3 0.4234375 0.31328125 0.02265625 0.07890625
3 0.22578125 0.53671875 0.03359375 0.1203125
3 0.19765625 0.32734375 0.0203125 0.07734375
3 0.1734375 0.40546875 0.0265625 0.096875
2 0.21171875 0.42890625 0.0265625 0.10078125