3 0.9671875 0.71640625 0.05546875 0.16015625
3 0.09453125 0.53046875 0.04609375 0.128125
3 0.32265625 0.66953125 0.05234375 0.13046875
3 0.26015625 0.671875 0.0421875 0.14453125
3 0.74453125 0.6296875 0.0453125 0.13828125
3 0.45234375 0.5453125 0.03671875 0.12578125
3 0.16796875 0.584375 0.040625 0.11953125
3 0.5546875 0.55625 0.03359375 0.1171875
3 0.42109375 0.3640625 0.0296875 0.0875
3 0.803125 0.465625 0.03359375 0.1234375
3 0.74453125 0.47578125 0.0375 0.128125
3 0.334375 0.4453125 0.034375 0.10390625
3 0.8640625 0.53046875 0.034375 0.12734375
3 0.6421875 0.41328125 0.0296875 0.11171875
3 0.52578125 0.4859375 0.0296875 0.0953125
2 0.37734375 0.44375 0.03125 0.103125
3 0.409375 0.309375 0.01875 0.06875
3 0.5359375 0.3640625 0.0359375 0.08671875
3 0.51171875 0.4375 0.02578125 0.1
0 0.246875 0.58828125 0.015625 0.0375