3 0.1375 0.5234375 0.0296875 0.1421875
3 0.2859375 0.35703125 0.03203125 0.1
3 0.434375 0.38203125 0.04375 0.115625
3 0.46640625 0.246875 0.02421875 0.08359375
3 0.49765625 0.50703125 0.034375 0.125
3 0.60234375 0.3609375 0.02890625 0.0984375
3 0.69296875 0.27890625 0.0296875 0.08515625
3 0.76171875 0.5203125 0.0359375 0.1328125
3 0.790625 0.3796875 0.0296875 0.1109375
3 0.80078125 0.265625 0.0234375 0.07734375
3 0.8953125 0.2625 0.0328125 0.0953125
3 0.88515625 0.85 0.0484375 0.19140625
2 0.91953125 0.3484375 0.04375 0.1078125
2 0.36953125 0.18515625 0.0234375 0.08046875
0 0.16953125 0.59453125 0.0203125 0.03515625