3 0.48984375 0.5546875 0.0515625 0.1265625
3 0.5515625 0.54921875 0.05 0.11640625
3 0.365625 0.61328125 0.04453125 0.13671875
3 0.240625 0.55859375 0.04609375 0.11640625
3 0.74140625 0.57734375 0.04375 0.13671875
3 0.18828125 0.515625 0.04140625 0.1140625
3 0.2625 0.4125 0.03046875 0.08828125
3 0.49296875 0.425 0.028125 0.09453125
3 0.28359375 0.4953125 0.0359375 0.10078125
3 0.571875 0.4453125 0.0296875 0.078125
3 0.55546875 0.43046875 0.03203125 0.08359375
0 0.50703125 0.4734375 0.01171875 0.02265625
2 0.1359375 0.52109375 0.0421875 0.1171875
3 0.009375 0.44296875 0.01796875 0.10078125