3 0.86015625 0.709375 0.05703125 0.15390625
3 0.68125 0.384375 0.028125 0.09453125
3 0.7859375 0.4828125 0.03046875 0.1203125
3 0.2828125 0.646875 0.040625 0.13984375
3 0.83671875 0.37578125 0.02734375 0.09609375
3 0.46875 0.396875 0.02890625 0.096875
3 0.8640625 0.4484375 0.02734375 0.10625
3 0.21796875 0.48671875 0.0359375 0.12578125
3 0.6375 0.4546875 0.02890625 0.10234375
3 0.6140625 0.41328125 0.028125 0.10546875
3 0.36328125 0.39921875 0.02734375 0.10703125
3 0.43671875 0.35859375 0.028125 0.08984375
3 0.51015625 0.35859375 0.02265625 0.08984375
0 0.5328125 0.540625 0.01328125 0.034375
2 0.51171875 0.278125 0.02265625 0.071875
3 0.509375 0.4390625 0.02890625 0.10625
3 0.52890625 0.43359375 0.02421875 0.109375