3 0.63203125 0.4390625 0.034375 0.10859375
3 0.83828125 0.37890625 0.03984375 0.09375
3 0.16640625 0.425 0.0359375 0.103125
2 0.328125 0.5 0.03125 0.1140625
3 0.92734375 0.503125 0.04140625 0.1265625
3 0.3421875 0.425 0.0359375 0.08828125
3 0.90234375 0.70234375 0.05078125 0.16796875
3 0.37421875 0.38359375 0.03203125 0.08984375
3 0.5546875 0.75234375 0.04375 0.15859375
3 0.29921875 0.58046875 0.04140625 0.12421875
3 0.95 0.3765625 0.04140625 0.10078125
3 0.26953125 0.54375 0.0296875 0.1484375
3 0.36640625 0.34296875 0.0296875 0.07890625