3 0.43125 0.4828125 0.03828125 0.1
3 0.30546875 0.44921875 0.04375 0.08984375
3 0.5296875 0.9515625 0.06875 0.09296875
3 0.58671875 0.6390625 0.04375 0.10859375
3 0.18515625 0.50390625 0.03671875 0.09609375
1 0.9390625 0.3921875 0.034375 0.1078125
3 0.640625 0.51015625 0.03125 0.10234375
3 0.321875 0.33828125 0.03359375 0.0765625
3 0.29140625 0.6328125 0.05 0.12578125
3 0.528125 0.38984375 0.02578125 0.1015625
3 0.55859375 0.46875 0.0296875 0.1109375
3 0.23828125 0.325 0.02578125 0.0640625
0 0.275 0.48359375 0.015625 0.02421875
0 0.27890625 0.48515625 0.01328125 0.01953125
3 0.50234375 0.40390625 0.03046875 0.10625
2 0.20234375 0.42109375 0.03046875 0.096875
3 0.44375 0.4078125 0.03359375 0.1078125
3 0.5859375 0.4640625 0.02890625 0.11015625