3 0.04375 0.38984375 0.02109375 0.09140625
3 0.06484375 0.40703125 0.02578125 0.1046875
3 0.0921875 0.328125 0.03359375 0.09375
3 0.13828125 0.64921875 0.0375 0.17109375
3 0.396875 0.33515625 0.0265625 0.08671875
3 0.42109375 0.36328125 0.03046875 0.096875
3 0.50546875 0.33203125 0.028125 0.08046875
3 0.53671875 0.41875 0.03125 0.128125
3 0.55625 0.596875 0.0328125 0.16328125
3 0.56953125 0.3359375 0.02109375 0.09375
3 0.6 0.34609375 0.0421875 0.096875
3 0.57890625 0.43359375 0.03984375 0.1015625
3 0.821875 0.41015625 0.04140625 0.1140625
3 0.96796875 0.54921875 0.0390625 0.1453125
2 0.33671875 0.43046875 0.03359375 0.1234375