3 0.55234375 0.353125 0.02109375 0.08125
3 0.15859375 0.39453125 0.02421875 0.0890625
3 0.3609375 0.29375 0.02265625 0.08671875
3 0.590625 0.52734375 0.03046875 0.103125
3 0.39765625 0.42890625 0.0234375 0.090625
3 0.5734375 0.409375 0.0171875 0.0796875
2 0.30078125 0.24765625 0.0265625 0.0875
3 0.44296875 0.4125 0.02421875 0.084375
3 0.60234375 0.365625 0.0203125 0.0859375
3 0.53515625 0.4703125 0.0203125 0.06875
3 0.68828125 0.43125 0.02109375 0.1
3 0.53515625 0.50703125 0.02109375 0.078125
1 0.64140625 0.40390625 0.0171875 0.08359375
3 0.45859375 0.4796875 0.025 0.08515625
3 0.44765625 0.48125 0.0203125 0.084375