3 0.375 0.40234375 0.053125 0.1046875
3 0.39453125 0.1796875 0.04296875 0.084375
3 0.253125 0.2546875 0.04609375 0.10234375
2 0.56015625 0.36875 0.040625 0.1171875
3 0.26328125 0.80625 0.06953125 0.2
3 0.30234375 0.22421875 0.03984375 0.0890625
3 0.81328125 0.16953125 0.05390625 0.1
3 0.703125 0.27890625 0.04296875 0.11328125
3 0.61796875 0.93359375 0.05390625 0.1328125
3 0.09765625 0.52734375 0.0640625 0.1453125
3 0.2390625 0.56796875 0.05703125 0.14296875
3 0.5796875 0.24609375 0.03203125 0.0796875
3 0.784375 0.38359375 0.0390625 0.090625
3 0.58046875 0.18515625 0.0328125 0.09140625
3 0.68671875 0.3671875 0.03515625 0.10625
3 0.94921875 0.7 0.06328125 0.17421875
3 0.278125 0.571875 0.021875 0.04765625