1 0.48984375 0.3796875 0.02890625 0.10234375
3 0.75859375 0.77578125 0.07109375 0.15625
3 0.55 0.44609375 0.03828125 0.11328125
3 0.41875 0.45859375 0.04453125 0.1171875
3 0.775 0.65625 0.05234375 0.15859375
3 0.7171875 0.65234375 0.0421875 0.1546875
3 0.553125 0.56796875 0.0375 0.125
3 0.146875 0.3828125 0.0390625 0.115625
3 0.1 0.425 0.02890625 0.125
3 0.34140625 0.4203125 0.02734375 0.11640625
3 0.296875 0.4359375 0.03046875 0.11328125
3 0.32421875 0.4640625 0.02890625 0.11328125
3 0.3 0.375 0.02421875 0.0875
3 0.2078125 0.396875 0.02734375 0.1046875
3 0.221875 0.3875 0.02421875 0.09609375
0 0.78203125 0.8359375 0.0203125 0.03828125