3 0.8671875 0.4625 0.0484375 0.115625
3 0.78046875 0.52109375 0.04375 0.13046875
3 0.578125 0.45625 0.0328125 0.10390625
3 0.63515625 0.42578125 0.03671875 0.09453125
3 0.86484375 0.7015625 0.065625 0.1546875
3 0.1421875 0.34609375 0.02265625 0.08359375
3 0.62265625 0.35859375 0.0234375 0.0828125
3 0.41171875 0.7125 0.04375 0.14609375
3 0.71953125 0.3984375 0.0359375 0.11328125
3 0.5234375 0.3171875 0.021875 0.08046875
3 0.159375 0.49296875 0.0296875 0.10546875
3 0.33671875 0.4359375 0.0390625 0.09765625
3 0.371875 0.43203125 0.02890625 0.090625
3 0.30078125 0.35234375 0.02265625 0.0765625
3 0.25 0.4390625 0.02265625 0.1125
3 0.17734375 0.45390625 0.0265625 0.096875