3 0.45625 0.703125 0.05625 0.15703125
3 0.21953125 0.43125 0.0453125 0.12734375
3 0.1515625 0.32734375 0.03125 0.11171875
3 0.92578125 0.62578125 0.0390625 0.1609375
3 0.19140625 0.596875 0.053125 0.14375
3 0.3796875 0.35703125 0.03359375 0.11328125
3 0.26328125 0.278125 0.0265625 0.090625
3 0.68203125 0.2390625 0.0234375 0.0859375
3 0.415625 0.48359375 0.03359375 0.12265625
3 0.24453125 0.65078125 0.04375 0.1328125
3 0.9828125 0.653125 0.034375 0.1703125
3 0.81171875 0.3140625 0.025 0.10234375
0 0.36953125 0.23828125 0.01484375 0.0296875
3 0.14609375 0.59921875 0.034375 0.140625
2 0.3109375 0.55390625 0.03515625 0.13828125
3 0.596875 0.51171875 0.034375 0.1359375
3 0.93671875 0.44140625 0.0375 0.14296875
3 0.23515625 0.315625 0.0296875 0.1046875
3 0.40859375 0.340625 0.021875 0.1015625
0 0.43671875 0.765625 0.01328125 0.02734375