3 0.74296875 0.9015625 0.053125 0.1875
3 0.4390625 0.64609375 0.04765625 0.1390625
3 0.11875 0.58046875 0.03671875 0.13203125
3 0.19140625 0.48046875 0.040625 0.09921875
3 0.2671875 0.4703125 0.03046875 0.103125
3 0.58828125 0.60625 0.04296875 0.13125
3 0.7 0.5625 0.0375 0.134375
3 0.3828125 0.3875 0.028125 0.07890625
3 0.47109375 0.46796875 0.040625 0.1078125
3 0.22890625 0.40390625 0.03046875 0.08203125
2 0.05234375 0.45234375 0.03046875 0.1
3 0.0109375 0.4578125 0.02109375 0.1046875
3 0.35859375 0.35234375 0.02421875 0.06796875