3 0.42421875 0.53828125 0.034375 0.0734375
2 0.56796875 0.3265625 0.021875 0.06015625
3 0.30390625 0.41484375 0.03359375 0.075
3 0.49140625 0.27109375 0.02265625 0.05546875
3 0.9515625 0.28671875 0.02109375 0.07734375
3 0.415625 0.29453125 0.03125 0.059375
3 0.4203125 0.6625 0.0328125 0.0828125
3 0.7515625 0.57578125 0.02890625 0.08125
3 0.45234375 0.11484375 0.01640625 0.0546875
3 0.3375 0.38515625 0.0234375 0.0625
3 0.32421875 0.32421875 0.0296875 0.06953125
3 0.625 0.14140625 0.01640625 0.05703125
3 0.33828125 0.2515625 0.02578125 0.06015625
3 0.64140625 0.29453125 0.015625 0.0609375
3 0.55 0.17890625 0.021875 0.05703125
3 0.73515625 0.1328125 0.0171875 0.065625
3 0.31015625 0.2125 0.0203125 0.05546875
3 0.76328125 0.15390625 0.0203125 0.065625
3 0.33515625 0.203125 0.01875 0.05
3 0.37578125 0.07890625 0.01640625 0.046875
0 0.403125 0.315625 0.0109375 0.01640625