2 0.25 0.509375 0.040625 0.1265625
3 0.234375 0.38515625 0.03671875 0.10390625
3 0.05546875 0.34453125 0.040625 0.11640625
3 0.40625 0.32421875 0.03828125 0.0828125
3 0.4484375 0.36015625 0.0375 0.09765625
3 0.3703125 0.25078125 0.03515625 0.07421875
3 0.103125 0.359375 0.03671875 0.11171875
3 0.53515625 0.3359375 0.03203125 0.08046875
3 0.975 0.61640625 0.05 0.15859375
3 0.33046875 0.47109375 0.04453125 0.1109375
3 0.54765625 0.9234375 0.053125 0.15
3 0.27421875 0.6765625 0.04921875 0.1484375
3 0.01953125 0.42109375 0.0390625 0.11953125
3 0.54921875 0.48984375 0.03515625 0.109375
3 0.50703125 0.3796875 0.040625 0.09296875