3 0.2796875 0.825 0.05390625 0.1953125
1 0.55703125 0.43359375 0.03046875 0.0921875
3 0.58046875 0.51875 0.03828125 0.1046875
3 0.3171875 0.51015625 0.03671875 0.11171875
3 0.2625 0.4234375 0.03046875 0.10078125
3 0.3671875 0.4625 0.0359375 0.1
3 0.1515625 0.56953125 0.0328125 0.134375
3 0.5015625 0.50078125 0.028125 0.11953125
3 0.8 0.69140625 0.040625 0.13359375
3 0.75703125 0.6375 0.0421875 0.12578125
3 0.42734375 0.4828125 0.02734375 0.096875
3 0.4640625 0.50625 0.02890625 0.1125
3 0.42421875 0.440625 0.02265625 0.08671875
3 0.05 0.5125 0.03515625 0.15234375
0 0.70625 0.4875 0.01953125 0.02890625