3 0.165625 0.309375 0.04609375 0.1
3 0.74296875 0.4515625 0.0359375 0.121875
3 0.38203125 0.1765625 0.0359375 0.084375
3 0.915625 0.1328125 0.02421875 0.0859375
3 0.8546875 0.2109375 0.03125 0.1015625
3 0.6796875 0.2765625 0.03359375 0.10703125
3 0.1234375 0.66796875 0.06640625 0.19609375
0 0.23671875 0.259375 0.01875 0.040625
2 0.603125 0.3203125 0.0359375 0.1109375
3 0.45078125 0.16640625 0.0375 0.1109375
3 0.62265625 0.10859375 0.03203125 0.08515625
3 0.53203125 0.24375 0.02890625 0.1078125
3 0.9484375 0.40546875 0.04453125 0.1375