3 0.08203125 0.3921875 0.03046875 0.0984375
3 0.17109375 0.57265625 0.0421875 0.1328125
3 0.20859375 0.50078125 0.03984375 0.115625
2 0.21796875 0.43359375 0.02890625 0.0953125
3 0.328125 0.38125 0.034375 0.08046875
3 0.3265625 0.90859375 0.04375 0.18203125
3 0.46015625 0.60234375 0.0328125 0.134375
3 0.41875 0.4140625 0.025 0.09375
3 0.5890625 0.4375 0.0390625 0.1
3 0.67421875 0.46171875 0.034375 0.08671875
3 0.68359375 0.5359375 0.03359375 0.11875
3 0.7484375 0.5296875 0.02890625 0.1234375
3 0.740625 0.6296875 0.0296875 0.1453125
3 0.85859375 0.5734375 0.04140625 0.134375
3 0.90859375 0.48125 0.040625 0.1171875