3 0.365625 0.29296875 0.02890625 0.08515625
3 0.5640625 0.53203125 0.04375 0.1296875
3 0.08125 0.6359375 0.03828125 0.1609375
3 0.7859375 0.38828125 0.03203125 0.109375
3 0.62109375 0.3234375 0.0296875 0.10078125
3 0.5453125 0.41484375 0.034375 0.1109375
2 0.18515625 0.54765625 0.0359375 0.14921875
3 0.3046875 0.421875 0.028125 0.11015625
3 0.7734375 0.53515625 0.03828125 0.14765625
3 0.66328125 0.84453125 0.05078125 0.18046875
3 0.31640625 0.36640625 0.0265625 0.09453125
3 0.88984375 0.38515625 0.02890625 0.11953125
3 0.25859375 0.3078125 0.02109375 0.0859375
0 0.5984375 0.39921875 0.0125 0.02890625
3 0.01953125 0.31484375 0.02890625 0.096875
2 0.08515625 0.259375 0.03125 0.09375
0 0.6015625 0.4015625 0.01484375 0.0203125