3 0.746875 0.33984375 0.02734375 0.0640625
3 0.69765625 0.40546875 0.025 0.06640625
3 0.615625 0.52421875 0.0234375 0.0640625
3 0.3953125 0.25 0.01796875 0.05234375
3 0.6625 0.51015625 0.0265625 0.065625
3 0.678125 0.1890625 0.01640625 0.0421875
3 0.10234375 0.509375 0.021875 0.06875
2 0.609375 0.275 0.0140625 0.05078125
3 0.3953125 0.3234375 0.015625 0.06171875
3 0.11953125 0.36328125 0.01796875 0.0625
3 0.42265625 0.47265625 0.0234375 0.06796875
3 0.1234375 0.41796875 0.01953125 0.06484375
3 0.42734375 0.24453125 0.01484375 0.05
3 0.43671875 0.3546875 0.01875 0.05625
3 0.6 0.23828125 0.01484375 0.0484375
3 0.575 0.29609375 0.01640625 0.0515625
3 0.3140625 0.22734375 0.015625 0.0578125
3 0.57578125 0.17734375 0.01328125 0.04921875
3 0.6078125 0.1921875 0.01796875 0.04765625
1 0.0296875 0.22578125 0.015625 0.06953125
2 0.42421875 0.1125 0.01328125 0.04140625
3 0.64375 0.15625 0.01171875 0.03984375