2 0.26953125 0.5296875 0.04765625 0.11953125
3 0.68984375 0.434375 0.053125 0.0984375
3 0.81796875 0.56015625 0.0625 0.15
1 0.88203125 0.26875 0.03359375 0.08828125
3 0.0453125 0.56640625 0.07890625 0.125
3 0.4140625 0.54375 0.04453125 0.11484375
3 0.571875 0.48203125 0.04765625 0.11171875
3 0.25 0.38359375 0.0421875 0.11015625
0 0.46875 0.35234375 0.01953125 0.02578125
3 0.434375 0.315625 0.034375 0.0921875
3 0.18359375 0.2640625 0.0328125 0.08203125
3 0.40703125 0.4328125 0.040625 0.1078125
3 0.60390625 0.40546875 0.0390625 0.09296875