3 0.5328125 0.42265625 0.03046875 0.11015625
3 0.96015625 0.7796875 0.04765625 0.171875
3 0.6234375 0.3671875 0.025 0.0921875
3 0.2890625 0.840625 0.05234375 0.19609375
3 0.290625 0.39140625 0.0328125 0.1125
3 0.18515625 0.34921875 0.0265625 0.09375
3 0.73046875 0.32890625 0.028125 0.09296875
3 0.8828125 0.49921875 0.0359375 0.13203125
3 0.33984375 0.390625 0.03203125 0.10859375
3 0.85546875 0.63828125 0.05625 0.15234375
3 0.96484375 0.34765625 0.0265625 0.10234375
3 0.4859375 0.31484375 0.025 0.0796875
2 0.73828125 0.4265625 0.03046875 0.12109375
3 0.98828125 0.3453125 0.01953125 0.10078125