3 0.1078125 0.31484375 0.02734375 0.071875
3 0.41640625 0.3234375 0.02734375 0.06796875
3 0.28203125 0.25234375 0.0234375 0.065625
3 0.58984375 0.33046875 0.02109375 0.0625
3 0.13515625 0.51171875 0.02890625 0.078125
3 0.5015625 0.2640625 0.0265625 0.05703125
3 0.38671875 0.37734375 0.02421875 0.0671875
3 0.52421875 0.4015625 0.021875 0.07109375
3 0.49765625 0.4109375 0.02421875 0.06953125
3 0.23828125 0.19609375 0.02421875 0.05859375
3 0.6046875 0.40546875 0.025 0.0671875
3 0.57734375 0.29140625 0.02265625 0.046875
3 0.02109375 0.25 0.021875 0.0765625
3 0.1984375 0.16875 0.025 0.059375
3 0.67890625 0.46171875 0.0328125 0.059375
3 0.6625 0.5109375 0.02578125 0.0625
2 0.36640625 0.303125 0.021875 0.05546875
3 0.04765625 0.49921875 0.02890625 0.078125
1 0.9234375 0.3796875 0.02421875 0.06796875
0 0.6359375 0.5125 0.01171875 0.02734375
3 0.009375 0.29765625 0.01484375 0.03984375