3 0.73359375 0.44375 0.03203125 0.109375
0 0.5796875 0.6796875 0.0140625 0.0359375
3 0.6234375 0.39375 0.02890625 0.096875
3 0.6640625 0.34375 0.02109375 0.08671875
3 0.23515625 0.734375 0.0390625 0.1359375
3 0.39921875 0.80703125 0.0546875 0.16640625
3 0.53828125 0.53046875 0.0328125 0.121875
3 0.5671875 0.384375 0.0296875 0.09140625
3 0.01796875 0.634375 0.03125 0.1234375
3 0.8984375 0.5515625 0.0296875 0.128125
3 0.73203125 0.6171875 0.03125 0.14140625
3 0.2609375 0.51796875 0.03359375 0.1234375
3 0.19609375 0.640625 0.0296875 0.125
3 0.3671875 0.6296875 0.03359375 0.12421875
1 0.36640625 0.3265625 0.0203125 0.08046875
3 0.621875 0.61796875 0.034375 0.140625
3 0.95625 0.36171875 0.028125 0.09296875
3 0.8125 0.3484375 0.025 0.08515625
2 0.9453125 0.2234375 0.02578125 0.06875