3 0.8953125 0.434375 0.0515625 0.1203125
3 0.59453125 0.4296875 0.0375 0.09296875
2 0.34609375 0.446875 0.04453125 0.12421875
3 0.01953125 0.58671875 0.0390625 0.1515625
3 0.16640625 0.415625 0.05703125 0.11640625
3 0.584375 0.353125 0.03515625 0.084375
3 0.18828125 0.41796875 0.05390625 0.1125
3 0.5609375 0.4703125 0.02890625 0.1078125
3 0.7265625 0.653125 0.04296875 0.15546875
3 0.82734375 0.37421875 0.03984375 0.12421875
0 0.540625 0.42734375 0.0078125 0.01484375
3 0.5203125 0.39921875 0.03203125 0.0734375