3 0.2578125 0.553125 0.04296875 0.13515625
3 0.86875 0.48125 0.0328125 0.10546875
3 0.6546875 0.46171875 0.040625 0.10625
3 0.82578125 0.49609375 0.0359375 0.11796875
3 0.41953125 0.7765625 0.04453125 0.1734375
3 0.70546875 0.5 0.03046875 0.1109375
3 0.7140625 0.421875 0.04453125 0.0953125
3 0.40546875 0.5671875 0.03125 0.14375
3 0.7484375 0.6015625 0.03515625 0.13359375
3 0.2046875 0.60234375 0.03203125 0.13359375
3 0.46796875 0.50703125 0.03046875 0.1203125
0 0.75 0.43046875 0.015625 0.02578125
3 0.490625 0.4734375 0.03671875 0.11171875
3 0.59609375 0.4953125 0.028125 0.10703125
3 0.29453125 0.52421875 0.0328125 0.14453125
2 0.61015625 0.590625 0.03203125 0.13984375
3 0.40625 0.49453125 0.02734375 0.10703125
2 0.840625 0.34921875 0.02890625 0.07890625
1 0.2 0.48046875 0.0265625 0.109375