3 0.71171875 0.5421875 0.04140625 0.15234375
3 0.38046875 0.378125 0.046875 0.11484375
3 0.2046875 0.3234375 0.03203125 0.11953125
3 0.12890625 0.44453125 0.03984375 0.12421875
3 0.83125 0.18671875 0.025 0.08515625
3 0.3546875 0.25078125 0.028125 0.10390625
3 0.50703125 0.225 0.03125 0.09140625
3 0.4484375 0.27890625 0.02578125 0.10390625
3 0.74140625 0.41796875 0.03671875 0.13125
3 0.478125 0.62890625 0.04609375 0.165625
3 0.0984375 0.4375 0.03359375 0.13125
3 0.42421875 0.4328125 0.040625 0.096875
1 0.071875 0.15625 0.0234375 0.08203125
2 0.23515625 0.52421875 0.04296875 0.1515625
0 0.44296875 0.4578125 0.01796875 0.03515625
3 0.521875 0.66953125 0.05625 0.16875
3 0.60390625 0.2703125 0.03046875 0.09765625
3 0.41796875 0.35546875 0.0390625 0.1109375
3 0.5296875 0.396875 0.034375 0.0953125
0 0.4484375 0.45859375 0.01640625 0.03203125