3 0.1578125 0.49921875 0.04140625 0.12734375
3 0.4421875 0.49140625 0.03203125 0.125
3 0.54453125 0.52890625 0.0484375 0.1375
3 0.34375 0.42109375 0.03125 0.1296875
3 0.734375 0.53125 0.046875 0.12890625
3 0.7140625 0.46640625 0.03515625 0.12890625
1 0.615625 0.4375 0.03203125 0.13828125
3 0.7625 0.4875 0.03828125 0.1328125
3 0.48515625 0.425 0.0296875 0.11171875
3 0.41796875 0.43359375 0.02578125 0.11328125
3 0.553125 0.44375 0.025 0.10234375
3 0.58671875 0.4421875 0.0265625 0.10390625
3 0.4125 0.38828125 0.028125 0.08984375