3 0.35625 0.82421875 0.0515625 0.18984375
1 0.49375 0.4390625 0.0265625 0.1
3 0.36640625 0.57265625 0.0375 0.10859375
2 0.05 0.5609375 0.03515625 0.12265625
3 0.1421875 0.48828125 0.03203125 0.11484375
3 0.0953125 0.61640625 0.03828125 0.128125
3 0.09921875 0.453125 0.0328125 0.1078125
3 0.27109375 0.70390625 0.0390625 0.14765625
3 0.28515625 0.5 0.03203125 0.109375
3 0.35234375 0.484375 0.03359375 0.10546875
3 0.51796875 0.521875 0.03515625 0.10546875
3 0.21015625 0.4484375 0.03125 0.10234375
3 0.790625 0.590625 0.03359375 0.13671875
3 0.75703125 0.65078125 0.05390625 0.11328125
3 0.3 0.453125 0.02734375 0.10625
3 0.71640625 0.590625 0.03671875 0.10546875
0 0.69921875 0.67734375 0.01484375 0.0296875