1 0.61328125 0.39765625 0.028125 0.08671875
3 0.8359375 0.68828125 0.0484375 0.13671875
3 0.5453125 0.653125 0.040625 0.12890625
3 0.02734375 0.58671875 0.03671875 0.1140625
3 0.60234375 0.596875 0.04296875 0.1109375
3 0.4671875 0.4671875 0.03203125 0.1140625
2 0.03359375 0.51015625 0.02578125 0.09375
3 0.32421875 0.559375 0.034375 0.11484375
3 0.56796875 0.57734375 0.0375 0.103125
3 0.0609375 0.46953125 0.0296875 0.10390625
3 0.2390625 0.39765625 0.03125 0.09140625
3 0.33515625 0.41875 0.02890625 0.1046875
0 0.69453125 0.67421875 0.01953125 0.03046875