3 0.115625 0.7578125 0.06328125 0.17890625
3 0.01796875 0.446875 0.0359375 0.1125
3 0.09453125 0.33125 0.0640625 0.096875
3 0.26640625 0.31953125 0.03671875 0.08359375
0 0.23828125 0.3203125 0.025 0.04453125
3 0.36171875 0.3640625 0.03828125 0.1171875
3 0.48984375 0.36796875 0.0296875 0.103125
3 0.51171875 0.40234375 0.03046875 0.08515625
3 0.53125 0.3484375 0.03125 0.09296875
3 0.553125 0.28203125 0.03828125 0.05859375
3 0.6515625 0.3625 0.03359375 0.1046875
3 0.6875 0.4375 0.03671875 0.115625
3 0.678125 0.36328125 0.02109375 0.07890625
3 0.73984375 0.32109375 0.0390625 0.0984375
3 0.7625 0.80859375 0.05703125 0.19453125
3 0.428125 0.41015625 0.0359375 0.1296875