3 0.51875 0.37265625 0.02421875 0.0859375
3 0.60625 0.39609375 0.02890625 0.0984375
3 0.04296875 0.53359375 0.0390625 0.1125
3 0.81796875 0.596875 0.03046875 0.13125
3 0.22578125 0.34453125 0.0203125 0.07578125
3 0.38203125 0.36484375 0.0203125 0.08203125
3 0.078125 0.46796875 0.03046875 0.11015625
3 0.5390625 0.3640625 0.0265625 0.08671875
3 0.47890625 0.46640625 0.0234375 0.1
2 0.1359375 0.42890625 0.025 0.10703125
3 0.41484375 0.41484375 0.0234375 0.09765625
3 0.25703125 0.44375 0.0265625 0.07734375
3 0.83984375 0.5171875 0.028125 0.125
3 0.4984375 0.4828125 0.02421875 0.10546875
3 0.25234375 0.4046875 0.025 0.08203125
0 0.12109375 0.48515625 0.01171875 0.0234375
3 0.35859375 0.3140625 0.0203125 0.0703125
3 0.75078125 0.46328125 0.028125 0.1203125
0 0.121875 0.49140625 0.01171875 0.02109375