3 0.7328125 0.5546875 0.0390625 0.12890625
3 0.61796875 0.540625 0.0328125 0.11171875
3 0.54296875 0.6171875 0.03359375 0.1390625
3 0.32734375 0.50390625 0.02890625 0.1125
3 0.35234375 0.5609375 0.0265625 0.12265625
2 0.4203125 0.66875 0.0328125 0.1328125
3 0.40546875 0.48984375 0.0265625 0.1171875
3 0.6265625 0.65078125 0.034375 0.13359375
3 0.25546875 0.53125 0.0265625 0.11640625
3 0.43828125 0.609375 0.03203125 0.1296875
3 0.378125 0.62265625 0.03359375 0.128125
3 0.390625 0.56171875 0.0265625 0.11484375
1 0.23359375 0.5234375 0.02734375 0.11875
3 0.75625 0.3546875 0.02109375 0.07734375
0 0.740625 0.3859375 0.01328125 0.021875