3 0.065625 0.65078125 0.034375 0.153125
1 0.14921875 0.44296875 0.021875 0.0953125
3 0.33984375 0.53046875 0.0265625 0.096875
3 0.353125 0.49921875 0.02890625 0.115625
3 0.37578125 0.48203125 0.01875 0.109375
3 0.521875 0.4296875 0.0375 0.096875
3 0.65390625 0.40390625 0.02265625 0.07890625
3 0.6984375 0.4625 0.0265625 0.096875
3 0.71328125 0.403125 0.02265625 0.07734375
3 0.7515625 0.34375 0.0203125 0.08046875
3 0.809375 0.46015625 0.025 0.08671875
3 0.8828125 0.42734375 0.0296875 0.09296875
3 0.8484375 0.38046875 0.028125 0.06953125
3 0.80390625 0.39921875 0.0265625 0.05703125
3 0.79453125 0.37578125 0.0171875 0.05390625
3 0.86328125 0.3328125 0.021875 0.06640625
2 0.78671875 0.31953125 0.02109375 0.07109375
2 0.7234375 0.52421875 0.0359375 0.109375