1 0.9828125 0.14609375 0.034375 0.08046875
3 0.52734375 0.2453125 0.034375 0.06953125
3 0.64921875 0.17421875 0.03671875 0.08984375
3 0.7265625 0.2109375 0.0421875 0.08203125
3 0.51328125 0.17578125 0.02734375 0.08203125
3 0.1703125 0.1625 0.03046875 0.0640625
3 0.15234375 0.27265625 0.03359375 0.10078125
3 0.42890625 0.42265625 0.03671875 0.11328125
3 0.115625 0.328125 0.03984375 0.11640625
3 0.553125 0.13515625 0.02734375 0.07421875
3 0.9078125 0.53046875 0.04296875 0.08359375
3 0.328125 0.29296875 0.0265625 0.0796875
3 0.4890625 0.1109375 0.01640625 0.04609375
3 0.42421875 0.20625 0.0265625 0.07109375
3 0.3328125 0.44765625 0.025 0.12890625
0 0.31484375 0.48125 0.0125 0.03046875