3 0.325 0.5625 0.0375 0.0984375
3 0.71171875 0.68125 0.03828125 0.15546875
3 0.83125 0.48203125 0.02890625 0.11171875
3 0.371875 0.78515625 0.0421875 0.1578125
3 0.50625 0.45859375 0.02578125 0.1125
3 0.1015625 0.659375 0.0390625 0.14140625
3 0.60234375 0.5921875 0.03203125 0.1296875
2 0.78984375 0.6578125 0.04140625 0.1421875
3 0.684375 0.396875 0.028125 0.10078125
3 0.9125 0.36796875 0.028125 0.090625
3 0.2796875 0.60234375 0.0265625 0.109375
3 0.94453125 0.37109375 0.02578125 0.09296875
3 0.25 0.54765625 0.03515625 0.1046875
1 0.5125 0.35625 0.02734375 0.084375
3 0.77109375 0.40859375 0.02265625 0.09375
3 0.76484375 0.36484375 0.0234375 0.0859375