3 0.16640625 0.925 0.0625 0.14453125
3 0.76484375 0.43671875 0.03125 0.1171875
3 0.78046875 0.603125 0.0375 0.1359375
3 0.13359375 0.42578125 0.0390625 0.10625
3 0.55390625 0.60078125 0.0359375 0.1265625
3 0.51796875 0.48125 0.03203125 0.10546875
3 0.5921875 0.58828125 0.03984375 0.13671875
3 0.3265625 0.5421875 0.046875 0.10234375
3 0.4953125 0.31328125 0.034375 0.0828125
3 0.196875 0.41953125 0.03046875 0.0984375
2 0.27890625 0.421875 0.0359375 0.1015625
3 0.52734375 0.65 0.0453125 0.11875
3 0.2890625 0.30546875 0.0234375 0.07734375
3 0.015625 0.59609375 0.03125 0.12421875
0 0.46328125 0.6921875 0.01484375 0.03203125