3 0.3734375 0.8140625 0.04140625 0.17109375
2 0.40859375 0.44140625 0.02578125 0.1078125
2 0.3078125 0.25078125 0.021875 0.06328125
3 0.1734375 0.3078125 0.0265625 0.09140625
3 0.1375 0.4 0.03046875 0.1078125
3 0.0828125 0.63828125 0.04140625 0.14375
3 0.4984375 0.4328125 0.02578125 0.109375
3 0.51875 0.35 0.02109375 0.08984375
3 0.55546875 0.40625 0.0234375 0.096875
3 0.3765625 0.2953125 0.0390625 0.06328125
3 0.39296875 0.36171875 0.0234375 0.08515625
3 0.4234375 0.32109375 0.0203125 0.08671875
3 0.4484375 0.2703125 0.01640625 0.07734375
3 0.478125 0.31015625 0.02421875 0.08359375
3 0.73359375 0.3359375 0.03125 0.08828125
3 0.7984375 0.38515625 0.03359375 0.115625
3 0.7578125 0.67734375 0.05 0.16328125