1 0.14140625 0.45625 0.02890625 0.09375
3 0.13046875 0.5625 0.021875 0.10625
3 0.1515625 0.56796875 0.021875 0.1140625
3 0.25078125 0.51875 0.0359375 0.1078125
3 0.28515625 0.4328125 0.02890625 0.06640625
3 0.28125 0.51796875 0.028125 0.10625
3 0.34296875 0.67265625 0.0328125 0.1265625
3 0.32734375 0.46875 0.02265625 0.1
3 0.34453125 0.47890625 0.0234375 0.0921875
3 0.3609375 0.46953125 0.021875 0.0921875
3 0.43203125 0.434375 0.025 0.08046875
3 0.44375 0.39765625 0.02109375 0.0765625
3 0.496875 0.3921875 0.0203125 0.07890625
3 0.5125 0.46640625 0.02578125 0.0890625
3 0.55546875 0.5265625 0.03828125 0.0984375
3 0.58671875 0.4328125 0.04296875 0.09609375
2 0.37890625 0.553125 0.0390625 0.1015625
2 0.653125 0.32578125 0.02421875 0.0625
3 0.840625 0.44609375 0.0328125 0.08203125
3 0.8453125 0.5421875 0.02578125 0.1125
0 0.815625 0.46953125 0.0125 0.0296875