3 0.24765625 0.6578125 0.040625 0.13515625
2 0.5703125 0.52265625 0.02890625 0.11171875
3 0.33203125 0.47890625 0.0359375 0.10859375
3 0.85625 0.465625 0.0328125 0.11171875
3 0.53671875 0.5359375 0.03125 0.1171875
3 0.6390625 0.46171875 0.0359375 0.10234375
3 0.984375 0.5703125 0.03125 0.1453125
3 0.50390625 0.76484375 0.0421875 0.15234375
3 0.32890625 0.6109375 0.0390625 0.12578125
3 0.74609375 0.38984375 0.02578125 0.08671875
3 0.4796875 0.415625 0.03046875 0.09453125
3 0.59765625 0.3421875 0.0234375 0.0828125
3 0.540625 0.45859375 0.02734375 0.08984375
3 0.37421875 0.35078125 0.0234375 0.08203125
3 0.13671875 0.675 0.040625 0.1453125
2 0.02421875 0.31171875 0.0234375 0.0734375