3 0.07890625 0.61171875 0.04375 0.125
3 0.2046875 0.6921875 0.05703125 0.1375
3 0.2625 0.615625 0.0484375 0.1234375
3 0.409375 0.50625 0.0296875 0.1046875
1 0.559375 0.38125 0.0234375 0.08671875
3 0.51484375 0.5921875 0.040625 0.11875
3 0.57109375 0.4375 0.03671875 0.09375
3 0.5640625 0.63203125 0.03828125 0.121875
3 0.62421875 0.42890625 0.03125 0.1015625
3 0.65390625 0.42734375 0.02109375 0.09296875
3 0.67890625 0.43984375 0.028125 0.0953125
3 0.72734375 0.40234375 0.03046875 0.08515625
3 0.75859375 0.38671875 0.0234375 0.09375
3 0.7765625 0.43984375 0.034375 0.08359375
3 0.8234375 0.4046875 0.0296875 0.09296875
3 0.9328125 0.5390625 0.0296875 0.115625
2 0.63828125 0.6109375 0.0421875 0.1234375