1 0.7359375 0.38203125 0.021875 0.0890625
3 0.23359375 0.9 0.05078125 0.18359375
3 0.8265625 0.79609375 0.0453125 0.1703125
3 0.5578125 0.4703125 0.03515625 0.11484375
3 0.81640625 0.62578125 0.0359375 0.1390625
3 0.6421875 0.5125 0.03359375 0.125
3 0.38046875 0.565625 0.0375 0.09140625
3 0.48125 0.47109375 0.03203125 0.11484375
3 0.31484375 0.5796875 0.0390625 0.121875
3 0.36953125 0.48359375 0.03203125 0.09453125
3 0.4515625 0.421875 0.028125 0.1125
3 0.3765625 0.40546875 0.02890625 0.0921875
3 0.1984375 0.40859375 0.025 0.0984375
3 0.175 0.5015625 0.03046875 0.11953125
3 0.3265625 0.415625 0.02890625 0.10078125
2 0.11640625 0.53984375 0.040625 0.1359375
0 0.325 0.61796875 0.01328125 0.0296875