2 0.7859375 0.64921875 0.046875 0.14140625
3 0.30703125 0.60703125 0.03671875 0.109375
3 0.16328125 0.675 0.040625 0.10390625
3 0.5515625 0.76015625 0.04921875 0.15390625
3 0.87265625 0.471875 0.0296875 0.10234375
3 0.73046875 0.4125 0.03359375 0.09453125
3 0.3703125 0.56484375 0.0390625 0.0890625
3 0.88125 0.58984375 0.0265625 0.1203125
3 0.575 0.4546875 0.03203125 0.103125
3 0.81015625 0.38203125 0.025 0.09765625
1 0.57890625 0.35703125 0.0265625 0.084375
3 0.25234375 0.70234375 0.03984375 0.146875
3 0.840625 0.384375 0.0265625 0.096875
3 0.2 0.63203125 0.02890625 0.1015625
3 0.18203125 0.603125 0.028125 0.10234375
0 0.36484375 0.59375 0.0140625 0.028125