2 0.2625 0.33515625 0.0359375 0.09140625
3 0.87109375 0.38203125 0.05625 0.11953125
3 0.77578125 0.54765625 0.06796875 0.1140625
3 0.52890625 0.52265625 0.0578125 0.1140625
3 0.5546875 0.2078125 0.0296875 0.08203125
3 0.3203125 0.2203125 0.03359375 0.090625
3 0.7453125 0.3265625 0.0453125 0.10703125
3 0.459375 0.31015625 0.0375 0.10078125
3 0.6921875 0.54921875 0.05546875 0.11640625
3 0.4296875 0.1609375 0.0265625 0.0625
3 0.05546875 0.384375 0.0484375 0.121875
0 0.553125 0.3921875 0.01875 0.0265625
3 0.10390625 0.19609375 0.03046875 0.084375