2 0.32734375 0.2671875 0.021875 0.06171875
2 0.6625 0.434375 0.03203125 0.09375
3 0.0921875 0.571875 0.0265625 0.125
3 0.2546875 0.384375 0.0234375 0.08046875
3 0.259375 0.6046875 0.03671875 0.1203125
3 0.23515625 0.8828125 0.04140625 0.1453125
3 0.38984375 0.60234375 0.0234375 0.11875
3 0.525 0.30078125 0.01796875 0.06484375
0 0.2796875 0.41328125 0.009375 0.028125
3 0.4515625 0.74453125 0.04453125 0.1375
3 0.47734375 0.4609375 0.021875 0.07578125
3 0.48828125 0.43359375 0.021875 0.08046875
3 0.68671875 0.37421875 0.02421875 0.07578125
3 0.9328125 0.46953125 0.03359375 0.08515625
3 0.9421875 0.8703125 0.0421875 0.16640625