3 0.75859375 0.38359375 0.02578125 0.08671875
3 0.6828125 0.796875 0.04921875 0.15078125
3 0.69765625 0.4546875 0.0265625 0.1046875
3 0.5234375 0.58125 0.02890625 0.1171875
3 0.57734375 0.33359375 0.01953125 0.07734375
3 0.89296875 0.40703125 0.02265625 0.09296875
3 0.1515625 0.63125 0.03515625 0.125
3 0.60078125 0.36875 0.021875 0.084375
3 0.51484375 0.35703125 0.02109375 0.08515625
2 0.55 0.47265625 0.02421875 0.10078125
3 0.48359375 0.446875 0.02109375 0.09296875
3 0.471875 0.38203125 0.02109375 0.09140625
1 0.203125 0.33203125 0.021875 0.08125
3 0.5421875 0.34453125 0.0234375 0.0859375
3 0.48203125 0.36484375 0.02109375 0.08515625
3 0.55 0.32890625 0.02109375 0.084375
0 0.6984375 0.79140625 0.0234375 0.03984375