3 0.4921875 0.49609375 0.05625 0.1453125
3 0.115625 0.509375 0.07421875 0.13125
3 0.71796875 0.459375 0.0375 0.13515625
3 0.809375 0.4453125 0.03515625 0.14296875
3 0.76328125 0.4578125 0.04765625 0.1546875
3 0.30546875 0.390625 0.0359375 0.12578125
3 0.409375 0.5875 0.04296875 0.15
2 0.18671875 0.440625 0.040625 0.14140625
0 0.3171875 0.5375 0.0125 0.02890625
3 0.009375 0.41328125 0.01875 0.1171875
3 0.57265625 0.49375 0.04609375 0.15625
3 0.6328125 0.425 0.04140625 0.1328125
3 0.38203125 0.46875 0.03046875 0.1015625
3 0.8390625 0.5203125 0.03828125 0.13125
3 0.4375 0.5796875 0.03984375 0.1375
3 0.61328125 0.5546875 0.046875 0.1078125