2 0.21640625 0.49765625 0.04609375 0.11796875
3 0.4390625 0.753125 0.0625 0.17109375
3 0.6953125 0.603125 0.0578125 0.13046875
3 0.28984375 0.56015625 0.0515625 0.12890625
3 0.390625 0.534375 0.0515625 0.134375
3 0.63671875 0.528125 0.04765625 0.11875
3 0.8671875 0.5140625 0.05 0.13046875
3 0.93046875 0.58203125 0.0515625 0.13203125
3 0.11015625 0.46015625 0.0484375 0.11171875
3 0.5234375 0.6421875 0.0515625 0.14609375
3 0.690625 0.48203125 0.04296875 0.11484375
3 0.8078125 0.521875 0.05 0.1234375
3 0.2609375 0.40078125 0.01875 0.06953125
3 0.3203125 0.44453125 0.034375 0.10078125
3 0.9828125 0.55390625 0.034375 0.1296875
0 0.24140625 0.42109375 0.01640625 0.01953125
3 0.284375 0.38671875 0.02734375 0.05859375