0 0.6921875 0.7296875 0.0203125 0.03984375
2 0.20859375 0.45703125 0.0359375 0.1265625
3 0.7984375 0.21640625 0.02109375 0.08359375
3 0.7515625 0.37734375 0.034375 0.08515625
3 0.73046875 0.45390625 0.03359375 0.1046875
3 0.709375 0.67421875 0.04453125 0.1515625
3 0.415625 0.94921875 0.0421875 0.1015625
3 0.49609375 0.7171875 0.04453125 0.18046875
3 0.4203125 0.65390625 0.04375 0.153125
3 0.30859375 0.56796875 0.0375 0.1140625
3 0.18984375 0.8 0.0484375 0.15625
3 0.28515625 0.390625 0.0359375 0.1015625
3 0.29453125 0.2171875 0.021875 0.07578125
3 0.1578125 0.2328125 0.021875 0.07421875
3 0.06171875 0.23984375 0.02421875 0.08203125
3 0.25 0.13125 0.02265625 0.07421875