3 0.62109375 0.30703125 0.03828125 0.084375
2 0.5609375 0.5359375 0.04609375 0.11796875
3 0.684375 0.46015625 0.05 0.11953125
3 0.7328125 0.34375 0.04140625 0.08984375
3 0.1421875 0.54765625 0.04609375 0.1328125
3 0.84453125 0.446875 0.0453125 0.11796875
3 0.37109375 0.321875 0.0328125 0.1015625
3 0.95 0.38359375 0.03828125 0.10625
3 0.46171875 0.38203125 0.0328125 0.11484375
3 0.27734375 0.88515625 0.071875 0.18046875
3 0.19296875 0.4578125 0.03125 0.12578125
3 0.48984375 0.26171875 0.03046875 0.08125
3 0.9421875 0.26796875 0.03359375 0.0890625
3 0.48671875 0.47421875 0.03359375 0.1078125
3 0.5296875 0.37734375 0.028125 0.09375
3 0.11484375 0.47734375 0.0328125 0.115625
3 0.2453125 0.41328125 0.03125 0.1140625
3 0.56484375 0.39921875 0.03125 0.0890625
3 0.55703125 0.440625 0.0265625 0.09453125
2 0.57265625 0.19765625 0.02265625 0.065625
0 0.70234375 0.471875 0.01484375 0.025