0 0.3609375 0.7671875 0.01875 0.03359375
3 0.35390625 0.81484375 0.046875 0.16015625
3 0.29921875 0.60546875 0.04765625 0.134375
3 0.08359375 0.3828125 0.0375 0.1203125
3 0.20546875 0.33125 0.040625 0.1125
3 0.25078125 0.22734375 0.03125 0.1
3 0.4453125 0.27734375 0.0296875 0.096875
3 0.46015625 0.4953125 0.03359375 0.1328125
3 0.6984375 0.49375 0.04140625 0.1359375
3 0.575 0.31015625 0.02265625 0.07734375
3 0.6828125 0.25390625 0.03046875 0.08828125
3 0.66875 0.15390625 0.01796875 0.07265625
3 0.55625 0.103125 0.0171875 0.05859375
3 0.4515625 0.140625 0.021875 0.06484375
3 0.853125 0.12421875 0.021875 0.06953125
3 0.990625 0.22265625 0.01796875 0.09375