0 0.73515625 0.4390625 0.0140625 0.03046875
3 0.06953125 0.39765625 0.0375 0.109375
3 0.15703125 0.3 0.0359375 0.08828125
3 0.56796875 0.45703125 0.0359375 0.11484375
3 0.01953125 0.440625 0.034375 0.115625
3 0.45390625 0.68515625 0.0484375 0.14921875
3 0.2265625 0.3046875 0.02890625 0.08984375
3 0.6671875 0.359375 0.03359375 0.0984375
3 0.87890625 0.38203125 0.0375 0.10625
3 0.246875 0.3765625 0.03046875 0.1046875
3 0.10859375 0.35 0.0359375 0.11015625
3 0.85546875 0.421875 0.040625 0.10390625
3 0.64453125 0.415625 0.03359375 0.096875
3 0.865625 0.6109375 0.05390625 0.14609375
3 0.61484375 0.39765625 0.0359375 0.09453125
3 0.7 0.4734375 0.0390625 0.10703125
2 0.45078125 0.43828125 0.0296875 0.08359375
3 0.99140625 0.478125 0.01328125 0.12265625
3 0.45234375 0.40703125 0.025 0.09296875