3 0.06953125 0.76171875 0.06875 0.190625
3 0.97578125 0.31171875 0.0484375 0.1015625
3 0.9265625 0.20078125 0.05390625 0.13359375
3 0.75 0.08671875 0.03359375 0.09375
3 0.42890625 0.5296875 0.06015625 0.1359375
3 0.6765625 0.20078125 0.04453125 0.1125
3 0.7 0.378125 0.05 0.13125
3 0.75703125 0.2546875 0.04375 0.125
3 0.846875 0.1390625 0.04140625 0.103125
3 0.55 0.02890625 0.03125 0.0578125
3 0.0625 0.13359375 0.04296875 0.10390625
3 0.54921875 0.5125 0.05234375 0.13828125
3 0.3296875 0.3203125 0.0453125 0.13125
3 0.09375 0.20546875 0.046875 0.11328125
0 0.79453125 0.4390625 0.01875 0.0265625
3 0.278125 0.38671875 0.04296875 0.153125
2 0.5765625 0.428125 0.0328125 0.16484375