3 0.1890625 0.74375 0.0328125 0.17578125
3 0.07265625 0.5296875 0.03984375 0.1390625
3 0.02265625 0.41484375 0.0359375 0.1171875
3 0.10390625 0.37578125 0.03125 0.10625
3 0.13046875 0.4078125 0.0390625 0.115625
3 0.2609375 0.35078125 0.02265625 0.09140625
3 0.4875 0.3078125 0.0234375 0.08515625
3 0.51796875 0.31484375 0.02890625 0.1046875
3 0.5453125 0.321875 0.02578125 0.1
3 0.6109375 0.40703125 0.0296875 0.0984375
3 0.646875 0.38359375 0.0296875 0.1125
3 0.696875 0.54921875 0.03203125 0.1359375
3 0.75234375 0.4046875 0.03671875 0.1296875
2 0.428125 0.3890625 0.04140625 0.1109375