3 0.4125 0.7453125 0.046875 0.13984375
3 0.4078125 0.5265625 0.02890625 0.1078125
1 0.71640625 0.36796875 0.02421875 0.078125
3 0.24140625 0.47890625 0.02890625 0.10703125
3 0.29296875 0.4203125 0.025 0.08515625
3 0.65625 0.86640625 0.0390625 0.16796875
3 0.021875 0.54453125 0.0296875 0.11015625
3 0.13515625 0.41171875 0.02421875 0.0859375
3 0.1203125 0.7765625 0.0421875 0.16328125
3 0.55625 0.36328125 0.01875 0.07734375
3 0.6625 0.49921875 0.025 0.109375
0 0.62890625 0.38984375 0.009375 0.0234375