3 0.68359375 0.5046875 0.0453125 0.1
3 0.28359375 0.790625 0.0421875 0.1859375
3 0.0203125 0.4796875 0.03125 0.109375
3 0.9421875 0.521875 0.0375 0.12890625
3 0.15546875 0.3453125 0.021875 0.08359375
3 0.1546875 0.51015625 0.03359375 0.1203125
3 0.50546875 0.40546875 0.02578125 0.1015625
3 0.29375 0.40859375 0.02578125 0.09609375
3 0.68671875 0.41796875 0.02890625 0.10234375
3 0.4765625 0.35546875 0.0234375 0.08984375
3 0.79609375 0.35078125 0.0328125 0.0953125
2 0.04296875 0.5875 0.03359375 0.1375
3 0.10546875 0.278125 0.01953125 0.0640625
0 0.6453125 0.4390625 0.0125 0.03046875