2 0.1828125 0.53984375 0.03515625 0.0921875
1 0.34609375 0.43359375 0.0328125 0.06640625
3 0.93046875 0.65859375 0.0546875 0.12890625
3 0.621875 0.5390625 0.0140625 0.09921875
0 0.81640625 0.70078125 0.021875 0.02890625
3 0.09921875 0.446875 0.03359375 0.0890625
3 0.02578125 0.4265625 0.0296875 0.06875
3 0.14921875 0.4640625 0.01171875 0.0984375
3 0.15234375 0.59609375 0.04140625 0.11484375
3 0.23203125 0.471875 0.01796875 0.0890625
3 0.3109375 0.540625 0.03203125 0.1
3 0.340625 0.5046875 0.03046875 0.06875
3 0.1671875 0.4484375 0.01875 0.08125
3 0.18671875 0.46171875 0.01875 0.06484375
3 0.30390625 0.4609375 0.02265625 0.075
3 0.61015625 0.5375 0.0140625 0.1046875