3 0.046875 0.890625 0.0578125 0.2125
2 0.2140625 0.21640625 0.02578125 0.06640625
2 0.190625 0.49375 0.0328125 0.12890625
3 0.14765625 0.46328125 0.0359375 0.1203125
3 0.45390625 0.284375 0.0265625 0.08359375
3 0.8453125 0.3515625 0.034375 0.11015625
3 0.93125 0.6265625 0.03828125 0.159375
3 0.68046875 0.475 0.03671875 0.115625
3 0.45546875 0.4375 0.0328125 0.11875
3 0.20546875 0.2953125 0.025 0.0734375
3 0.51015625 0.2515625 0.03203125 0.07890625
3 0.15078125 0.2578125 0.02734375 0.0828125
3 0.20859375 0.35703125 0.028125 0.08671875
3 0.321875 0.2359375 0.025 0.07265625
0 0.66328125 0.53359375 0.01640625 0.0328125