3 0.1671875 0.56484375 0.0578125 0.1546875
3 0.15390625 0.4203125 0.03046875 0.12265625
3 0.56328125 0.5484375 0.040625 0.14609375
2 0.28828125 0.4 0.0296875 0.115625
3 0.35546875 0.359375 0.03359375 0.11015625
3 0.7875 0.575 0.03359375 0.15703125
3 0.55078125 0.415625 0.03671875 0.09921875
0 0.43828125 0.42421875 0.0125 0.03125
3 0.09921875 0.41171875 0.02734375 0.1203125
3 0.52421875 0.39140625 0.03671875 0.0609375
3 0.84765625 0.44140625 0.028125 0.13203125
3 0.253125 0.3546875 0.02265625 0.09453125
3 0.55859375 0.3953125 0.03125 0.134375
3 0.45625 0.39453125 0.03671875 0.1140625