3 0.5546875 0.85234375 0.0609375 0.18671875
3 0.484375 0.6046875 0.059375 0.15234375
1 0.88125 0.18046875 0.0234375 0.08359375
3 0.6703125 0.546875 0.0484375 0.14765625
3 0.43125 0.3015625 0.03203125 0.096875
3 0.5515625 0.32578125 0.040625 0.115625
3 0.27578125 0.34296875 0.02890625 0.1015625
3 0.45234375 0.2359375 0.02890625 0.0953125
3 0.13359375 0.20078125 0.02734375 0.08203125
3 0.30625 0.21171875 0.02890625 0.08203125
3 0.228125 0.28203125 0.028125 0.09296875
3 0.359375 0.1875 0.02734375 0.078125
3 0.19296875 0.25625 0.02578125 0.09375
3 0.03359375 0.1171875 0.0234375 0.06640625
2 0.21171875 0.259375 0.02265625 0.0984375
0 0.56796875 0.88046875 0.0140625 0.03515625