3 0.7640625 0.46953125 0.0375 0.11953125
3 0.634375 0.32578125 0.02890625 0.10703125
3 0.53359375 0.3953125 0.03125 0.11328125
2 0.16875 0.48515625 0.03359375 0.12578125
3 0.2109375 0.66015625 0.04609375 0.15
3 0.31796875 0.25859375 0.02109375 0.0828125
3 0.25078125 0.35234375 0.03125 0.1
3 0.76484375 0.67890625 0.04296875 0.171875
3 0.34140625 0.2703125 0.02109375 0.08671875
3 0.4 0.4578125 0.03046875 0.11875
3 0.06796875 0.29609375 0.02890625 0.090625
0 0.78203125 0.5453125 0.01484375 0.03359375
3 0.0078125 0.54453125 0.015625 0.11875
3 0.15078125 0.378125 0.021875 0.0984375
3 0.12890625 0.35234375 0.02265625 0.0921875