3 0.2875 0.3484375 0.02578125 0.07734375
0 0.2640625 0.37734375 0.01015625 0.0203125
2 0.17421875 0.46953125 0.0296875 0.1125
3 0.07109375 0.52578125 0.040625 0.121875
3 0.2625 0.5234375 0.03046875 0.1203125
3 0.36484375 0.59375 0.0359375 0.1390625
3 0.44296875 0.575 0.03203125 0.14375
3 0.58359375 0.459375 0.03125 0.09375
3 0.66875 0.47890625 0.02890625 0.1125
3 0.75390625 0.50546875 0.01796875 0.103125
3 0.76796875 0.51796875 0.021875 0.109375
1 0.778125 0.49765625 0.02578125 0.10625
3 0.575 0.56328125 0.0328125 0.1015625
3 0.5921875 0.55859375 0.028125 0.1140625
3 0.60546875 0.540625 0.0234375 0.109375
3 0.62265625 0.540625 0.028125 0.121875
3 0.64375 0.53984375 0.01640625 0.0984375
3 0.6578125 0.53359375 0.03125 0.1078125