3 0.16484375 0.5421875 0.0390625 0.11796875
3 0.0703125 0.45546875 0.03515625 0.10625
3 0.571875 0.4609375 0.03671875 0.09375
3 0.5359375 0.3140625 0.025 0.09375
3 0.74765625 0.3703125 0.02890625 0.109375
3 0.65234375 0.625 0.03515625 0.13203125
3 0.37265625 0.34140625 0.0296875 0.09140625
3 0.66484375 0.4484375 0.028125 0.09921875
3 0.0515625 0.30859375 0.0234375 0.084375
3 0.9453125 0.48046875 0.03125 0.1171875
3 0.9609375 0.29921875 0.02578125 0.09296875
3 0.3265625 0.79921875 0.065625 0.15859375
3 0.66484375 0.5453125 0.02734375 0.12578125
2 0.13671875 0.4859375 0.02734375 0.12109375