1 0.7140625 0.32109375 0.0234375 0.07421875
2 0.34296875 0.14765625 0.028125 0.0765625
3 0.475 0.41796875 0.0359375 0.07734375
3 0.27890625 0.34765625 0.02578125 0.08359375
3 0.25390625 0.584375 0.04375 0.084375
3 0.5421875 0.25546875 0.0375 0.0828125
3 0.503125 0.325 0.02578125 0.07421875
3 0.4375 0.234375 0.02578125 0.0828125
3 0.02578125 0.05 0.0234375 0.08046875
3 0.50859375 0.16015625 0.01796875 0.06328125
3 0.51796875 0.21171875 0.01875 0.07734375
3 0.46171875 0.153125 0.021875 0.07734375
3 0.4984375 0.240625 0.021875 0.07578125
0 0.61015625 0.415625 0.0140625 0.03125
0 0.6140625 0.4125 0.01328125 0.03046875