1 0.16484375 0.46875 0.028125 0.115625
3 0.21171875 0.5296875 0.021875 0.1234375
3 0.2390625 0.59140625 0.03359375 0.1203125
3 0.28203125 0.5015625 0.03984375 0.1296875
3 0.3421875 0.53671875 0.03828125 0.1296875
3 0.51796875 0.525 0.03203125 0.1390625
3 0.38203125 0.47421875 0.0265625 0.1125
3 0.57109375 0.47265625 0.03125 0.109375
3 0.6 0.403125 0.0265625 0.0953125
3 0.62109375 0.35546875 0.0234375 0.08515625
3 0.6453125 0.33203125 0.021875 0.07421875
3 0.69140625 0.334375 0.01484375 0.06328125
3 0.69375 0.37890625 0.01796875 0.1
3 0.7125 0.47734375 0.03046875 0.10625
3 0.9796875 0.36796875 0.025 0.09375
0 0.709375 0.36328125 0.01875 0.0296875
2 0.7359375 0.3125 0.02421875 0.07890625
2 0.61796875 0.55234375 0.028125 0.1390625