3 0.22890625 0.403125 0.02890625 0.10390625
3 0.79296875 0.6625 0.04140625 0.12734375
3 0.07890625 0.62421875 0.034375 0.13671875
3 0.2875 0.696875 0.04296875 0.1484375
3 0.05234375 0.525 0.03125 0.11015625
3 0.6078125 0.396875 0.0296875 0.1125
3 0.721875 0.39375 0.0328125 0.1078125
3 0.790625 0.4875 0.03046875 0.1234375
3 0.1984375 0.43359375 0.03046875 0.09453125
3 0.35703125 0.44296875 0.028125 0.10546875
0 0.7703125 0.5375 0.015625 0.02890625
3 0.4046875 0.3703125 0.03203125 0.09296875
2 0.275 0.471875 0.0390625 0.1015625