2 0.49375 0.2546875 0.02265625 0.08671875
2 0.64296875 0.4765625 0.04140625 0.1296875
3 0.18828125 0.4125 0.02890625 0.115625
3 0.17734375 0.64453125 0.03203125 0.140625
3 0.3421875 0.884375 0.06015625 0.17265625
3 0.3625 0.3328125 0.02890625 0.09140625
3 0.48046875 0.3859375 0.03359375 0.0953125
3 0.48359375 0.315625 0.0234375 0.07890625
3 0.6890625 0.33515625 0.02890625 0.08671875
3 0.61640625 0.38125 0.028125 0.1078125
3 0.6109375 0.4640625 0.02890625 0.103125
3 0.63828125 0.40078125 0.02421875 0.08515625
3 0.73046875 0.41171875 0.03203125 0.1140625
3 0.83046875 0.54375 0.03828125 0.128125
3 0.80625 0.6234375 0.02890625 0.1484375