2 0.596875 0.41171875 0.03203125 0.09765625
3 0.4140625 0.72734375 0.05546875 0.15234375
3 0.53203125 0.77890625 0.0515625 0.15234375
3 0.74140625 0.43515625 0.0421875 0.10390625
3 0.671875 0.54921875 0.04609375 0.11015625
3 0.82734375 0.36796875 0.034375 0.08515625
3 0.78671875 0.37421875 0.034375 0.08515625
3 0.47109375 0.4875 0.0375 0.11015625
3 0.9796875 0.4359375 0.040625 0.11484375
3 0.9796875 0.57890625 0.040625 0.128125
3 0.2796875 0.54296875 0.03984375 0.125
3 0.18671875 0.5640625 0.0390625 0.13203125
3 0.2015625 0.4171875 0.034375 0.103125
3 0.84375 0.47890625 0.03828125 0.0859375
3 0.378125 0.33515625 0.028125 0.07734375
3 0.56328125 0.5 0.034375 0.1046875
3 0.4453125 0.32734375 0.025 0.07421875
3 0.828125 0.55390625 0.03359375 0.0890625
0 0.5453125 0.0640625 0.0171875 0.03515625