3 0.878125 0.44453125 0.03359375 0.10625
3 0.3921875 0.67265625 0.046875 0.12578125
2 0.83828125 0.63359375 0.04140625 0.1390625
3 0.3140625 0.66796875 0.04609375 0.12109375
0 0.63828125 0.79609375 0.01796875 0.0328125
3 0.640625 0.6140625 0.03671875 0.13359375
3 0.92734375 0.61875 0.03046875 0.128125
3 0.3015625 0.5671875 0.03359375 0.1125
3 0.69765625 0.75234375 0.046875 0.13515625
3 0.47578125 0.48203125 0.03125 0.1140625
3 0.63671875 0.39453125 0.02890625 0.10859375
3 0.575 0.5515625 0.03671875 0.12578125
3 0.22890625 0.57890625 0.03515625 0.10703125
3 0.71328125 0.365625 0.03203125 0.1015625
1 0.38515625 0.35625 0.02734375 0.0890625
2 0.990625 0.24453125 0.01796875 0.075