3 0.13515625 0.721875 0.0453125 0.165625
3 0.909375 0.496875 0.0390625 0.115625
3 0.89609375 0.68046875 0.034375 0.1515625
3 0.1625 0.50078125 0.0328125 0.11484375
3 0.48203125 0.38359375 0.0296875 0.08828125
3 0.4921875 0.48828125 0.0296875 0.11171875
2 0.26171875 0.30703125 0.028125 0.08203125
3 0.0765625 0.5390625 0.04140625 0.1359375
3 0.37265625 0.34609375 0.03515625 0.07890625
3 0.93359375 0.35390625 0.0265625 0.090625
3 0.42890625 0.38359375 0.02734375 0.10078125
3 0.78984375 0.41953125 0.02578125 0.0984375
3 0.14921875 0.38046875 0.02890625 0.09921875
3 0.54453125 0.35 0.0234375 0.078125
0 0.39609375 0.37421875 0.0109375 0.025
3 0.76171875 0.39296875 0.0234375 0.084375
2 0.7515625 0.4421875 0.02734375 0.1046875