3 0.1984375 0.45859375 0.04296875 0.125
3 0.0859375 0.26796875 0.03671875 0.103125
3 0.40234375 0.1046875 0.0265625 0.06796875
3 0.31953125 0.44453125 0.046875 0.11640625
3 0.425 0.48515625 0.0453125 0.11953125
3 0.35 0.28984375 0.03515625 0.096875
3 0.59765625 0.14375 0.03359375 0.07421875
3 0.36171875 0.15703125 0.0296875 0.07734375
3 0.24453125 0.15546875 0.02578125 0.0859375
3 0.92734375 0.15078125 0.03046875 0.084375
3 0.90703125 0.16796875 0.0328125 0.07421875
3 0.54140625 0.353125 0.03828125 0.1015625
3 0.68984375 0.3109375 0.025 0.09140625
3 0.5390625 0.225 0.0265625 0.084375
2 0.521875 0.30546875 0.03515625 0.09296875
3 0.98515625 0.66328125 0.02890625 0.16875
3 0.60234375 0.23203125 0.0390625 0.08828125