3 0.6703125 0.0578125 0.0296875 0.07421875
3 0.30078125 0.2515625 0.0359375 0.115625
3 0.37890625 0.39765625 0.0375 0.11796875
3 0.5109375 0.52109375 0.04453125 0.140625
3 0.4671875 0.103125 0.02265625 0.06328125
3 0.3515625 0.05859375 0.025 0.06875
3 0.33203125 0.46484375 0.04296875 0.1328125
3 0.603125 0.5078125 0.03125 0.14375
3 0.021875 0.21015625 0.04375 0.1109375
3 0.37265625 0.17734375 0.0265625 0.08359375
3 0.7125 0.25703125 0.02890625 0.096875
3 0.07734375 0.13984375 0.0390625 0.10703125
3 0.56796875 0.21171875 0.0328125 0.11875
3 0.98671875 0.11328125 0.02578125 0.1171875
3 0.71484375 0.64765625 0.05625 0.0953125
2 0.6171875 0.45234375 0.0296875 0.1484375