3 0.76171875 0.4296875 0.05703125 0.1046875
3 0.484375 0.58203125 0.05390625 0.1453125
3 0.03515625 0.8015625 0.05 0.18671875
3 0.27890625 0.38359375 0.03125 0.09453125
3 0.96171875 0.6890625 0.0640625 0.171875
3 0.5046875 0.43828125 0.046875 0.1125
3 0.02578125 0.49296875 0.03359375 0.1171875
0 0.73515625 0.45859375 0.0140625 0.0390625
2 0.3 0.5203125 0.03125 0.12265625
2 0.11875 0.328125 0.0328125 0.08671875
3 0.01171875 0.42734375 0.01953125 0.12421875
0 0.7296875 0.45078125 0.01953125 0.04296875
3 0.3484375 0.3453125 0.03359375 0.0953125