3 0.09296875 0.74140625 0.04921875 0.146875
3 0.09375 0.65390625 0.03828125 0.128125
3 0.21796875 0.58046875 0.0328125 0.1234375
3 0.284375 0.603125 0.03203125 0.1328125
1 0.52578125 0.38125 0.03828125 0.08671875
3 0.57734375 0.621875 0.04765625 0.1359375
3 0.59140625 0.43125 0.0421875 0.096875
3 0.85 0.3796875 0.03828125 0.09296875
3 0.6421875 0.52109375 0.0359375 0.09140625
3 0.74296875 0.37890625 0.0359375 0.096875
3 0.66796875 0.67578125 0.04765625 0.1359375
3 0.82734375 0.56875 0.03984375 0.128125
3 0.91015625 0.41484375 0.04453125 0.1078125
3 0.6640625 0.40390625 0.028125 0.07890625
3 0.63359375 0.4078125 0.0296875 0.1
3 0.7078125 0.42109375 0.0421875 0.09296875
2 0.7390625 0.59453125 0.034375 0.134375