3 0.2640625 0.628125 0.06796875 0.1515625
3 0.48125 0.5875 0.05703125 0.140625
3 0.4421875 0.40234375 0.0390625 0.1125
3 0.3890625 0.315625 0.03359375 0.1125
3 0.5046875 0.321875 0.02890625 0.1
3 0.228125 0.37734375 0.0296875 0.09375
0 0.2265625 0.4390625 0.01875 0.0296875
3 0.60703125 0.4 0.028125 0.1078125
3 0.68046875 0.2828125 0.025 0.09375
3 0.75078125 0.353125 0.0375 0.1078125
3 0.778125 0.3234375 0.02890625 0.1
3 0.8046875 0.30390625 0.028125 0.0984375
3 0.91796875 0.66171875 0.04921875 0.1515625
2 0.52265625 0.2375 0.02421875 0.07734375
2 0.93828125 0.43671875 0.0421875 0.1234375