3 0.8078125 0.6296875 0.05234375 0.140625
2 0.98125 0.421875 0.0375 0.10546875
3 0.053125 0.68984375 0.0609375 0.1796875
3 0.83671875 0.74453125 0.05625 0.1640625
3 0.92109375 0.36015625 0.0421875 0.0953125
3 0.44140625 0.37734375 0.040625 0.1
3 0.76015625 0.2140625 0.02890625 0.065625
3 0.6203125 0.4328125 0.03984375 0.10859375
3 0.57890625 0.49609375 0.04453125 0.11953125
3 0.61328125 0.54609375 0.0375 0.12578125
3 0.784375 0.28125 0.034375 0.08828125
3 0.734375 0.2640625 0.02890625 0.0796875
0 0.46953125 0.4078125 0.01171875 0.02734375