2 0.1046875 0.44375 0.0265625 0.103125
3 0.26796875 0.67734375 0.04375 0.14140625
3 0.5875 0.59375 0.0296875 0.128125
3 0.16484375 0.48828125 0.0359375 0.10859375
1 0.8578125 0.4859375 0.028125 0.1109375
3 0.20546875 0.5875 0.03671875 0.12578125
3 0.615625 0.515625 0.03515625 0.12265625
3 0.51015625 0.5171875 0.040625 0.1171875
3 0.68828125 0.55078125 0.0328125 0.12734375
3 0.409375 0.52109375 0.03203125 0.1078125
3 0.23828125 0.4671875 0.02890625 0.103125
3 0.38671875 0.4453125 0.03046875 0.0875
3 0.3171875 0.45546875 0.0265625 0.09296875
3 0.534375 0.46875 0.028125 0.11015625
3 0.28046875 0.42109375 0.0234375 0.084375