3 0.66796875 0.609375 0.05546875 0.13828125
3 0.7953125 0.52265625 0.0578125 0.1203125
3 0.45 0.5609375 0.0609375 0.1328125
1 0.4265625 0.228125 0.0359375 0.084375
3 0.0765625 0.2375 0.04609375 0.1015625
3 0.5515625 0.43828125 0.05546875 0.11015625
0 0.52890625 0.49140625 0.0234375 0.0328125
3 0.14921875 0.30859375 0.0515625 0.1140625
3 0.378125 0.4328125 0.0453125 0.140625
3 0.01875 0.240625 0.03671875 0.0984375
3 0.6984375 0.47734375 0.04140625 0.075
3 0.2765625 0.3 0.0296875 0.10390625
3 0.653125 0.3921875 0.0453125 0.12109375
3 0.21640625 0.26328125 0.03515625 0.1125
3 0.24921875 0.2875 0.0265625 0.10625