1 0.953125 0.46015625 0.03203125 0.1140625
3 0.47265625 0.86484375 0.05390625 0.18515625
3 0.0703125 0.66875 0.05390625 0.1453125
3 0.07109375 0.50390625 0.05390625 0.10625
3 0.5546875 0.58671875 0.034375 0.140625
3 0.48203125 0.48984375 0.04375 0.13046875
3 0.10390625 0.42421875 0.0296875 0.0953125
3 0.3484375 0.390625 0.03203125 0.08984375
3 0.3203125 0.3734375 0.02734375 0.09296875
3 0.07109375 0.6 0.0484375 0.121875
0 0.33125 0.41171875 0.0125 0.02734375
3 0.01484375 0.46796875 0.028125 0.11171875