3 0.7734375 0.7828125 0.06640625 0.17421875
2 0.04609375 0.41171875 0.03046875 0.10859375
1 0.803125 0.36015625 0.03046875 0.10078125
3 0.4859375 0.4296875 0.034375 0.1109375
3 0.28515625 0.4015625 0.02734375 0.10078125
3 0.29921875 0.5375 0.04453125 0.09609375
3 0.31953125 0.421875 0.02890625 0.1015625
3 0.66328125 0.53203125 0.0390625 0.12421875
3 0.15546875 0.62578125 0.03828125 0.13203125
3 0.203125 0.36640625 0.0296875 0.0953125
3 0.359375 0.36796875 0.02578125 0.090625
3 0.165625 0.3375 0.02421875 0.0890625
3 0.35546875 0.5109375 0.03515625 0.12265625
3 0.03828125 0.29609375 0.02109375 0.07578125
3 0.403125 0.38359375 0.02734375 0.0984375
0 0.17265625 0.66640625 0.01328125 0.028125