3 0.91796875 0.74453125 0.05703125 0.17578125
3 0.13125 0.41640625 0.040625 0.1125
3 0.97265625 0.509375 0.0375 0.13984375
3 0.66484375 0.5421875 0.03359375 0.13125
3 0.84609375 0.378125 0.03671875 0.1
3 0.05390625 0.5515625 0.0421875 0.13515625
3 0.45546875 0.42890625 0.03046875 0.1078125
3 0.7640625 0.39140625 0.02578125 0.10390625
3 0.02421875 0.7609375 0.04765625 0.215625
3 0.33125 0.33515625 0.025 0.0890625
3 0.09921875 0.3953125 0.028125 0.11484375
3 0.459375 0.3609375 0.0234375 0.07578125
3 0.3859375 0.33515625 0.03046875 0.0859375
3 0.696875 0.334375 0.021875 0.07265625
3 0.009375 0.49296875 0.01796875 0.1421875
2 0.66171875 0.4796875 0.02421875 0.11015625
2 0.30546875 0.3125 0.02421875 0.084375