1 0.1109375 0.45390625 0.025 0.1390625
2 0.59296875 0.5546875 0.0359375 0.146875
0 0.4953125 0.359375 0.01015625 0.03125
2 0.62109375 0.2875 0.025 0.08828125
3 0.703125 0.35546875 0.02578125 0.103125
3 0.7671875 0.47265625 0.03984375 0.128125
3 0.83046875 0.43671875 0.040625 0.1328125
3 0.52109375 0.475 0.03359375 0.1140625
3 0.40234375 0.58671875 0.03359375 0.1484375
3 0.32734375 0.42109375 0.03125 0.1140625
3 0.3 0.453125 0.028125 0.11875
3 0.221875 0.48203125 0.03125 0.1375
3 0.18203125 0.5375 0.0234375 0.121875
3 0.2 0.503125 0.02578125 0.1390625
3 0.5515625 0.4203125 0.0328125 0.096875