1 0.6171875 0.475 0.02890625 0.09375
3 0.13671875 0.47265625 0.0359375 0.11484375
3 0.6625 0.6078125 0.03828125 0.121875
3 0.02890625 0.596875 0.03515625 0.1421875
3 0.50625 0.509375 0.03203125 0.109375
3 0.45859375 0.48828125 0.03203125 0.1125
2 0.08046875 0.61484375 0.03984375 0.1375
3 0.359375 0.4796875 0.0296875 0.109375
3 0.3921875 0.553125 0.02578125 0.103125
3 0.39765625 0.4796875 0.0265625 0.09453125
3 0.42578125 0.4953125 0.028125 0.1109375
3 0.7234375 0.615625 0.04375 0.12109375
0 0.7515625 0.65703125 0.02265625 0.03671875
3 0.70625 0.56953125 0.03046875 0.1390625