3 0.2125 0.72265625 0.05390625 0.140625
3 0.40703125 0.471875 0.0296875 0.1078125
3 0.2078125 0.59375 0.028125 0.11015625
3 0.5328125 0.4109375 0.02734375 0.09296875
3 0.90703125 0.53671875 0.0390625 0.11796875
3 0.69375 0.44140625 0.0265625 0.07890625
3 0.40078125 0.58828125 0.0359375 0.10859375
3 0.65390625 0.64375 0.03515625 0.1296875
3 0.53671875 0.496875 0.0359375 0.10234375
3 0.5953125 0.58984375 0.03125 0.128125
2 0.30234375 0.69296875 0.04140625 0.128125
3 0.3109375 0.58671875 0.02890625 0.1234375
1 0.2609375 0.41328125 0.028125 0.0875
3 0.25546875 0.53515625 0.034375 0.1125
3 0.27578125 0.51640625 0.0234375 0.1046875
3 0.70703125 0.39296875 0.021875 0.07734375
2 0.83828125 0.2984375 0.0203125 0.06796875