2 0.4359375 0.51796875 0.0328125 0.13359375
3 0.525 0.73359375 0.05625 0.1734375
3 0.78203125 0.684375 0.05703125 0.16640625
3 0.84765625 0.39375 0.0296875 0.1046875
3 0.4921875 0.37109375 0.0328125 0.09765625
3 0.64765625 0.45 0.03046875 0.1171875
2 0.24453125 0.3015625 0.028125 0.08359375
3 0.3296875 0.465625 0.03515625 0.134375
3 0.021875 0.49921875 0.0328125 0.134375
3 0.7046875 0.41328125 0.03046875 0.103125
3 0.21171875 0.36015625 0.03125 0.09609375
3 0.253125 0.4125 0.02890625 0.11796875
3 0.59296875 0.3984375 0.03125 0.09609375
3 0.23203125 0.40703125 0.028125 0.11484375
3 0.70390625 0.3546875 0.02265625 0.0609375
3 0.571875 0.38671875 0.0234375 0.0859375
3 0.56796875 0.3625 0.0234375 0.0828125