1 0.3953125 0.70859375 0.0375 0.1125
3 0.67109375 0.409375 0.03046875 0.08046875
3 0.1515625 0.35625 0.03046875 0.08984375
3 0.2703125 0.34375 0.03046875 0.09453125
3 0.06484375 0.15234375 0.0234375 0.065625
3 0.43671875 0.06640625 0.01640625 0.05859375
3 0.58203125 0.375 0.0328125 0.09921875
3 0.3921875 0.15234375 0.02421875 0.0609375
3 0.8109375 0.146875 0.01875 0.06640625
3 0.690625 0.18984375 0.02109375 0.0671875
3 0.24765625 0.13984375 0.01953125 0.0625
3 0.1859375 0.36484375 0.025 0.09140625
3 0.6203125 0.06484375 0.015625 0.05859375
3 0.40234375 0.0375 0.01484375 0.05703125
3 0.27421875 0.0390625 0.015625 0.05703125
0 0.68359375 0.46796875 0.01328125 0.02734375
2 0.54765625 0.175 0.01796875 0.05859375
3 0.55 0.1453125 0.0171875 0.0625
3 0.71171875 0.028125 0.0203125 0.05234375
3 0.06796875 0.01015625 0.01796875 0.01953125