3 0.6109375 0.8765625 0.04609375 0.165625
1 0.1234375 0.415625 0.02578125 0.0828125
3 0.70234375 0.54375 0.0296875 0.1125
3 0.75703125 0.603125 0.03203125 0.11328125
3 0.41875 0.509375 0.0375 0.0953125
3 0.2046875 0.709375 0.04140625 0.128125
3 0.23984375 0.7046875 0.0375 0.12734375
3 0.30546875 0.5109375 0.03046875 0.09375
3 0.7671875 0.35078125 0.03046875 0.078125
3 0.41171875 0.6015625 0.0328125 0.1078125
0 0.196875 0.54375 0.0140625 0.028125
3 0.8359375 0.91953125 0.04296875 0.1546875
2 0.9671875 0.56171875 0.034375 0.11796875