3 0.51796875 0.45390625 0.03671875 0.10859375
1 0.82109375 0.43828125 0.0296875 0.1078125
3 0.11796875 0.4265625 0.03984375 0.10078125
3 0.4140625 0.64453125 0.0359375 0.14765625
3 0.6203125 0.48046875 0.03671875 0.11171875
3 0.4359375 0.4609375 0.03515625 0.09453125
3 0.33515625 0.42421875 0.03359375 0.10234375
3 0.29765625 0.4421875 0.0359375 0.078125
3 0.25 0.384375 0.034375 0.08046875
3 0.36328125 0.39296875 0.028125 0.08671875
3 0.0546875 0.421875 0.0265625 0.10234375
3 0.2828125 0.384375 0.02265625 0.07109375
3 0.4078125 0.42421875 0.0234375 0.08046875
3 0.40234375 0.38359375 0.02265625 0.07578125
0 0.25625 0.46171875 0.01328125 0.0265625
2 0.0359375 0.42421875 0.03046875 0.1046875