3 0.6453125 0.54765625 0.03828125 0.13515625
3 0.7390625 0.54921875 0.0390625 0.1421875
3 0.11953125 0.4078125 0.02578125 0.07578125
3 0.028125 0.6296875 0.04375 0.1671875
3 0.26484375 0.50390625 0.040625 0.14765625
3 0.95859375 0.56484375 0.03671875 0.1609375
3 0.9015625 0.56171875 0.03046875 0.14296875
3 0.35078125 0.4140625 0.02421875 0.103125
3 0.85078125 0.534375 0.03046875 0.15078125
3 0.6875 0.47734375 0.0265625 0.12421875
3 0.93359375 0.5625 0.025 0.15234375
3 0.8734375 0.52734375 0.025 0.1484375
3 0.79453125 0.55390625 0.02578125 0.13046875
3 0.88203125 0.53046875 0.025 0.14296875
3 0.7625 0.50078125 0.0265625 0.13515625
3 0.8671875 0.50703125 0.02578125 0.13515625