3 0.27578125 0.540625 0.05078125 0.09375
3 0.471875 0.0359375 0.021875 0.07109375
3 0.3921875 0.525 0.03984375 0.11328125
3 0.88828125 0.4625 0.04453125 0.10234375
3 0.70859375 0.48203125 0.04453125 0.09765625
3 0.69296875 0.28828125 0.02578125 0.08828125
3 0.5640625 0.1609375 0.03359375 0.084375
3 0.7625 0.35625 0.0328125 0.11171875
3 0.84453125 0.0859375 0.0265625 0.0890625
3 0.46328125 0.4421875 0.03359375 0.1046875
2 0.896875 0.3265625 0.03125 0.10703125
3 0.74765625 0.45546875 0.02734375 0.10703125
3 0.7859375 0.49140625 0.03671875 0.1078125
3 0.60234375 0.42890625 0.03203125 0.10703125
3 0.49921875 0.475 0.03515625 0.10390625
1 0.3703125 0.73359375 0.05625 0.103125
0 0.4890625 0.43046875 0.015625 0.03359375