3 0.5171875 0.90078125 0.05 0.1984375
3 0.7375 0.32890625 0.02578125 0.0859375
3 0.7171875 0.428125 0.02890625 0.1078125
3 0.52109375 0.4046875 0.03046875 0.09921875
3 0.9296875 0.34921875 0.025 0.0734375
3 0.0625 0.4296875 0.0328125 0.11328125
3 0.971875 0.465625 0.03125 0.12421875
2 0.6796875 0.43203125 0.03515625 0.115625
3 0.4046875 0.3765625 0.02734375 0.10625
3 0.0125 0.371875 0.02421875 0.0984375
3 0.54921875 0.39375 0.02265625 0.09765625
3 0.6 0.325 0.021875 0.0734375
3 0.4546875 0.38203125 0.02421875 0.09765625
3 0.98984375 0.640625 0.01953125 0.15625
2 0.021875 0.321875 0.028125 0.0921875
3 0.42578125 0.3171875 0.015625 0.078125