3 0.2953125 0.4203125 0.03515625 0.1171875
3 0.30546875 0.6484375 0.059375 0.12734375
3 0.78125 0.8875 0.07109375 0.19453125
3 0.37734375 0.59453125 0.0484375 0.1171875
3 0.4390625 0.41796875 0.03125 0.10234375
3 0.82734375 0.32578125 0.0359375 0.096875
3 0.459375 0.32890625 0.02890625 0.1
3 0.6578125 0.6953125 0.04140625 0.165625
3 0.79453125 0.3453125 0.0265625 0.0984375
3 0.79140625 0.553125 0.034375 0.1296875
3 0.478125 0.55234375 0.0359375 0.11484375
3 0.6 0.278125 0.02578125 0.09375
3 0.14765625 0.71171875 0.03984375 0.13828125
3 0.6125 0.68359375 0.04609375 0.13046875
3 0.15234375 0.58828125 0.0328125 0.13203125
1 0.18984375 0.22890625 0.02265625 0.07890625
2 0.78828125 0.4703125 0.02109375 0.103125
0 0.3578125 0.64296875 0.015625 0.0296875