3 0.159375 0.35625 0.05078125 0.1078125
3 0.309375 0.41875 0.03828125 0.11015625
3 0.36796875 0.478125 0.0421875 0.1203125
2 0.17421875 0.61328125 0.040625 0.1625
3 0.509375 0.59765625 0.0421875 0.1390625
3 0.496875 0.48515625 0.04140625 0.11953125
3 0.22890625 0.8421875 0.0515625 0.1828125
3 0.67265625 0.5109375 0.0375 0.13046875
0 0.8828125 0.53671875 0.015625 0.03125
3 0.5609375 0.5375 0.0375 0.1546875
3 0.0328125 0.39921875 0.0390625 0.1140625
3 0.58671875 0.3421875 0.03984375 0.09453125
3 0.053125 0.3625 0.0375 0.11640625
3 0.3 0.334375 0.03515625 0.09375