3 0.5234375 0.66796875 0.0625 0.14296875
3 0.76015625 0.56484375 0.040625 0.12890625
3 0.81015625 0.5140625 0.0375 0.13515625
2 0.37265625 0.4453125 0.03671875 0.11328125
3 0.06015625 0.35234375 0.0359375 0.10703125
3 0.43984375 0.44609375 0.03046875 0.1078125
3 0.28671875 0.4859375 0.040625 0.10703125
3 0.37265625 0.7078125 0.04296875 0.15078125
3 0.22890625 0.36796875 0.03046875 0.1
3 0.39296875 0.2703125 0.03046875 0.0796875
3 0.4796875 0.2609375 0.03046875 0.08046875
3 0.140625 0.31875 0.03359375 0.10078125
3 0.18515625 0.340625 0.03046875 0.10078125
0 0.50859375 0.33359375 0.01484375 0.03125
3 0.409375 0.396875 0.02890625 0.096875
3 0.24140625 0.31484375 0.0296875 0.08359375
3 0.2390625 0.2578125 0.02578125 0.07421875
3 0.4 0.3515625 0.025 0.06484375