3 0.51796875 0.453125 0.0546875 0.0984375
3 0.08828125 0.28125 0.04375 0.1203125
3 0.4203125 0.50625 0.046875 0.14921875
1 0.46953125 0.0828125 0.02734375 0.0734375
3 0.64140625 0.32578125 0.04453125 0.115625
3 0.7046875 0.40703125 0.04765625 0.13125
3 0.39296875 0.31328125 0.0359375 0.10859375
3 0.7921875 0.3625 0.04375 0.1296875
3 0.2078125 0.1515625 0.028125 0.0765625
3 0.6015625 0.2796875 0.04140625 0.11328125
3 0.4625 0.2359375 0.03828125 0.11796875
3 0.2515625 0.21640625 0.03828125 0.10859375
3 0.590625 0.4296875 0.0484375 0.10390625
2 0.2078125 0.33984375 0.03671875 0.12890625
3 0.00546875 0.1109375 0.0109375 0.06953125
3 0.62734375 0.465625 0.028125 0.1109375
0 0.55234375 0.48984375 0.01328125 0.0203125