3 0.59765625 0.72734375 0.06015625 0.15
2 0.45625 0.4453125 0.0390625 0.1015625
3 0.59453125 0.48984375 0.04140625 0.10390625
3 0.91796875 0.47578125 0.04609375 0.109375
3 0.50234375 0.346875 0.03046875 0.0609375
3 0.43046875 0.33984375 0.03125 0.0609375
3 0.371875 0.53359375 0.03984375 0.11484375
3 0.1546875 0.403125 0.0296875 0.0734375
3 0.34765625 0.36171875 0.0296875 0.06953125
3 0.06328125 0.909375 0.0609375 0.1796875
3 0.51484375 0.41015625 0.03203125 0.0859375
3 0.83359375 0.421875 0.03828125 0.11015625
3 0.19765625 0.3609375 0.0265625 0.0546875
3 0.18828125 0.80078125 0.05 0.153125
3 0.9890625 0.49140625 0.02109375 0.1234375
0 0.30703125 0.37421875 0.0109375 0.0234375