2 0.4078125 0.49296875 0.0328125 0.11875
3 0.39140625 0.6328125 0.0359375 0.140625
3 0.69140625 0.5234375 0.03359375 0.11484375
3 0.3359375 0.4734375 0.03046875 0.10859375
3 0.6328125 0.396875 0.02734375 0.09453125
3 0.740625 0.43125 0.0265625 0.10234375
3 0.775 0.440625 0.02890625 0.11171875
3 0.0921875 0.4453125 0.02734375 0.11640625
3 0.0484375 0.60703125 0.0328125 0.134375
3 0.6703125 0.36015625 0.025 0.0921875
3 0.34453125 0.38125 0.025 0.09296875
3 0.4125 0.4265625 0.0265625 0.0984375
2 0.315625 0.33046875 0.0265625 0.084375
3 0.4046875 0.38125 0.021875 0.08828125