3 0.0109375 0.2875 0.01640625 0.08828125
3 0.1921875 0.509375 0.0484375 0.1171875
3 0.1203125 0.24140625 0.03984375 0.08203125
3 0.1390625 0.18828125 0.0375 0.06796875
3 0.18359375 0.175 0.0390625 0.07265625
3 0.2703125 0.2859375 0.03125 0.07890625
3 0.321875 0.15546875 0.034375 0.07265625
3 0.38203125 0.10078125 0.04140625 0.08515625
3 0.4109375 0.21328125 0.03046875 0.08359375
3 0.74140625 0.68671875 0.06015625 0.15703125
3 0.878125 0.7046875 0.06328125 0.14375
3 0.80703125 0.4640625 0.05 0.1375
3 0.628125 0.27109375 0.03125 0.103125
3 0.7390625 0.32421875 0.04140625 0.1140625
3 0.82578125 0.1859375 0.0390625 0.1
2 0.2171875 0.42265625 0.04140625 0.1234375
0 0.36875 0.81640625 0.02578125 0.03984375