3 0.1609375 0.77890625 0.09609375 0.209375
2 0.2734375 0.32890625 0.05703125 0.12734375
3 0.165625 0.475 0.0640625 0.15859375
3 0.0609375 0.4328125 0.0796875 0.15234375
1 0.9015625 0.21953125 0.053125 0.09296875
3 0.675 0.51796875 0.0625 0.1671875
3 0.81328125 0.20390625 0.0515625 0.10625
3 0.6109375 0.51796875 0.06171875 0.15859375
3 0.6640625 0.27890625 0.05546875 0.13203125
3 0.53515625 0.58515625 0.04140625 0.175
3 0.86171875 0.34140625 0.05703125 0.146875
3 0.3703125 0.325 0.05390625 0.11328125
3 0.42734375 0.32578125 0.046875 0.103125
3 0.625 0.21484375 0.04296875 0.1265625
3 0.484375 0.215625 0.03828125 0.1125
3 0.2203125 0.14296875 0.03828125 0.0875
0 0.42578125 0.4078125 0.02109375 0.02890625
3 0.50078125 0.271875 0.0390625 0.11953125