3 0.0546875 0.95390625 0.05 0.0875
3 0.89765625 0.44140625 0.03125 0.10859375
3 0.209375 0.63671875 0.05078125 0.1578125
2 0.80703125 0.49921875 0.0375 0.121875
3 0.41640625 0.4328125 0.0296875 0.11328125
3 0.19140625 0.43515625 0.03046875 0.11875
3 0.86640625 0.4984375 0.0328125 0.11796875
3 0.70078125 0.36953125 0.0234375 0.07890625
3 0.596875 0.58828125 0.03515625 0.1546875
3 0.521875 0.3875 0.03203125 0.0921875
3 0.0421875 0.58828125 0.03671875 0.15625
3 0.23984375 0.41015625 0.02734375 0.11953125
3 0.48828125 0.34765625 0.03046875 0.0984375
2 0.46953125 0.2890625 0.0234375 0.08984375