3 0.44140625 0.66484375 0.05 0.14765625
3 0.771875 0.5375 0.040625 0.13359375
3 0.6015625 0.365625 0.0359375 0.1078125
3 0.91640625 0.25625 0.03125 0.1015625
3 0.33125 0.33671875 0.0328125 0.11015625
3 0.4046875 0.55546875 0.03828125 0.12890625
3 0.7296875 0.4375 0.034375 0.11796875
3 0.421875 0.1828125 0.02421875 0.08203125
3 0.19453125 0.1828125 0.02265625 0.07734375
3 0.684375 0.26015625 0.0265625 0.09140625
3 0.65234375 0.16171875 0.01875 0.07109375
3 0.63671875 0.2375 0.02421875 0.0875
2 0.44140625 0.31484375 0.028125 0.10625
3 0.77734375 0.190625 0.0265625 0.08828125
0 0.48203125 0.5796875 0.01640625 0.03203125
3 0.99296875 0.25234375 0.0140625 0.1046875