3 0.03359375 0.41171875 0.0453125 0.11640625
3 0.75390625 0.3546875 0.03203125 0.1046875
3 0.71640625 0.40625 0.03125 0.0734375
3 0.215625 0.31953125 0.025 0.08515625
3 0.6265625 0.58046875 0.0421875 0.14609375
3 0.33828125 0.6703125 0.04296875 0.153125
3 0.70546875 0.3078125 0.028125 0.09609375
3 0.2515625 0.45625 0.0328125 0.10859375
2 0.1796875 0.26015625 0.028125 0.07421875
3 0.33203125 0.40390625 0.025 0.1046875
3 0.7765625 0.5109375 0.0375 0.13203125
3 0.55625 0.42265625 0.02734375 0.109375
3 0.35703125 0.515625 0.03046875 0.11953125
3 0.8625 0.89375 0.0546875 0.1984375
3 0.43828125 0.32578125 0.03046875 0.08828125
2 0.3140625 0.5078125 0.03046875 0.1234375
3 0.4390625 0.28984375 0.0234375 0.07421875
0 0.69375 0.43515625 0.0203125 0.03359375