3 0.76875 0.43046875 0.02890625 0.109375
3 0.27421875 0.93515625 0.05703125 0.121875
3 0.26640625 0.49609375 0.03203125 0.115625
3 0.71796875 0.5421875 0.03828125 0.1359375
3 0.73359375 0.41875 0.03125 0.096875
3 0.50703125 0.60625 0.03828125 0.13515625
3 0.103125 0.5 0.03359375 0.11484375
3 0.11953125 0.43359375 0.025 0.1078125
3 0.53984375 0.35703125 0.0390625 0.08984375
3 0.3 0.3390625 0.02421875 0.08359375
2 0.31328125 0.28515625 0.02421875 0.06953125
0 0.73125 0.35703125 0.00859375 0.01953125
2 0.3625 0.57578125 0.03984375 0.13046875
0 0.73046875 0.3625 0.0109375 0.02109375