3 0.86796875 0.49609375 0.02109375 0.08125
3 0.64375 0.453125 0.01796875 0.0671875
3 0.90546875 0.4390625 0.0171875 0.0734375
3 0.70546875 0.496875 0.01953125 0.0671875
3 0.97890625 0.44375 0.01796875 0.07421875
3 0.70234375 0.4375 0.015625 0.059375
0 0.09921875 0.590625 0.01875 0.034375
2 0.67734375 0.53515625 0.025 0.0890625
3 0.76796875 0.46015625 0.015625 0.0609375
3 0.82421875 0.46015625 0.0171875 0.075
3 0.6703125 0.434375 0.01640625 0.0625
3 0.6171875 0.4484375 0.01484375 0.05234375
3 0.05546875 0.55859375 0.0234375 0.07734375