3 0.10234375 0.54765625 0.07578125 0.171875
1 0.73515625 0.09140625 0.0390625 0.10078125
3 0.77890625 0.25234375 0.0484375 0.12265625
3 0.66875 0.13984375 0.04140625 0.1078125
3 0.50234375 0.34296875 0.0453125 0.0953125
3 0.3453125 0.159375 0.05078125 0.1
3 0.046875 0.02109375 0.0328125 0.04140625
3 0.43359375 0.17578125 0.04453125 0.11796875
3 0.25546875 0.2390625 0.04375 0.11328125
3 0.6125 0.1421875 0.03828125 0.1078125
3 0.2171875 0.16015625 0.0421875 0.1015625
3 0.38671875 0.2421875 0.04375 0.0953125
3 0.384375 0.33515625 0.046875 0.12421875
3 0.55390625 0.13828125 0.0421875 0.11640625
3 0.30703125 0.10078125 0.0359375 0.096875
3 0.52265625 0.4703125 0.06015625 0.16875
0 0.49765625 0.5453125 0.0234375 0.03203125
3 0.4890625 0.159375 0.0390625 0.1125
3 0.5265625 0.1953125 0.0421875 0.11171875
3 0.5109375 0.12265625 0.0390625 0.08203125