3 0.3421875 0.9171875 0.046875 0.15703125
3 0.9203125 0.66015625 0.03984375 0.13984375
2 0.3328125 0.4984375 0.0296875 0.1046875
3 0.16015625 0.66328125 0.03671875 0.1359375
3 0.38359375 0.42890625 0.02421875 0.08984375
3 0.44296875 0.59140625 0.0328125 0.1140625
3 0.45390625 0.4765625 0.028125 0.1046875
3 0.890625 0.5625 0.034375 0.12265625
3 0.06015625 0.44296875 0.02890625 0.09296875
3 0.796875 0.46875 0.028125 0.10625
3 0.57109375 0.38046875 0.034375 0.08828125
3 0.5203125 0.44140625 0.03125 0.09296875
3 0.33828125 0.33359375 0.0265625 0.07421875
3 0.54375 0.44375 0.02421875 0.09453125