3 0.51953125 0.4078125 0.0484375 0.0859375
3 0.78515625 0.5609375 0.0453125 0.1328125
3 0.96875 0.55234375 0.05 0.14375
3 0.2390625 0.48515625 0.034375 0.115625
3 0.4359375 0.39375 0.03046875 0.096875
2 0.484375 0.46796875 0.03203125 0.11953125
3 0.2 0.346875 0.0296875 0.09375
3 0.11015625 0.3484375 0.03359375 0.08984375
3 0.35234375 0.35390625 0.028125 0.103125
3 0.01875 0.67734375 0.0375 0.1609375
3 0.20390625 0.51015625 0.03046875 0.12578125
3 0.76640625 0.8046875 0.04609375 0.18046875
2 0.11328125 0.3015625 0.02734375 0.071875
3 0.990625 0.42734375 0.0140625 0.09375
3 0.59453125 0.39296875 0.04453125 0.11484375