3 0.6453125 0.5953125 0.05390625 0.125
2 0.7546875 0.4453125 0.03359375 0.09765625
3 0.5796875 0.46796875 0.040625 0.1078125
3 0.52578125 0.5 0.04609375 0.1140625
3 0.85390625 0.65625 0.04765625 0.15390625
3 0.80234375 0.3546875 0.03125 0.09453125
3 0.3421875 0.60859375 0.04921875 0.13046875
3 0.9390625 0.37578125 0.03046875 0.09609375
3 0.64296875 0.44140625 0.034375 0.10078125
3 0.67109375 0.4953125 0.0328125 0.11484375
3 0.47109375 0.43828125 0.0296875 0.0984375
3 0.3421875 0.428125 0.02890625 0.10234375
3 0.375 0.44140625 0.03515625 0.11171875
3 0.296875 0.4265625 0.0359375 0.09609375
3 0.3109375 0.45859375 0.03515625 0.09140625
2 0.3734375 0.31015625 0.03203125 0.0671875