1 0.29296875 0.328125 0.02265625 0.07734375
3 0.55078125 0.78359375 0.04453125 0.1515625
3 0.4625 0.4484375 0.03671875 0.10546875
3 0.040625 0.74609375 0.04140625 0.146875
3 0.37265625 0.57265625 0.0359375 0.11484375
3 0.4125 0.59375 0.0328125 0.11484375
3 0.5515625 0.9390625 0.053125 0.11328125
3 0.7953125 0.6984375 0.034375 0.1453125
3 0.1625 0.6125 0.034375 0.125
3 0.775 0.52734375 0.03125 0.11875
3 0.9375 0.50625 0.03046875 0.11171875
3 0.71328125 0.490625 0.03046875 0.10234375
3 0.4734375 0.59296875 0.034375 0.0984375
3 0.30859375 0.4296875 0.02734375 0.09140625
3 0.571875 0.3671875 0.03125 0.09765625
0 0.42421875 0.65546875 0.0125 0.02734375