3 0.16484375 0.39765625 0.05 0.07890625
3 0.1890625 0.6171875 0.04609375 0.1546875
3 0.28359375 0.32890625 0.021875 0.1015625
3 0.2953125 0.38203125 0.021875 0.109375
3 0.5125 0.46171875 0.034375 0.1265625
3 0.51953125 0.384375 0.025 0.1015625
3 0.5640625 0.31875 0.028125 0.09140625
3 0.59609375 0.421875 0.03671875 0.11875
3 0.71328125 0.47734375 0.0390625 0.125
3 0.78828125 0.5375 0.040625 0.14375
3 0.8375 0.39765625 0.0359375 0.11875
3 0.90859375 0.68125 0.04375 0.16171875
0 0.5375 0.3609375 0.0109375 0.028125
2 0.1328125 0.49921875 0.034375 0.115625