3 0.59375 0.60859375 0.06328125 0.1484375
3 0.71328125 0.45078125 0.05078125 0.1296875
3 0.38984375 0.62734375 0.05859375 0.15390625
1 0.2609375 0.48828125 0.046875 0.15
3 0.49921875 0.65859375 0.0578125 0.11640625
3 0.446875 0.428125 0.04453125 0.115625
3 0.64765625 0.61328125 0.04375 0.1515625
3 0.603125 0.23359375 0.034375 0.08984375
3 0.95 0.275 0.03671875 0.103125
3 0.446875 0.5328125 0.04765625 0.12265625
3 0.8296875 0.30546875 0.0328125 0.1109375
3 0.80234375 0.62109375 0.04765625 0.17109375
2 0.86328125 0.73046875 0.04453125 0.19921875
3 0.49140625 0.4796875 0.0328125 0.1390625
3 0.1265625 0.53359375 0.03125 0.1453125