3 0.2453125 0.46796875 0.0421875 0.1390625
3 0.37421875 0.38125 0.0359375 0.1171875
3 0.50546875 0.3078125 0.03046875 0.07265625
3 0.4828125 0.3828125 0.03046875 0.1078125
3 0.52578125 0.67109375 0.03671875 0.16328125
3 0.66328125 0.328125 0.02890625 0.09375
3 0.82578125 0.3578125 0.03125 0.0984375
3 0.8609375 0.3171875 0.02265625 0.109375
3 0.88359375 0.409375 0.03046875 0.13125
3 0.93984375 0.66328125 0.040625 0.18515625
3 0.94375 0.4015625 0.03125 0.1328125
1 0.73515625 0.42578125 0.05234375 0.1359375
0 0.4953125 0.315625 0.01640625 0.0296875