3 0.128125 0.63984375 0.06875 0.17109375
3 0.62109375 0.1 0.0265625 0.06015625
3 0.88203125 0.559375 0.05234375 0.1625
3 0.5671875 0.5109375 0.04609375 0.13046875
3 0.77109375 0.64375 0.0515625 0.15
3 0.6640625 0.1484375 0.034375 0.07734375
3 0.06171875 0.12734375 0.028125 0.05859375
3 0.29921875 0.2 0.0328125 0.09609375
3 0.55234375 0.3296875 0.03203125 0.09921875
3 0.83046875 0.19296875 0.02734375 0.0796875
3 0.9875 0.3859375 0.02421875 0.12109375
3 0.4375 0.31015625 0.0375 0.09140625
3 0.93203125 0.128125 0.0421875 0.07265625
0 0.71953125 0.1578125 0.02109375 0.08515625