3 0.63828125 0.55234375 0.04921875 0.1328125
3 0.4671875 0.45859375 0.04921875 0.1296875
3 0.425 0.203125 0.040625 0.090625
3 0.81953125 0.4953125 0.05546875 0.15
3 0.0484375 0.31875 0.04765625 0.1125
3 0.5515625 0.1609375 0.03828125 0.1015625
2 0.3609375 0.34375 0.0515625 0.12109375
3 0.7203125 0.54609375 0.06640625 0.15078125
3 0.70546875 0.1921875 0.03828125 0.11328125
3 0.615625 0.259375 0.0390625 0.11015625
3 0.7828125 0.28515625 0.04296875 0.12890625
3 0.08984375 0.34453125 0.0375 0.09453125
3 0.4703125 0.14140625 0.0296875 0.08828125
0 0.39375 0.32890625 0.0234375 0.03359375