3 0.42890625 0.7453125 0.0578125 0.17265625
3 0.55703125 0.42734375 0.0296875 0.1109375
3 0.64453125 0.346875 0.0203125 0.07890625
3 0.74921875 0.55625 0.03671875 0.11875
3 0.81328125 0.56875 0.03671875 0.134375
3 0.4421875 0.48828125 0.03828125 0.1328125
3 0.29921875 0.36875 0.03125 0.1015625
3 0.76484375 0.46953125 0.0296875 0.1203125
3 0.19609375 0.70625 0.04609375 0.15
1 0.21953125 0.34453125 0.03203125 0.10390625
3 0.2125 0.65859375 0.04140625 0.1546875
3 0.915625 0.4296875 0.028125 0.1078125
3 0.9046875 0.3953125 0.028125 0.09609375
3 0.66171875 0.31875 0.01875 0.0734375
2 0.57578125 0.2890625 0.0265625 0.06015625