3 0.05703125 0.325 0.03203125 0.09140625
3 0.36796875 0.3984375 0.04453125 0.1078125
3 0.434375 0.51015625 0.04921875 0.1375
3 0.51171875 0.55078125 0.0359375 0.1171875
3 0.50546875 0.46875 0.03046875 0.1203125
3 0.57109375 0.5109375 0.0421875 0.1171875
3 0.559375 0.46875 0.0296875 0.0984375
3 0.496875 0.39765625 0.02421875 0.1125
3 0.61015625 0.4125 0.028125 0.10625
3 0.6140625 0.4734375 0.02890625 0.1171875
3 0.6359375 0.44765625 0.02578125 0.1234375
3 0.7296875 0.4765625 0.053125 0.1359375
3 0.81484375 0.4328125 0.04140625 0.125
2 0.1859375 0.43359375 0.03203125 0.1171875
3 0.23984375 0.50859375 0.0375 0.140625
3 0.20234375 0.51015625 0.04375 0.121875