1 0.559375 0.4203125 0.03046875 0.10234375
3 0.35390625 0.74453125 0.04921875 0.1703125
3 0.503125 0.57734375 0.0515625 0.10703125
3 0.25078125 0.46875 0.03359375 0.103125
3 0.37578125 0.4609375 0.040625 0.11328125
3 0.0578125 0.3828125 0.02421875 0.0921875
3 0.728125 0.64140625 0.06640625 0.1109375
3 0.44140625 0.4859375 0.03671875 0.10625
3 0.2359375 0.41328125 0.025 0.08984375
3 0.209375 0.39921875 0.02734375 0.10078125
3 0.3234375 0.44375 0.0296875 0.1046875
3 0.46171875 0.4578125 0.03046875 0.11015625
3 0.7890625 0.68203125 0.04921875 0.13125
3 0.271875 0.42421875 0.02578125 0.0984375
3 0.29921875 0.4359375 0.025 0.11328125
3 0.0140625 0.521875 0.02421875 0.11640625
0 0.828125 0.72109375 0.01640625 0.03515625
3 0.7453125 0.6765625 0.0484375 0.10078125
2 0.03046875 0.51640625 0.02265625 0.12578125
0 0.83359375 0.71875 0.01796875 0.0359375