2 0.60390625 0.71875 0.028125 0.115625
3 0.67421875 0.72734375 0.0359375 0.11484375
3 0.96953125 0.3703125 0.034375 0.11015625
3 0.51640625 0.55859375 0.03359375 0.1109375
1 0.3359375 0.3921875 0.0234375 0.11484375
3 0.4671875 0.78671875 0.034375 0.10546875
3 0.5765625 0.51015625 0.0265625 0.1015625
3 0.5078125 0.38046875 0.02578125 0.09921875
3 0.3890625 0.3921875 0.03046875 0.10546875
3 0.653125 0.36875 0.02890625 0.10546875
3 0.79921875 0.33828125 0.028125 0.10625
3 0.74375 0.434375 0.0265625 0.10234375
3 0.6078125 0.43671875 0.025 0.09140625
3 0.56796875 0.4046875 0.02265625 0.09375
3 0.35546875 0.39453125 0.0203125 0.103125
3 0.6 0.35703125 0.0265625 0.0984375
3 0.54765625 0.34921875 0.0234375 0.08828125
3 0.54296875 0.3828125 0.0234375 0.10546875