0 0.453125 0.5265625 0.0140625 0.03359375
3 0.165625 0.71796875 0.05 0.1390625
3 0.47265625 0.25546875 0.02890625 0.06640625
3 0.24765625 0.3625 0.0375 0.0984375
3 0.134375 0.52890625 0.03828125 0.1
3 0.14921875 0.6 0.0609375 0.1046875
3 0.49921875 0.76484375 0.0734375 0.140625
3 0.55703125 0.43515625 0.06484375 0.1140625
2 0.68984375 0.37734375 0.04140625 0.09375
3 0.7734375 0.27578125 0.03984375 0.08828125
3 0.853125 0.37890625 0.03359375 0.08828125
3 0.8703125 0.49609375 0.0546875 0.1125
3 0.8984375 0.646875 0.05 0.16953125
3 0.975 0.51875 0.03984375 0.1234375