0 0.2703125 0.48125 0.0140625 0.03125
2 0.390625 0.43515625 0.03125 0.1078125
3 0.18984375 0.315625 0.02421875 0.08828125
3 0.14765625 0.37421875 0.0328125 0.09375
3 0.1578125 0.4828125 0.0359375 0.1078125
3 0.20703125 0.721875 0.0515625 0.1453125
3 0.29609375 0.43203125 0.034375 0.08984375
3 0.52421875 0.57421875 0.04140625 0.1171875
3 0.52890625 0.51171875 0.03046875 0.11875
3 0.43125 0.36796875 0.02421875 0.103125
3 0.4515625 0.3453125 0.03203125 0.08984375
3 0.4859375 0.2953125 0.0265625 0.06953125
3 0.61484375 0.3125 0.03359375 0.08828125
3 0.62578125 0.38984375 0.040625 0.09375
3 0.6765625 0.375 0.0390625 0.1109375
3 0.7015625 0.46796875 0.03359375 0.1015625
3 0.7921875 0.459375 0.03046875 0.125
3 0.91484375 0.59140625 0.04453125 0.1359375