2 0.05 0.46171875 0.025 0.1234375
3 0.0796875 0.6125 0.04375 0.1265625
3 0.28046875 0.840625 0.05703125 0.17109375
3 0.159375 0.53203125 0.03046875 0.1078125
3 0.2609375 0.35625 0.028125 0.0953125
3 0.30390625 0.3765625 0.03046875 0.1015625
3 0.36875 0.4359375 0.03359375 0.1
3 0.4171875 0.471875 0.02421875 0.0984375
3 0.43359375 0.41484375 0.025 0.1078125
3 0.5140625 0.44140625 0.025 0.1046875
3 0.525 0.56484375 0.0328125 0.1140625
3 0.5796875 0.534375 0.03203125 0.103125
3 0.65390625 0.5421875 0.03203125 0.115625
1 0.5640625 0.3796875 0.03125 0.09296875