1 0.42890625 0.475 0.04921875 0.08359375
2 0.76328125 0.57421875 0.0421875 0.1546875
3 0.91015625 0.38359375 0.0375 0.121875
2 0.9578125 0.2796875 0.0234375 0.09296875
3 0.9546875 0.5 0.0546875 0.1203125
3 0.725 0.3921875 0.02265625 0.1015625
3 0.70625 0.496875 0.028125 0.1390625
3 0.61875 0.43984375 0.03046875 0.1203125
3 0.553125 0.5484375 0.0375 0.11875
3 0.56640625 0.425 0.03203125 0.1125
3 0.51640625 0.46328125 0.02578125 0.1203125
3 0.49453125 0.43046875 0.028125 0.1203125
3 0.3796875 0.44765625 0.025 0.1328125
3 0.35390625 0.4421875 0.02265625 0.121875
3 0.31171875 0.465625 0.02890625 0.07265625
3 0.471875 0.41875 0.0265625 0.096875