3 0.4578125 0.746875 0.0703125 0.184375
3 0.6515625 0.81484375 0.06484375 0.184375
3 0.759375 0.89765625 0.06328125 0.1796875
3 0.93828125 0.4484375 0.05546875 0.125
3 0.5875 0.4828125 0.04921875 0.1203125
3 0.7171875 0.575 0.05625 0.13125
3 0.74609375 0.36875 0.05078125 0.1015625
3 0.57265625 0.63046875 0.05234375 0.13359375
3 0.38984375 0.534375 0.05390625 0.14375
3 0.7828125 0.24140625 0.034375 0.071875
0 0.49609375 0.26015625 0.0171875 0.0234375
3 0.946875 0.759375 0.06328125 0.18515625
3 0.49453125 0.32578125 0.04765625 0.090625
3 0.36484375 0.41875 0.04296875 0.11484375
3 0.52421875 0.4421875 0.0484375 0.115625
2 0.90078125 0.84609375 0.0546875 0.20234375