3 0.22421875 0.2265625 0.0421875 0.09453125
3 0.71640625 0.4765625 0.03828125 0.121875
3 0.9796875 0.53984375 0.03984375 0.125
3 0.77265625 0.21796875 0.0328125 0.103125
3 0.6375 0.42109375 0.04375 0.121875
3 0.559375 0.3203125 0.03203125 0.10390625
3 0.7359375 0.19375 0.0328125 0.09921875
3 0.696875 0.26953125 0.02734375 0.09453125
3 0.37265625 0.2453125 0.040625 0.09609375
3 0.4078125 0.44140625 0.04140625 0.1171875
3 0.89140625 0.26015625 0.03203125 0.10078125
3 0.6703125 0.18125 0.02421875 0.08984375
3 0.90859375 0.290625 0.0359375 0.10859375
3 0.53828125 0.7140625 0.03671875 0.184375
2 0.48671875 0.2890625 0.03125 0.10546875
0 0.56796875 0.54375 0.0109375 0.0234375
3 0.5140625 0.45234375 0.0359375 0.1234375
3 0.4765625 0.4375 0.03671875 0.10625