3 0.93046875 0.5296875 0.0375 0.12109375
3 0.9078125 0.803125 0.0453125 0.184375
3 0.51171875 0.546875 0.04296875 0.1203125
3 0.55625 0.32734375 0.02421875 0.0875
3 0.1953125 0.92890625 0.046875 0.14140625
3 0.77109375 0.3921875 0.03203125 0.1109375
2 0.44453125 0.40390625 0.02578125 0.09921875
3 0.20859375 0.42734375 0.0265625 0.10625
3 0.3484375 0.30234375 0.02265625 0.0828125
3 0.253125 0.70546875 0.04453125 0.1546875
3 0.61796875 0.35078125 0.02109375 0.08828125
3 0.6390625 0.4046875 0.02578125 0.1
3 0.02890625 0.35234375 0.02734375 0.09453125
3 0.56640625 0.43671875 0.02734375 0.11640625
3 0.25078125 0.48125 0.0265625 0.10546875
3 0.23984375 0.29765625 0.02265625 0.084375
3 0.8578125 0.45703125 0.02578125 0.10859375
3 0.840625 0.4328125 0.0265625 0.103125
0 0.259375 0.5296875 0.0109375 0.01875