3 0.5921875 0.484375 0.071875 0.128125
3 0.33125 0.221875 0.02890625 0.096875
3 0.06875 0.884375 0.05546875 0.23046875
3 0.71015625 0.48125 0.053125 0.1359375
3 0.665625 0.53125 0.040625 0.1296875
3 0.478125 0.65859375 0.04140625 0.18515625
3 0.29375 0.4890625 0.02890625 0.1328125
3 0.0328125 0.78125 0.06015625 0.19296875
3 0.0515625 0.62109375 0.040625 0.15
3 0.0140625 0.403125 0.02578125 0.1484375
3 0.25625 0.2046875 0.03203125 0.1
2 0.05703125 0.47734375 0.0421875 0.153125
0 0.62578125 0.49296875 0.0171875 0.04453125