3 0.6453125 0.64921875 0.0234375 0.08515625
3 0.66171875 0.5734375 0.01484375 0.06484375
2 0.5359375 0.52578125 0.01484375 0.0546875
3 0.296875 0.62265625 0.01953125 0.08125
3 0.29765625 0.5671875 0.01796875 0.06796875
3 0.82734375 0.61875 0.01875 0.0703125
3 0.6234375 0.53984375 0.01328125 0.05390625
3 0.45625 0.496875 0.0140625 0.04765625
3 0.77734375 0.5109375 0.01328125 0.04453125
3 0.2484375 0.53046875 0.01484375 0.0578125
3 0.7390625 0.53125 0.01484375 0.05390625
3 0.47890625 0.49140625 0.01171875 0.0484375
3 0.84296875 0.57578125 0.0125 0.0703125
3 0.47265625 0.56953125 0.01796875 0.0640625
3 0.83125 0.5828125 0.01171875 0.0484375
3 0.67265625 0.61953125 0.01875 0.0703125
3 0.9703125 0.5265625 0.01484375 0.05
3 0.83515625 0.61171875 0.0203125 0.06796875
1 0.665625 0.4765625 0.01171875 0.03671875
3 0.803125 0.52421875 0.02109375 0.04921875
3 0.78671875 0.51171875 0.0109375 0.0390625