3 0.58125 0.3609375 0.0234375 0.08671875
3 0.715625 0.34921875 0.021875 0.08046875
3 0.15390625 0.4984375 0.034375 0.1
3 0.29453125 0.32265625 0.02265625 0.08359375
3 0.0625 0.6265625 0.0375 0.1265625
3 0.25625 0.8421875 0.0421875 0.1796875
3 0.1078125 0.43984375 0.02734375 0.10234375
3 0.5234375 0.6015625 0.046875 0.11875
3 0.0625 0.81875 0.0421875 0.175
2 0.29140625 0.43515625 0.02421875 0.096875
3 0.3890625 0.46015625 0.0265625 0.10859375
3 0.6125 0.4109375 0.02578125 0.09375
3 0.64453125 0.83046875 0.0390625 0.165625
3 0.49765625 0.346875 0.02734375 0.0828125
3 0.75 0.428125 0.02578125 0.10703125