3 0.9796875 0.58671875 0.0375 0.15
3 0.35390625 0.41796875 0.02890625 0.10234375
3 0.3203125 0.34453125 0.03828125 0.07734375
3 0.17109375 0.53359375 0.03515625 0.12109375
3 0.13515625 0.93828125 0.0484375 0.12265625
3 0.11328125 0.6734375 0.046875 0.1703125
3 0.5859375 0.42890625 0.0296875 0.103125
3 0.1078125 0.403125 0.02734375 0.1078125
3 0.24765625 0.403125 0.02890625 0.1078125
3 0.71875 0.453125 0.03046875 0.12421875
3 0.6515625 0.55546875 0.028125 0.1203125
3 0.4359375 0.41015625 0.028125 0.10859375
3 0.6453125 0.44609375 0.0296875 0.10703125
2 0.28046875 0.278125 0.0234375 0.0734375
3 0.86484375 0.36328125 0.0234375 0.1015625
3 0.52421875 0.321875 0.025 0.07734375
2 0.5 0.5046875 0.0359375 0.11796875
0 0.55703125 0.40859375 0.01171875 0.02578125
3 0.5078125 0.44609375 0.0296875 0.090625
3 0.5125 0.39140625 0.0203125 0.07734375