2 0.4390625 0.396875 0.01796875 0.05546875
3 0.7609375 0.51796875 0.02265625 0.07421875
3 0.49609375 0.5046875 0.0171875 0.04921875
3 0.55703125 0.44609375 0.021875 0.053125
3 0.2609375 0.41171875 0.015625 0.059375
3 0.23984375 0.36484375 0.0171875 0.05703125
3 0.653125 0.328125 0.0234375 0.05078125
3 0.3484375 0.67109375 0.03515625 0.06640625
3 0.371875 0.3921875 0.0203125 0.05859375
3 0.42421875 0.34921875 0.01875 0.046875
3 0.08359375 0.5984375 0.02421875 0.0703125
3 0.7390625 0.35625 0.0171875 0.046875
3 0.32734375 0.309375 0.0140625 0.053125
3 0.14375 0.46953125 0.021875 0.07265625
3 0.3734375 0.5421875 0.02265625 0.05390625
3 0.42421875 0.21171875 0.01640625 0.04921875
3 0.52578125 0.1875 0.0125 0.04140625
3 0.66484375 0.259375 0.02109375 0.04296875
3 0.571875 0.3328125 0.0203125 0.04765625
3 0.58671875 0.3390625 0.0171875 0.04140625
3 0.38828125 0.33671875 0.01875 0.04296875
0 0.6421875 0.34296875 0.0078125 0.0171875
1 0.06875 0.24609375 0.0171875 0.05078125
2 0.48828125 0.1359375 0.0109375 0.03984375