3 0.53984375 0.7 0.04375 0.15546875
2 0.4828125 0.56484375 0.03203125 0.128125
3 0.1640625 0.6390625 0.03984375 0.15703125
3 0.596875 0.6515625 0.04921875 0.14375
3 0.29765625 0.42734375 0.03515625 0.121875
3 0.5640625 0.503125 0.0421875 0.096875
3 0.1484375 0.46953125 0.034375 0.12578125
3 0.21171875 0.4546875 0.0375 0.12734375
3 0.8734375 0.36328125 0.03671875 0.09921875
3 0.7765625 0.50546875 0.03203125 0.121875
3 0.32265625 0.34765625 0.02734375 0.096875
3 0.75546875 0.4546875 0.02734375 0.1140625
3 0.48125 0.496875 0.03515625 0.0984375
3 0.01171875 0.5078125 0.0234375 0.15703125
2 0.44765625 0.21484375 0.02265625 0.0703125
0 0.57265625 0.53125 0.015625 0.0234375