3 0.12734375 0.4859375 0.040625 0.1328125
3 0.21796875 0.39921875 0.0484375 0.1125
3 0.29296875 0.54296875 0.0421875 0.1171875
3 0.31484375 0.3140625 0.034375 0.1
0 0.42109375 0.4046875 0.021875 0.03125
3 0.440625 0.3953125 0.0375 0.0953125
3 0.56328125 0.35234375 0.03671875 0.08203125
3 0.51640625 0.40234375 0.03046875 0.08515625
3 0.6 0.54296875 0.0390625 0.1265625
3 0.71328125 0.9171875 0.0703125 0.15859375
3 0.58671875 0.3359375 0.021875 0.07890625
3 0.81171875 0.35 0.03046875 0.08671875
3 0.9421875 0.51328125 0.04140625 0.128125
2 0.75546875 0.4046875 0.040625 0.1109375