3 0.0609375 0.71796875 0.0515625 0.1359375
3 0.021875 0.45390625 0.03125 0.1140625
3 0.103125 0.3671875 0.03359375 0.1140625
3 0.140625 0.58515625 0.0328125 0.1265625
3 0.28828125 0.74375 0.05625 0.1515625
3 0.303125 0.47421875 0.0296875 0.121875
3 0.3609375 0.45625 0.03359375 0.11875
3 0.33359375 0.33828125 0.02890625 0.08984375
3 0.48984375 0.47734375 0.0265625 0.08515625
3 0.50078125 0.42734375 0.0140625 0.05859375
3 0.565625 0.459375 0.025 0.07265625
3 0.57265625 0.51875 0.02265625 0.1171875
3 0.63828125 0.32890625 0.0171875 0.08984375
3 0.69609375 0.43203125 0.025 0.1109375
3 0.825 0.39609375 0.0359375 0.1125
3 0.896875 0.50703125 0.0203125 0.13125
3 0.9203125 0.540625 0.03046875 0.103125
3 0.95390625 0.48125 0.0328125 0.1203125
3 0.46640625 0.35546875 0.015625 0.07578125
2 0.4828125 0.37265625 0.02109375 0.08828125
2 0.0625 0.23359375 0.03125 0.07265625