3 0.24765625 0.453125 0.0421875 0.15
3 0.1453125 0.3125 0.04921875 0.12421875
3 0.27578125 0.22421875 0.03359375 0.1171875
3 0.7859375 0.37109375 0.0296875 0.140625
2 0.71015625 0.390625 0.0328125 0.1640625
3 0.4578125 0.171875 0.02421875 0.096875
3 0.2296875 0.3 0.046875 0.10625
3 0.44296875 0.3234375 0.04140625 0.109375
3 0.48203125 0.328125 0.03671875 0.109375
3 0.4546875 0.521875 0.059375 0.16953125
3 0.59453125 0.7578125 0.06328125 0.20390625
3 0.6703125 0.89375 0.059375 0.2125
3 0.84453125 0.33203125 0.0328125 0.1203125
3 0.6171875 0.29609375 0.028125 0.1078125
3 0.64140625 0.396875 0.03046875 0.1140625
3 0.57578125 0.478125 0.0390625 0.1328125
0 0.5828125 0.33515625 0.01640625 0.03359375
3 0.98671875 0.17421875 0.02578125 0.1171875