3 0.86640625 0.484375 0.0515625 0.128125
3 0.74375 0.275 0.04140625 0.10390625
3 0.4921875 0.26015625 0.034375 0.09296875
3 0.0171875 0.3796875 0.034375 0.128125
3 0.2671875 0.24296875 0.03515625 0.08515625
3 0.5375 0.340625 0.03984375 0.10859375
3 0.8203125 0.36640625 0.0515625 0.1171875
2 0.3453125 0.36015625 0.04375 0.12265625
3 0.8421875 0.2640625 0.03828125 0.09921875
3 0.446875 0.38125 0.04609375 0.115625
3 0.13046875 0.59765625 0.04453125 0.18515625
3 0.1765625 0.37734375 0.03984375 0.1234375
3 0.5265625 0.6671875 0.06171875 0.16796875
3 0.5640625 0.4796875 0.04921875 0.14140625
3 0.6796875 0.453125 0.0375 0.1421875
3 0.9171875 0.30078125 0.03828125 0.0921875
3 0.4546875 0.4953125 0.0328125 0.1046875
0 0.4796875 0.54765625 0.01171875 0.02421875