2 0.2640625 0.4859375 0.034375 0.0890625
3 0.70234375 0.62578125 0.05234375 0.1234375
3 0.1890625 0.58828125 0.053125 0.1015625
3 0.76484375 0.52734375 0.0453125 0.11328125
3 0.6234375 0.60234375 0.05390625 0.12734375
3 0.39765625 0.52734375 0.03828125 0.090625
3 0.603125 0.4390625 0.03515625 0.0734375
3 0.12109375 0.52578125 0.0375 0.0875
3 0.2296875 0.50078125 0.03125 0.08125
3 0.19140625 0.5 0.0328125 0.0734375
3 0.07890625 0.521875 0.0390625 0.096875
0 0.34140625 0.51484375 0.01484375 0.0265625
3 0.15078125 0.471875 0.01796875 0.08828125
3 0.646875 0.4484375 0.025 0.103125