3 0.20859375 0.95390625 0.06171875 0.0890625
3 0.80703125 0.42890625 0.02890625 0.11171875
3 0.31484375 0.48125 0.03515625 0.11640625
3 0.784375 0.68671875 0.0390625 0.16171875
3 0.85 0.41953125 0.03984375 0.11640625
3 0.70859375 0.47578125 0.03515625 0.11484375
3 0.69921875 0.36171875 0.02734375 0.0953125
2 0.42890625 0.46640625 0.02578125 0.109375
3 0.34375 0.478125 0.02578125 0.11171875
3 0.3859375 0.390625 0.02421875 0.090625
3 0.3171875 0.378125 0.0234375 0.0796875
3 0.43828125 0.39609375 0.0296875 0.075
3 0.42109375 0.3796875 0.02109375 0.07109375