3 0.32578125 0.70078125 0.04375 0.159375
3 0.4390625 0.61796875 0.0359375 0.1296875
3 0.978125 0.6203125 0.04140625 0.1484375
3 0.15 0.50546875 0.03671875 0.11171875
3 0.7890625 0.54765625 0.03984375 0.125
3 0.75625 0.52734375 0.028125 0.11796875
3 0.375 0.44921875 0.03125 0.11328125
3 0.67109375 0.55703125 0.02734375 0.12421875
2 0.2421875 0.484375 0.03125 0.1125
3 0.62578125 0.47578125 0.0265625 0.11171875
3 0.884375 0.584375 0.03203125 0.13125
3 0.30703125 0.41015625 0.0234375 0.0765625
3 0.63671875 0.5578125 0.02890625 0.115625
3 0.17734375 0.403125 0.02578125 0.0796875
3 0.48125 0.4890625 0.03515625 0.0953125
3 0.34140625 0.44375 0.02421875 0.09296875
3 0.35234375 0.4171875 0.0234375 0.090625