3 0.30546875 0.76796875 0.04765625 0.1828125
3 0.86953125 0.4078125 0.03671875 0.10546875
2 0.4046875 0.2421875 0.02734375 0.071875
3 0.20390625 0.51328125 0.05 0.128125
3 0.346875 0.3078125 0.025 0.09453125
3 0.78125 0.37265625 0.03359375 0.10234375
3 0.9390625 0.35390625 0.03046875 0.1046875
3 0.4375 0.41015625 0.02890625 0.10234375
2 0.984375 0.39609375 0.03125 0.11015625
3 0.43828125 0.3328125 0.02421875 0.08359375
0 0.26796875 0.5421875 0.01640625 0.03125
3 0.7453125 0.3171875 0.028125 0.09375
3 0.61328125 0.315625 0.02734375 0.08671875
3 0.3765625 0.365625 0.03125 0.10859375
3 0.93984375 0.25390625 0.025 0.07890625
3 0.99296875 0.659375 0.0140625 0.159375