0 0.41171875 0.6578125 0.015625 0.03671875
3 0.378125 0.63046875 0.04296875 0.10859375
3 0.2203125 0.59296875 0.034375 0.11484375
3 0.57265625 0.47265625 0.03125 0.09765625
3 0.4140625 0.465625 0.03515625 0.09765625
3 0.44921875 0.43125 0.03515625 0.0828125
3 0.06953125 0.7203125 0.0421875 0.13671875
1 0.30390625 0.40859375 0.0265625 0.08359375
3 0.6640625 0.55703125 0.0328125 0.11015625
3 0.9265625 0.36015625 0.028125 0.07421875
3 0.32578125 0.62734375 0.040625 0.11796875
3 0.65 0.4890625 0.03046875 0.07890625
3 0.3859375 0.5421875 0.028125 0.103125
3 0.509375 0.41796875 0.0296875 0.10390625
3 0.6984375 0.40234375 0.0296875 0.0828125
3 0.6375 0.4265625 0.02578125 0.090625
3 0.03984375 0.67734375 0.0328125 0.12890625
3 0.60390625 0.6984375 0.03515625 0.14921875
2 0.625 0.64453125 0.0296875 0.12578125
2 0.83984375 0.29609375 0.02265625 0.06328125