3 0.428125 0.528125 0.03828125 0.11015625
3 0.29453125 0.4125 0.03515625 0.10078125
3 0.690625 0.359375 0.03359375 0.08515625
2 0.44453125 0.26484375 0.025 0.071875
3 0.18984375 0.459375 0.03671875 0.10859375
3 0.6109375 0.62265625 0.04296875 0.1140625
3 0.75703125 0.4125 0.03046875 0.096875
3 0.91015625 0.36015625 0.0328125 0.09296875
3 0.9375 0.69765625 0.040625 0.153125
3 0.43671875 0.4078125 0.028125 0.10703125
3 0.1140625 0.6375 0.03515625 0.1375
3 0.1484375 0.51640625 0.03046875 0.1171875
3 0.68359375 0.4625 0.03203125 0.09140625
2 0.71328125 0.48515625 0.034375 0.109375
3 0.49765625 0.3953125 0.028125 0.09453125
3 0.36015625 0.3703125 0.02734375 0.08984375
3 0.55234375 0.44609375 0.03359375 0.090625
3 0.3734375 0.36953125 0.03046875 0.08671875
3 0.9921875 0.44296875 0.0125 0.10625
3 0.54296875 0.45625 0.0390625 0.08359375