3 0.21953125 0.4421875 0.0359375 0.11484375
3 0.259375 0.95 0.05859375 0.0984375
3 0.53046875 0.5171875 0.04140625 0.115625
3 0.47265625 0.46875 0.02890625 0.1078125
3 0.71171875 0.4984375 0.034375 0.12265625
3 0.10390625 0.57734375 0.0375 0.14140625
3 0.684375 0.60234375 0.03671875 0.1359375
3 0.2515625 0.51953125 0.028125 0.1234375
3 0.1359375 0.41875 0.02578125 0.1
3 0.65859375 0.44609375 0.03046875 0.10703125
3 0.41953125 0.48828125 0.03203125 0.10546875
3 0.62265625 0.4875 0.03046875 0.11640625
2 0.159375 0.4234375 0.02578125 0.1125
1 0.7359375 0.43984375 0.0265625 0.1171875
3 0.42109375 0.42265625 0.03203125 0.084375
3 0.52890625 0.45234375 0.0265625 0.07109375
0 0.5515625 0.4109375 0.0125 0.03203125