3 0.74296875 0.81640625 0.0625 0.1875
3 0.4609375 0.55859375 0.06484375 0.13515625
3 0.3140625 0.47109375 0.03125 0.09140625
3 0.890625 0.60546875 0.05625 0.13125
3 0.59609375 0.4421875 0.04921875 0.109375
3 0.67734375 0.7484375 0.0578125 0.171875
3 0.8140625 0.4859375 0.0484375 0.128125
3 0.76015625 0.59375 0.04765625 0.1203125
3 0.36875 0.58359375 0.0515625 0.1390625
3 0.4015625 0.4046875 0.0421875 0.09921875
2 0.15390625 0.5109375 0.05390625 0.125
3 0.27265625 0.37890625 0.04375 0.09375
3 0.390625 0.4953125 0.0390625 0.08515625
3 0.7484375 0.47890625 0.04375 0.14140625
0 0.321875 0.52265625 0.0140625 0.0171875