1 0.35703125 0.46953125 0.0484375 0.078125
3 0.871875 0.44921875 0.0546875 0.12578125
3 0.5171875 0.52734375 0.03515625 0.13203125
3 0.68828125 0.4671875 0.04453125 0.14140625
3 0.71328125 0.59296875 0.0421875 0.14453125
3 0.728125 0.4734375 0.034375 0.1328125
3 0.80078125 0.4703125 0.0375 0.14375
3 0.46875 0.54375 0.03984375 0.140625
3 0.50390625 0.65546875 0.04296875 0.1703125
2 0.446875 0.634375 0.0453125 0.153125
3 0.8171875 0.31328125 0.0359375 0.11640625
3 0.5609375 0.5140625 0.04453125 0.1515625
3 0.15078125 0.46875 0.0390625 0.11796875
2 0.73671875 0.5859375 0.0328125 0.14609375