3 0.01875 0.34296875 0.03046875 0.1140625
3 0.025 0.4671875 0.02421875 0.13125
3 0.240625 0.315625 0.025 0.1
3 0.22578125 0.42578125 0.040625 0.1109375
3 0.25859375 0.5046875 0.0453125 0.1265625
3 0.29921875 0.43359375 0.034375 0.1171875
3 0.43203125 0.62109375 0.034375 0.15
3 0.646875 0.33359375 0.03828125 0.1203125
3 0.59296875 0.4734375 0.025 0.1046875
3 0.59609375 0.4359375 0.0390625 0.115625
3 0.6296875 0.44375 0.0390625 0.103125
3 0.75703125 0.571875 0.0375 0.140625
3 0.98046875 0.50625 0.0390625 0.1328125
3 0.96875 0.7140625 0.04140625 0.17421875
2 0.4671875 0.3734375 0.02109375 0.1046875
3 0.46171875 0.3203125 0.02109375 0.07890625
0 0.5578125 0.290625 0.02265625 0.04765625