3 0.296875 0.57109375 0.04609375 0.12421875
2 0.86640625 0.5015625 0.040625 0.10703125
3 0.56171875 0.49375 0.040625 0.11484375
3 0.34921875 0.49296875 0.04765625 0.11328125
3 0.98125 0.321875 0.03359375 0.09921875
3 0.48125 0.37265625 0.03671875 0.10234375
3 0.4359375 0.43125 0.03515625 0.10859375
3 0.765625 0.4 0.0375 0.10390625
3 0.31015625 0.7609375 0.05 0.1609375
3 0.7875 0.5796875 0.0546875 0.1265625
3 0.56484375 0.37734375 0.03671875 0.10078125
3 0.8015625 0.31015625 0.0375 0.08359375
0 0.76328125 0.63671875 0.01796875 0.02734375
3 0.5984375 0.3234375 0.02890625 0.08828125
3 0.95 0.69609375 0.053125 0.16640625
1 0.02421875 0.3296875 0.02578125 0.0953125
2 0.77265625 0.21015625 0.03125 0.05859375