3 0.409375 0.47421875 0.04296875 0.12734375
3 0.17421875 0.42109375 0.034375 0.13515625
3 0.50703125 0.40703125 0.034375 0.103125
3 0.50078125 0.29609375 0.025 0.09296875
2 0.325 0.52578125 0.03828125 0.16484375
3 0.5734375 0.4296875 0.03203125 0.125
3 0.321875 0.7046875 0.0453125 0.19921875
3 0.64375 0.3890625 0.0375 0.11796875
3 0.98203125 0.92734375 0.0359375 0.1453125
3 0.43359375 0.35390625 0.03515625 0.10234375
0 0.4875 0.4015625 0.0140625 0.0296875
3 0.234375 0.384375 0.03203125 0.13671875
3 0.6375 0.26875 0.02109375 0.09140625
3 0.51015625 0.35859375 0.03671875 0.0671875
2 0.6046875 0.21875 0.02421875 0.08046875