3 0.2421875 0.240625 0.04140625 0.10546875
3 0.66484375 0.20078125 0.0234375 0.084375
3 0.39296875 0.12265625 0.02890625 0.075
3 0.58046875 0.7390625 0.046875 0.16328125
2 0.61796875 0.34375 0.034375 0.103125
3 0.13125 0.3890625 0.040625 0.1125
3 0.60234375 0.165625 0.025 0.07734375
3 0.7390625 0.14375 0.025 0.0765625
3 0.428125 0.22578125 0.02890625 0.0875
3 0.84375 0.18515625 0.028125 0.09140625
3 0.47734375 0.26015625 0.03046875 0.10234375
3 0.68203125 0.1078125 0.021875 0.06953125
3 0.4765625 0.1359375 0.0234375 0.07265625
3 0.33515625 0.1953125 0.03203125 0.08125
3 0.42109375 0.55078125 0.0390625 0.13515625
0 0.43671875 0.7296875 0.015625 0.03984375
3 0.94921875 0.21171875 0.03359375 0.1109375
3 0.325 0.18203125 0.0328125 0.0921875