3 0.80078125 0.6625 0.0609375 0.1453125
1 0.16015625 0.34375 0.0296875 0.10078125
3 0.5484375 0.328125 0.025 0.0890625
2 0.5828125 0.14453125 0.015625 0.05625
3 0.7515625 0.54453125 0.0359375 0.11484375
3 0.67578125 0.5359375 0.04375 0.1359375
2 0.90234375 0.58828125 0.06328125 0.26171875
1 0.15078125 0.37421875 0.0515625 0.1609375
2 0.8875 0.5359375 0.03203125 0.15078125
3 0.42890625 0.4375 0.03046875 0.10546875
3 0.475 0.42578125 0.0328125 0.11015625
3 0.52421875 0.3796875 0.04140625 0.11328125
3 0.6765625 0.34453125 0.02890625 0.10625
3 0.69921875 0.40234375 0.028125 0.1203125
3 0.42890625 0.36484375 0.03828125 0.0984375