3 0.78671875 0.49453125 0.05859375 0.175
3 0.38515625 0.21953125 0.0421875 0.10078125
3 0.575 0.0609375 0.03984375 0.1015625
3 0.6890625 0.21171875 0.0390625 0.128125
3 0.659375 0.38515625 0.05 0.11875
2 0.88046875 0.41015625 0.05234375 0.16328125
3 0.33984375 0.30234375 0.04609375 0.14453125
3 0.24140625 0.3375 0.05546875 0.14453125
3 0.725 0.24453125 0.04375 0.15546875
3 0.815625 0.41875 0.04375 0.1609375
3 0.740625 0.41484375 0.03984375 0.125
3 0.6875 0.54296875 0.0578125 0.18984375
3 0.16171875 0.68515625 0.06328125 0.246875
3 0.25078125 0.6765625 0.05703125 0.2234375
2 0.646875 0.81640625 0.05 0.25625