3 0.22265625 0.3578125 0.0578125 0.1390625
3 0.7046875 0.17421875 0.040625 0.11171875
3 0.65234375 0.5234375 0.0703125 0.15078125
3 0.60234375 0.45546875 0.04609375 0.1015625
3 0.84453125 0.0921875 0.03671875 0.103125
3 0.78359375 0.08671875 0.0375 0.1
3 0.45234375 0.18125 0.03671875 0.09609375
3 0.31875 0.21875 0.0375 0.10234375
3 0.5828125 0.5265625 0.06015625 0.103125
2 0.56171875 0.221875 0.040625 0.11875
3 0.05546875 0.07265625 0.0421875 0.0921875
0 0.39375 0.58125 0.01796875 0.0265625
3 0.3265625 0.30078125 0.0375 0.1109375