3 0.3484375 0.48984375 0.04375 0.115625
3 0.3921875 0.4484375 0.053125 0.125
3 0.45078125 0.42578125 0.05546875 0.1265625
1 0.1296875 0.43046875 0.03125 0.1109375
2 0.81640625 0.2875 0.0359375 0.07265625
2 0.721875 0.5453125 0.0515625 0.134375
3 0.66640625 0.57421875 0.0515625 0.1453125
3 0.5765625 0.4625 0.05 0.103125
3 0.634375 0.4625 0.034375 0.096875
3 0.84453125 0.3921875 0.0359375 0.1140625
3 0.75234375 0.39140625 0.02578125 0.109375
3 0.59765625 0.36640625 0.0265625 0.09140625
3 0.6296875 0.39296875 0.025 0.07265625
3 0.64609375 0.35390625 0.02890625 0.09140625
0 0.609375 0.390625 0.0125 0.03125