3 0.45390625 0.665625 0.040625 0.134375
3 0.57578125 0.62421875 0.03046875 0.134375
0 0.1671875 0.50390625 0.01015625 0.0171875
1 0.44921875 0.4171875 0.021875 0.09140625
2 0.3390625 0.59453125 0.0328125 0.11875
3 0.325 0.49609375 0.025 0.1
3 0.48203125 0.47578125 0.02578125 0.1
3 0.55078125 0.43671875 0.025 0.0984375
3 0.6421875 0.46171875 0.0234375 0.09296875
3 0.6921875 0.41640625 0.02421875 0.1015625
3 0.71640625 0.48203125 0.03046875 0.103125
3 0.8375 0.446875 0.0234375 0.096875
3 0.8875 0.36640625 0.02578125 0.103125
3 0.840625 0.39609375 0.02578125 0.09140625
3 0.23203125 0.4953125 0.02890625 0.1015625
3 0.22421875 0.459375 0.03046875 0.08515625