3 0.340625 0.55703125 0.03984375 0.12109375
3 0.54921875 0.665625 0.03828125 0.13359375
3 0.5046875 0.44609375 0.0359375 0.103125
1 0.21640625 0.4375 0.03359375 0.09140625
3 0.61015625 0.43515625 0.03828125 0.096875
3 0.5578125 0.54140625 0.034375 0.1125
3 0.86953125 0.76875 0.0390625 0.15078125
2 0.4421875 0.35546875 0.034375 0.08359375
3 0.25078125 0.6 0.0390625 0.13203125
3 0.31953125 0.44609375 0.0265625 0.1
3 0.97734375 0.5390625 0.0359375 0.11953125
3 0.8875 0.55625 0.0328125 0.059375
3 0.23984375 0.50078125 0.03046875 0.11015625
3 0.6578125 0.396875 0.0265625 0.09453125
3 0.03359375 0.44453125 0.0265625 0.1015625
2 0.8078125 0.5296875 0.0390625 0.1140625