3 0.0890625 0.4265625 0.053125 0.121875
3 0.0984375 0.8421875 0.04765625 0.18046875
3 0.2359375 0.49921875 0.040625 0.125
3 0.31484375 0.35703125 0.034375 0.109375
3 0.2546875 0.31484375 0.02421875 0.0953125
3 0.3953125 0.5296875 0.03125 0.1046875
3 0.346875 0.44296875 0.02578125 0.1109375
3 0.43046875 0.4265625 0.028125 0.115625
3 0.5953125 0.58125 0.0390625 0.1375
3 0.6703125 0.521875 0.0421875 0.1265625
3 0.71953125 0.41875 0.0265625 0.1125
3 0.740625 0.40625 0.02265625 0.1
3 0.7296875 0.3203125 0.03125 0.09140625
3 0.875 0.48515625 0.03828125 0.140625
3 0.9828125 0.44765625 0.034375 0.1296875