2 0.4875 0.3625 0.025 0.0703125
3 0.18671875 0.521875 0.0453125 0.10390625
3 0.9796875 0.71015625 0.040625 0.1421875
3 0.84609375 0.38125 0.03203125 0.09609375
3 0.7921875 0.38828125 0.02734375 0.08515625
3 0.4265625 0.38125 0.03359375 0.0765625
3 0.28984375 0.41171875 0.0390625 0.0828125
3 0.01796875 0.3984375 0.0359375 0.096875
3 0.53359375 0.7265625 0.0484375 0.146875
3 0.74140625 0.31171875 0.025 0.06328125
3 0.18515625 0.340625 0.0296875 0.07578125
3 0.5 0.5625 0.034375 0.10390625
0 0.31796875 0.44609375 0.01796875 0.02109375
3 0.71328125 0.45078125 0.0359375 0.08515625
3 0.5234375 0.42890625 0.0375 0.09296875
3 0.51640625 0.3625 0.021875 0.0640625
2 0.19375 0.25390625 0.015625 0.05390625