3 0.2140625 0.4046875 0.02890625 0.08359375
3 0.28046875 0.5109375 0.0375 0.1203125
3 0.321875 0.29609375 0.021875 0.06796875
3 0.43203125 0.4953125 0.03203125 0.1171875
3 0.425 0.38359375 0.0265625 0.07578125
3 0.4515625 0.31953125 0.02109375 0.07109375
3 0.49609375 0.34921875 0.0203125 0.07890625
3 0.6703125 0.3390625 0.02265625 0.08203125
3 0.66484375 0.41875 0.028125 0.096875
3 0.69296875 0.56015625 0.0375 0.1296875
3 0.9328125 0.40859375 0.0296875 0.1015625
3 0.80625 0.8265625 0.04765625 0.17109375
3 0.9875 0.4984375 0.02421875 0.1171875
2 0.44609375 0.396875 0.02421875 0.09296875
0 0.20859375 0.41953125 0.0125 0.025
2 0.028125 0.28828125 0.0234375 0.07421875