3 0.66015625 0.68203125 0.065625 0.1625
2 0.55234375 0.4484375 0.04140625 0.103125
3 0.584375 0.5828125 0.046875 0.14140625
3 0.0359375 0.94140625 0.0671875 0.1171875
3 0.64765625 0.49765625 0.0421875 0.12265625
3 0.88046875 0.35 0.0421875 0.115625
3 0.29921875 0.41953125 0.04375 0.09375
3 0.61171875 0.24375 0.03671875 0.07421875
3 0.60078125 0.3953125 0.03671875 0.09375
3 0.68828125 0.28359375 0.034375 0.08984375
3 0.3828125 0.38671875 0.03515625 0.0875
3 0.4296875 0.428125 0.03671875 0.10859375
0 0.340625 0.4296875 0.01953125 0.0265625
3 0.30078125 0.51796875 0.040625 0.1328125