2 0.38984375 0.62265625 0.04453125 0.1375
3 0.228125 0.740625 0.05 0.1625
3 0.58671875 0.5125 0.0421875 0.10625
3 0.71640625 0.5234375 0.04140625 0.11328125
3 0.9796875 0.709375 0.040625 0.153125
3 0.3796875 0.465625 0.03984375 0.1109375
3 0.159375 0.459375 0.04296875 0.1140625
3 0.22734375 0.4546875 0.04296875 0.12265625
3 0.546875 0.39609375 0.03359375 0.09140625
3 0.75234375 0.42421875 0.028125 0.07421875
3 0.615625 0.96640625 0.071875 0.06640625
3 0.4828125 0.3859375 0.03046875 0.0765625
3 0.58203125 0.44296875 0.02890625 0.065625
2 0.42421875 0.359375 0.040625 0.1078125