1 0.51875 0.44375 0.028125 0.08203125
3 0.81484375 0.57421875 0.03671875 0.11953125
3 0.4453125 0.5453125 0.0375 0.10859375
3 0.3078125 0.44921875 0.02890625 0.0921875
3 0.8734375 0.6109375 0.034375 0.1171875
3 0.07421875 0.4546875 0.02890625 0.10625
3 0.18671875 0.43203125 0.03671875 0.08359375
3 0.40703125 0.48125 0.03046875 0.0875
3 0.6015625 0.6078125 0.03515625 0.12578125
3 0.0328125 0.4859375 0.02890625 0.096875
3 0.34140625 0.58046875 0.0328125 0.1140625
3 0.2109375 0.49765625 0.03359375 0.08359375
3 0.31328125 0.54375 0.028125 0.10546875
3 0.23828125 0.4625 0.025 0.08984375
3 0.2265625 0.43984375 0.02421875 0.0734375