3 0.45859375 0.37890625 0.04140625 0.1109375
3 0.66484375 0.528125 0.04453125 0.10625
3 0.08046875 0.53671875 0.05625 0.12578125
2 0.60546875 0.57265625 0.03515625 0.128125
3 0.45625 0.57890625 0.0421875 0.11171875
3 0.50390625 0.71640625 0.0421875 0.14765625
3 0.77265625 0.60390625 0.04375 0.11953125
3 0.2 0.4578125 0.04296875 0.121875
3 0.88828125 0.3328125 0.0359375 0.10703125
3 0.9609375 0.4625 0.04453125 0.12265625
3 0.36015625 0.38671875 0.02734375 0.10078125
3 0.9765625 0.91796875 0.046875 0.16328125
3 0.646875 0.46953125 0.03515625 0.10390625
3 0.6625 0.2625 0.02421875 0.0859375
2 0.08984375 0.29765625 0.02890625 0.10234375
0 0.5703125 0.4734375 0.0140625 0.0328125