3 0.68203125 0.390625 0.05234375 0.0921875
2 0.18671875 0.4578125 0.0359375 0.10859375
3 0.60625 0.46796875 0.03046875 0.11015625
3 0.6265625 0.384375 0.0359375 0.08359375
3 0.3828125 0.49296875 0.0359375 0.11484375
3 0.33828125 0.39453125 0.02578125 0.0921875
3 0.9109375 0.521875 0.03828125 0.13125
3 0.06328125 0.5640625 0.03515625 0.134375
3 0.284375 0.384375 0.03203125 0.0890625
3 0.77421875 0.640625 0.034375 0.14296875
3 0.321875 0.5203125 0.03984375 0.125
3 0.3734375 0.38203125 0.0234375 0.08046875
3 0.8625 0.48671875 0.03046875 0.1234375
3 0.96796875 0.5828125 0.034375 0.1359375
3 0.5765625 0.440625 0.02421875 0.10390625
3 0.16328125 0.384375 0.0234375 0.08828125
3 0.53359375 0.36171875 0.021875 0.08359375
3 0.36875 0.3390625 0.01953125 0.07109375
0 0.303125 0.40859375 0.0171875 0.03984375