3 0.1015625 0.5015625 0.0375 0.14375
3 0.6109375 0.465625 0.02890625 0.12421875
3 0.36015625 0.43359375 0.0328125 0.1046875
3 0.340625 0.73125 0.04609375 0.19375
3 0.0171875 0.43515625 0.0328125 0.09375
2 0.2890625 0.46875 0.03515625 0.13359375
3 0.41953125 0.42890625 0.0328125 0.11953125
3 0.6328125 0.46015625 0.02265625 0.11953125
3 0.13515625 0.43046875 0.03515625 0.1234375
3 0.20390625 0.52265625 0.04375 0.14921875
3 0.246875 0.4171875 0.02421875 0.09921875
3 0.5828125 0.37109375 0.02265625 0.09375
3 0.7953125 0.92578125 0.07265625 0.1484375