0 0.3546875 0.43359375 0.0171875 0.03359375
3 0.04375 0.47734375 0.04140625 0.128125
3 0.14296875 0.509375 0.034375 0.1328125
3 0.22734375 0.3015625 0.025 0.07890625
3 0.28671875 0.390625 0.021875 0.08984375
3 0.2671875 0.3953125 0.0234375 0.07421875
3 0.58515625 0.74296875 0.04765625 0.153125
3 0.89921875 0.5640625 0.03828125 0.125
3 0.6015625 0.5421875 0.03125 0.11875
3 0.55078125 0.4859375 0.02890625 0.1046875
3 0.4625 0.3828125 0.021875 0.08046875
3 0.47890625 0.3390625 0.02890625 0.08828125
3 0.52109375 0.29921875 0.0265625 0.07421875
3 0.578125 0.35390625 0.028125 0.08515625
3 0.55234375 0.409375 0.028125 0.06953125
3 0.61875 0.42265625 0.0359375 0.0984375
3 0.67109375 0.37421875 0.028125 0.1
3 0.60234375 0.3125 0.02421875 0.08828125
2 0.3234375 0.4453125 0.0296875 0.109375