3 0.16796875 0.66953125 0.0453125 0.13046875
3 0.15078125 0.515625 0.0484375 0.11796875
3 0.6203125 0.4328125 0.03515625 0.10078125
3 0.303125 0.58203125 0.0390625 0.1203125
3 0.90859375 0.4140625 0.03671875 0.103125
3 0.0734375 0.9125 0.05078125 0.175
3 0.784375 0.415625 0.046875 0.0875
3 0.55390625 0.37734375 0.02578125 0.08359375
3 0.32421875 0.38046875 0.0234375 0.07734375
3 0.54765625 0.4671875 0.03125 0.096875
2 0.53984375 0.534375 0.0328125 0.1125
3 0.30234375 0.37265625 0.02421875 0.07578125
3 0.7640625 0.3859375 0.0265625 0.07578125
3 0.57578125 0.678125 0.03515625 0.140625
2 0.34921875 0.346875 0.0296875 0.071875