3 0.23046875 0.42109375 0.03125 0.0984375
3 0.046875 0.36796875 0.0421875 0.08671875
3 0.28125 0.2953125 0.02109375 0.07109375
3 0.26015625 0.40546875 0.02578125 0.08515625
3 0.946875 0.665625 0.04140625 0.1578125
3 0.83125 0.41171875 0.0296875 0.10390625
2 0.01875 0.63125 0.034375 0.14609375
3 0.64296875 0.41328125 0.0234375 0.0953125
3 0.0875 0.54375 0.03359375 0.1265625
3 0.57890625 0.553125 0.0296875 0.12109375
3 0.3375 0.33515625 0.021875 0.084375
3 0.63671875 0.34296875 0.021875 0.0734375
2 0.11171875 0.29140625 0.02578125 0.08125