3 0.2734375 0.803125 0.04453125 0.17890625
3 0.60859375 0.48828125 0.0359375 0.10546875
2 0.390625 0.53515625 0.0296875 0.11875
3 0.175 0.6234375 0.0453125 0.1390625
3 0.8609375 0.61796875 0.04140625 0.1265625
3 0.35390625 0.60078125 0.03828125 0.1265625
3 0.16484375 0.48828125 0.0328125 0.10625
3 0.56171875 0.47734375 0.03125 0.10390625
3 0.7 0.53984375 0.02890625 0.10703125
3 0.259375 0.42890625 0.02890625 0.096875
3 0.73125 0.46796875 0.02890625 0.1125
3 0.8828125 0.503125 0.02734375 0.11796875
1 0.91640625 0.47265625 0.02734375 0.11015625
3 0.6375 0.4671875 0.0265625 0.10390625
3 0.6984375 0.45546875 0.02890625 0.09609375
3 0.6640625 0.4375 0.02578125 0.09296875
0 0.21640625 0.42578125 0.0109375 0.0234375
3 0.8546875 0.56171875 0.01953125 0.07578125