3 0.43515625 0.5234375 0.0390625 0.1203125
3 0.09453125 0.64765625 0.0453125 0.14375
1 0.74140625 0.478125 0.03515625 0.1015625
3 0.1078125 0.44609375 0.03828125 0.103125
3 0.73125 0.5921875 0.03984375 0.134375
3 0.53203125 0.46796875 0.03515625 0.1109375
3 0.65 0.54921875 0.03359375 0.13046875
3 0.29609375 0.46953125 0.0296875 0.09921875
3 0.26953125 0.53125 0.03359375 0.1046875
3 0.39140625 0.4734375 0.03046875 0.0859375
3 0.25625 0.49140625 0.02890625 0.09453125
3 0.3421875 0.48125 0.0296875 0.08515625
3 0.36171875 0.4515625 0.03515625 0.09453125
3 0.25703125 0.44375 0.028125 0.09375