1 0.41015625 0.39140625 0.021875 0.103125
0 0.0921875 0.4984375 0.01484375 0.028125
2 0.953125 0.54765625 0.034375 0.1296875
3 0.55390625 0.45859375 0.028125 0.1078125
3 0.63984375 0.43203125 0.0296875 0.1109375
3 0.6 0.6046875 0.0359375 0.1453125
3 0.72265625 0.8015625 0.0375 0.16171875
3 0.85703125 0.67421875 0.04140625 0.15703125
3 0.7203125 0.46171875 0.0265625 0.1109375
3 0.7421875 0.4671875 0.02421875 0.09375
3 0.8296875 0.4796875 0.02265625 0.1140625
3 0.8421875 0.47265625 0.025 0.109375
3 0.83515625 0.42265625 0.028125 0.1015625
3 0.89140625 0.49609375 0.0375 0.121875
3 0.9625 0.390625 0.034375 0.0953125