3 0.78359375 0.6421875 0.04765625 0.14765625
2 0.23984375 0.45703125 0.0390625 0.10859375
3 0.3078125 0.440625 0.03046875 0.1078125
3 0.7109375 0.4171875 0.04765625 0.11484375
3 0.23125 0.5828125 0.0375 0.1484375
3 0.13046875 0.4375 0.034375 0.10703125
3 0.2953125 0.34765625 0.02890625 0.09375
3 0.4109375 0.49921875 0.0328125 0.12734375
3 0.16328125 0.34453125 0.02890625 0.0953125
3 0.66328125 0.375 0.0359375 0.0984375
3 0.48828125 0.39609375 0.0296875 0.0953125
3 0.2390625 0.3375 0.03046875 0.10234375
3 0.1515625 0.39375 0.02578125 0.0953125