2 0.54140625 0.3546875 0.03828125 0.1046875
3 0.2390625 0.55 0.0578125 0.1296875
3 0.27265625 0.70078125 0.028125 0.1609375
3 0.0421875 0.55078125 0.0515625 0.1265625
3 0.4578125 0.44296875 0.0421875 0.11953125
3 0.0875 0.4609375 0.04609375 0.1234375
3 0.5953125 0.83046875 0.0546875 0.17265625
3 0.58359375 0.70390625 0.053125 0.153125
3 0.840625 0.13671875 0.025 0.0578125
3 0.7328125 0.31796875 0.03828125 0.1
3 0.34296875 0.2609375 0.03359375 0.090625
3 0.4046875 0.42109375 0.04375 0.1203125
3 0.86640625 0.3671875 0.03984375 0.103125
1 0.21484375 0.15546875 0.0203125 0.04921875
3 0.215625 0.2859375 0.0359375 0.08359375
3 0.97578125 0.16875 0.021875 0.0609375
3 0.41796875 0.20625 0.028125 0.08046875
3 0.55703125 0.146875 0.0203125 0.06328125
0 0.29140625 0.66640625 0.01640625 0.04296875