3 0.759375 0.44609375 0.0453125 0.1078125
3 0.1375 0.87265625 0.06796875 0.19609375
3 0.27109375 0.73203125 0.059375 0.16328125
3 0.9078125 0.55 0.05 0.1265625
3 0.128125 0.5625 0.04765625 0.1578125
3 0.2125 0.44609375 0.0359375 0.12265625
3 0.896875 0.44765625 0.03515625 0.1125
3 0.553125 0.43828125 0.040625 0.11484375
3 0.7078125 0.41171875 0.028125 0.1015625
3 0.496875 0.4453125 0.02890625 0.09140625
2 0.79296875 0.4171875 0.03125 0.10546875
3 0.72109375 0.365625 0.028125 0.10078125
3 0.51796875 0.43515625 0.02734375 0.09375