2 0.38515625 0.4953125 0.03359375 0.13515625
3 0.45390625 0.67265625 0.04375 0.171875
3 0.44453125 0.42734375 0.03359375 0.1125
3 0.37421875 0.35234375 0.0296875 0.10078125
3 0.2640625 0.34765625 0.0390625 0.10625
3 0.0265625 0.409375 0.02890625 0.11484375
3 0.72890625 0.48515625 0.03359375 0.125
3 0.91953125 0.4140625 0.034375 0.121875
3 0.66796875 0.36015625 0.03125 0.09609375
3 0.69765625 0.359375 0.025 0.09453125
3 0.06953125 0.390625 0.028125 0.11875
3 0.0953125 0.39375 0.025 0.10703125
3 0.10625 0.35234375 0.02265625 0.0984375
3 0.6125 0.3125 0.025 0.09921875