3 0.56484375 0.490625 0.04140625 0.1234375
3 0.846875 0.53125 0.03515625 0.1265625
3 0.63515625 0.65234375 0.0375 0.14921875
3 0.059375 0.4546875 0.034375 0.1296875
3 0.02421875 0.46484375 0.03203125 0.11953125
3 0.33046875 0.5859375 0.03515625 0.13046875
3 0.1125 0.540625 0.034375 0.1203125
3 0.8984375 0.54375 0.0328125 0.121875
3 0.3921875 0.4078125 0.025 0.1
3 0.909375 0.43125 0.03203125 0.10859375
3 0.234375 0.50625 0.02890625 0.11328125
3 0.25859375 0.4546875 0.028125 0.1109375
2 0.35546875 0.328125 0.0296875 0.0984375
3 0.1015625 0.425 0.028125 0.1109375
3 0.34453125 0.49296875 0.02578125 0.103125
2 0.34765625 0.5453125 0.025 0.115625
3 0.66875 0.35625 0.025 0.08671875