3 0.7078125 0.82890625 0.0546875 0.2171875
3 0.63671875 0.721875 0.04453125 0.16953125
3 0.19921875 0.80703125 0.0671875 0.2203125
3 0.51640625 0.4296875 0.0421875 0.12109375
3 0.81484375 0.30859375 0.03046875 0.096875
3 0.76875 0.32734375 0.04296875 0.08984375
3 0.70390625 0.453125 0.0375 0.1265625
3 0.23515625 0.35546875 0.03125 0.11953125
3 0.6390625 0.60078125 0.04375 0.14765625
3 0.9484375 0.46171875 0.04453125 0.13125
3 0.053125 0.45546875 0.0359375 0.14296875
2 0.64609375 0.5171875 0.0359375 0.11484375
0 0.43359375 0.34765625 0.0140625 0.02578125
3 0.49921875 0.32109375 0.0390625 0.08671875
3 0.68671875 0.36640625 0.03203125 0.08203125
3 0.05703125 0.61171875 0.04609375 0.1578125
3 0.58046875 0.6328125 0.046875 0.14296875
3 0.4703125 0.33671875 0.03359375 0.04453125
3 0.671875 0.23046875 0.03125 0.08515625