3 0.9109375 0.59765625 0.04609375 0.16171875
3 0.31484375 0.5390625 0.03984375 0.13515625
3 0.39140625 0.421875 0.03671875 0.1234375
2 0.65 0.409375 0.0265625 0.11484375
3 0.9890625 0.3515625 0.021875 0.125
3 0.60859375 0.3390625 0.02890625 0.09921875
3 0.7140625 0.33984375 0.0234375 0.0953125
3 0.75234375 0.43203125 0.03046875 0.11328125
3 0.19375 0.5796875 0.028125 0.1484375
3 0.43671875 0.36171875 0.03359375 0.11015625
3 0.459375 0.38671875 0.03515625 0.0875
3 0.5234375 0.321875 0.025 0.09921875
3 0.74296875 0.34140625 0.0265625 0.1078125
3 0.36875 0.39375 0.02578125 0.10546875