3 0.046875 0.4234375 0.03828125 0.1125
3 0.14609375 0.5359375 0.03203125 0.134375
3 0.29296875 0.4484375 0.03046875 0.1125
3 0.4828125 0.81171875 0.04140625 0.16953125
3 0.57109375 0.6484375 0.0328125 0.1453125
3 0.44609375 0.45 0.02890625 0.109375
3 0.53359375 0.396875 0.03125 0.08984375
3 0.56328125 0.4390625 0.03046875 0.09140625
3 0.54921875 0.42890625 0.021875 0.08984375
3 0.40859375 0.34921875 0.0171875 0.08515625
2 0.4171875 0.40078125 0.02109375 0.08828125
3 0.71015625 0.334375 0.03125 0.1
3 0.746875 0.41015625 0.0375 0.0984375
3 0.8546875 0.47421875 0.03046875 0.121875
3 0.79375 0.61328125 0.0359375 0.153125
0 0.69921875 0.44453125 0.01484375 0.028125