3 0.103125 0.39765625 0.03671875 0.10546875
3 0.83203125 0.36484375 0.034375 0.1125
3 0.85078125 0.5703125 0.0484375 0.1375
3 0.39296875 0.475 0.03125 0.12265625
3 0.12890625 0.53984375 0.0390625 0.128125
2 0.21328125 0.503125 0.0328125 0.128125
3 0.5109375 0.34296875 0.028125 0.0953125
3 0.38515625 0.58984375 0.028125 0.1265625
3 0.2734375 0.2765625 0.021875 0.07734375
3 0.09140625 0.2828125 0.02578125 0.084375
3 0.2734375 0.2296875 0.0171875 0.0625
2 0.11796875 0.215625 0.02734375 0.06796875
0 0.82421875 0.60390625 0.0140625 0.028125