1 0.61015625 0.40703125 0.02265625 0.06484375
2 0.67265625 0.59296875 0.02890625 0.1046875
3 0.4015625 0.71171875 0.03125 0.1171875
3 0.5296875 0.55234375 0.02421875 0.0953125
3 0.71796875 0.5671875 0.025 0.109375
3 0.54609375 0.47109375 0.02890625 0.06640625
3 0.19140625 0.58125 0.0375 0.07578125
3 0.153125 0.62109375 0.04140625 0.1
3 0.13125 0.58125 0.03828125 0.09140625
3 0.9578125 0.4296875 0.0234375 0.08203125
3 0.82578125 0.4046875 0.01875 0.07421875
3 0.8 0.40703125 0.0171875 0.06484375
3 0.790625 0.440625 0.0234375 0.06640625
3 0.73359375 0.4359375 0.02421875 0.06953125
3 0.75859375 0.42109375 0.0203125 0.08046875
3 0.65859375 0.41796875 0.02578125 0.07734375
3 0.7765625 0.40234375 0.0203125 0.06953125