3 0.69296875 0.4015625 0.04921875 0.1171875
3 0.1640625 0.3953125 0.04609375 0.13515625
3 0.96875 0.33984375 0.05 0.13515625
3 0.74453125 0.5578125 0.04140625 0.11328125
3 0.51640625 0.68046875 0.06640625 0.146875
3 0.45 0.28125 0.03515625 0.0984375
3 0.29453125 0.57890625 0.0421875 0.14765625
2 0.5421875 0.3828125 0.0421875 0.121875
3 0.38671875 0.8625 0.04921875 0.246875
3 0.6140625 0.30234375 0.0328125 0.1109375
3 0.33515625 0.33984375 0.02421875 0.1328125
3 0.38671875 0.28125 0.0359375 0.1234375
0 0.35390625 0.38984375 0.01484375 0.03203125