3 0.209375 0.9046875 0.0515625 0.18984375
3 0.9515625 0.55625 0.03828125 0.140625
3 0.53359375 0.4609375 0.03671875 0.10546875
3 0.53359375 0.34453125 0.02578125 0.0765625
3 0.0640625 0.43671875 0.02734375 0.1140625
3 0.7390625 0.37578125 0.0359375 0.090625
2 0.27421875 0.278125 0.02578125 0.06796875
3 0.6296875 0.33125 0.0296875 0.07421875
3 0.21796875 0.51015625 0.03203125 0.11171875
3 0.51171875 0.56875 0.0296875 0.1234375
3 0.3796875 0.33203125 0.0234375 0.06875
3 0.3890625 0.39375 0.0234375 0.084375
3 0.6125 0.4390625 0.0265625 0.09375
3 0.31640625 0.334375 0.02578125 0.0703125
2 0.271875 0.525 0.0328125 0.11953125