3 0.271875 0.2265625 0.03046875 0.09375
3 0.73046875 0.48125 0.034375 0.12734375
3 0.23359375 0.684375 0.04453125 0.16015625
3 0.44765625 0.68671875 0.04765625 0.16015625
3 0.56171875 0.5375 0.0484375 0.12890625
3 0.1140625 0.578125 0.03828125 0.15546875
3 0.79375 0.140625 0.01875 0.0671875
3 0.31875 0.190625 0.025 0.084375
3 0.5171875 0.53359375 0.0484375 0.1171875
3 0.06484375 0.3953125 0.03515625 0.125
3 0.85703125 0.11875 0.01953125 0.07109375
3 0.390625 0.7265625 0.0421875 0.1703125
3 0.6609375 0.26796875 0.02734375 0.096875
3 0.3625 0.203125 0.02109375 0.07421875
3 0.528125 0.275 0.021875 0.0796875
2 0.525 0.340625 0.025 0.1
3 0.359375 0.15078125 0.01953125 0.06796875
0 0.50234375 0.57421875 0.015625 0.0328125