3 0.55625 0.5953125 0.0453125 0.17734375
2 0.4578125 0.38515625 0.03125 0.1234375
2 0.6890625 0.54375 0.03671875 0.15859375
3 0.6171875 0.48984375 0.03203125 0.1390625
1 0.3453125 0.4203125 0.03515625 0.11953125
3 0.65078125 0.5859375 0.03671875 0.15625
3 0.5859375 0.65625 0.04296875 0.1640625
3 0.98828125 0.5234375 0.0234375 0.19921875
3 0.59453125 0.58203125 0.0328125 0.16484375
3 0.81328125 0.54375 0.040625 0.15859375
3 0.97578125 0.47109375 0.04375 0.12890625
3 0.6734375 0.6015625 0.040625 0.15859375