3 0.1625 0.628125 0.053125 0.13203125
2 0.13125 0.4421875 0.04453125 0.10703125
1 0.4921875 0.246875 0.02578125 0.06796875
3 0.24609375 0.59453125 0.04375 0.13125
3 0.425 0.30390625 0.03671875 0.08984375
3 0.51328125 0.4296875 0.04609375 0.10703125
3 0.5625 0.40703125 0.034375 0.1015625
3 0.26328125 0.3046875 0.034375 0.08125
3 0.33828125 0.40859375 0.03671875 0.096875
3 0.29296875 0.30390625 0.03515625 0.08359375
3 0.66171875 0.39375 0.01640625 0.075
3 0.68671875 0.4046875 0.0328125 0.07421875
0 0.6765625 0.4515625 0.0125 0.01796875