3 0.140625 0.515625 0.03515625 0.115625
3 0.28671875 0.4875 0.02890625 0.09921875
3 0.4921875 0.5328125 0.03046875 0.11640625
3 0.35390625 0.471875 0.02890625 0.1015625
3 0.265625 0.4328125 0.02421875 0.09921875
1 0.75703125 0.465625 0.03828125 0.09296875
3 0.3578125 0.56484375 0.02890625 0.11171875
3 0.4359375 0.60234375 0.03125 0.1140625
3 0.30859375 0.52109375 0.03203125 0.10859375
3 0.39296875 0.5046875 0.0296875 0.10625
3 0.20390625 0.55703125 0.0296875 0.10625
3 0.22109375 0.5359375 0.03046875 0.10390625
3 0.4234375 0.53203125 0.02578125 0.096875
3 0.084375 0.45859375 0.02265625 0.096875
3 0.43203125 0.49765625 0.0234375 0.07109375
3 0.0765625 0.3921875 0.0234375 0.07734375