1 0.75859375 0.47734375 0.03515625 0.08671875
3 0.20546875 0.44921875 0.025 0.08828125
3 0.0671875 0.55546875 0.0453125 0.103125
3 0.38125 0.6078125 0.04609375 0.11328125
3 0.41875 0.51484375 0.0421875 0.103125
3 0.32890625 0.54140625 0.04296875 0.115625
3 0.475 0.47265625 0.04765625 0.10546875
3 0.8328125 0.5375 0.0421875 0.09140625
3 0.5359375 0.4890625 0.03984375 0.11015625
3 0.0453125 0.4375 0.03359375 0.07734375
3 0.59140625 0.4921875 0.04609375 0.121875
3 0.62578125 0.50859375 0.034375 0.10390625
3 0.665625 0.503125 0.04375 0.1171875
0 0.3796875 0.44765625 0.01328125 0.028125
2 0.1015625 0.50078125 0.02109375 0.10625
3 0.1828125 0.45234375 0.021875 0.08046875