3 0.609375 0.45625 0.03125 0.1125
3 0.42890625 0.41484375 0.0328125 0.10703125
2 0.78984375 0.2546875 0.0265625 0.090625
3 0.73359375 0.459375 0.0375 0.09375
3 0.88828125 0.30234375 0.02734375 0.1015625
3 0.6609375 0.21796875 0.02265625 0.0953125
3 0.5421875 0.3875 0.03125 0.10546875
3 0.6796875 0.34921875 0.02109375 0.09609375
3 0.24453125 0.26484375 0.03046875 0.09765625
3 0.69296875 0.509375 0.02890625 0.12109375
3 0.9484375 0.56484375 0.03671875 0.1109375
3 0.57109375 0.440625 0.028125 0.11171875
3 0.49921875 0.41484375 0.02734375 0.1078125
3 0.40234375 0.065625 0.021875 0.07890625
3 0.19765625 0.2171875 0.02578125 0.08515625
3 0.7859375 0.134375 0.02421875 0.08203125
3 0.5234375 0.04296875 0.0203125 0.0765625
3 0.91953125 0.025 0.02265625 0.04921875
1 0.5953125 0.69609375 0.040625 0.1421875