3 0.5265625 0.6625 0.04375 0.15546875
3 0.54609375 0.40859375 0.02890625 0.1
3 0.38984375 0.353125 0.0234375 0.0828125
3 0.23203125 0.44140625 0.03359375 0.12890625
3 0.60234375 0.34765625 0.02734375 0.08828125
3 0.87109375 0.4546875 0.0328125 0.12265625
3 0.48046875 0.3640625 0.03046875 0.08359375
3 0.89296875 0.57890625 0.0375 0.1453125
3 0.3359375 0.56875 0.03671875 0.13671875
3 0.45546875 0.36953125 0.0234375 0.08203125
3 0.128125 0.35078125 0.0234375 0.084375
3 0.159375 0.37265625 0.03203125 0.09609375
3 0.725 0.43671875 0.03125 0.1234375
2 0.37109375 0.471875 0.03125 0.12109375
2 0.0484375 0.3125 0.0296875 0.09375
3 0.79375 0.37578125 0.02421875 0.1109375
3 0.53359375 0.340625 0.021875 0.0828125
3 0.40703125 0.35 0.02421875 0.0890625