2 0.490625 0.61171875 0.04609375 0.128125
2 0.86015625 0.3 0.02421875 0.07578125
1 0.5125 0.440625 0.0234375 0.103125
3 0.92265625 0.56640625 0.0328125 0.1265625
3 0.6765625 0.5875 0.03671875 0.109375
3 0.63359375 0.46953125 0.0359375 0.103125
3 0.6296875 0.40625 0.02890625 0.09375
3 0.56015625 0.48203125 0.0390625 0.096875
3 0.5515625 0.4046875 0.0265625 0.08359375
3 0.53203125 0.453125 0.02421875 0.1125
3 0.490625 0.43671875 0.021875 0.1015625
3 0.4171875 0.4359375 0.01875 0.08515625
3 0.39453125 0.50390625 0.0421875 0.09140625
3 0.34609375 0.484375 0.034375 0.08984375
3 0.2828125 0.521875 0.03046875 0.1078125
3 0.3390625 0.4359375 0.03046875 0.08203125
3 0.3953125 0.45546875 0.03359375 0.09296875