3 0.13515625 0.87890625 0.06796875 0.18515625
3 0.5703125 0.34140625 0.02421875 0.0921875
3 0.64609375 0.45234375 0.03671875 0.11015625
3 0.46875 0.6578125 0.0359375 0.16328125
3 0.5171875 0.440625 0.0234375 0.1015625
3 0.378125 0.4984375 0.03203125 0.12109375
3 0.6359375 0.340625 0.02578125 0.08984375
3 0.73046875 0.5390625 0.03515625 0.1375
2 0.55078125 0.471875 0.0359375 0.11796875
3 0.86875 0.3484375 0.02421875 0.0984375
3 0.62421875 0.50390625 0.04375 0.12421875
3 0.35234375 0.41796875 0.0265625 0.10859375
3 0.01640625 0.4171875 0.03203125 0.11640625
3 0.5421875 0.3296875 0.0234375 0.09375
3 0.33203125 0.34140625 0.0203125 0.0953125
2 0.128125 0.2859375 0.02109375 0.078125
0 0.7828125 0.384375 0.01796875 0.028125