3 0.02890625 0.3015625 0.03359375 0.11875
3 0.15 0.290625 0.0375 0.1125
3 0.084375 0.50859375 0.05390625 0.125
3 0.246875 0.33359375 0.0375 0.0984375
3 0.30859375 0.29453125 0.0375 0.1078125
3 0.278125 0.39765625 0.028125 0.1125
3 0.49921875 0.31171875 0.04453125 0.1046875
3 0.40703125 0.4078125 0.0328125 0.1
2 0.390625 0.46953125 0.034375 0.1375
2 0.22421875 0.2375 0.0359375 0.0984375
3 0.5984375 0.3359375 0.03125 0.10625
3 0.61953125 0.4703125 0.053125 0.1234375
3 0.59140625 0.625 0.06171875 0.15703125
3 0.7109375 0.33359375 0.04375 0.1171875
3 0.77578125 0.36953125 0.04453125 0.125
3 0.94453125 0.484375 0.046875 0.17578125