2 0.47421875 0.28359375 0.03671875 0.1328125
3 0.51328125 0.49140625 0.0484375 0.1546875
3 0.6234375 0.475 0.05 0.1453125
3 0.83046875 0.36171875 0.0421875 0.11640625
3 0.2078125 0.51640625 0.0578125 0.14375
3 0.60390625 0.240625 0.04765625 0.115625
3 0.26953125 0.4734375 0.06015625 0.1671875
3 0.22890625 0.15859375 0.0296875 0.146875
3 0.22578125 0.7109375 0.0609375 0.196875
3 0.39140625 0.215625 0.03515625 0.1296875
3 0.53203125 0.05078125 0.034375 0.08359375
0 0.27109375 0.7546875 0.0234375 0.0328125
3 0.29921875 0.1921875 0.04296875 0.12734375
3 0.725 0.1296875 0.03203125 0.11953125
3 0.62421875 0.678125 0.059375 0.18359375