2 0.2375 0.52734375 0.02890625 0.0984375
3 0.69375 0.8 0.0453125 0.15546875
3 0.26328125 0.7 0.0359375 0.12890625
3 0.6875 0.56875 0.03359375 0.1203125
3 0.296875 0.45078125 0.021875 0.08671875
3 0.06015625 0.9671875 0.04921875 0.06484375
3 0.3109375 0.56953125 0.03125 0.10859375
3 0.63515625 0.44375 0.028125 0.08984375
3 0.26328125 0.44296875 0.02265625 0.08828125
3 0.31015625 0.3359375 0.0171875 0.05546875
3 0.5734375 0.42578125 0.02734375 0.08984375
3 0.46875 0.37109375 0.01953125 0.06953125
3 0.3515625 0.971875 0.03515625 0.05546875