3 0.30703125 0.53203125 0.03984375 0.1390625
3 0.11796875 0.5546875 0.0390625 0.15859375
3 0.3828125 0.3390625 0.02890625 0.11015625
3 0.36953125 0.50078125 0.034375 0.1546875
3 0.071875 0.5578125 0.04296875 0.16015625
1 0.1109375 0.2609375 0.0265625 0.090625
2 0.865625 0.4375 0.0359375 0.1421875
3 0.75078125 0.5515625 0.040625 0.1734375
3 0.6171875 0.428125 0.0296875 0.11953125
2 0.1375 0.32578125 0.03046875 0.11328125
3 0.6328125 0.41484375 0.0234375 0.11484375
3 0.44140625 0.36875 0.02890625 0.11328125
3 0.58984375 0.54609375 0.0328125 0.1375
3 0.26953125 0.34296875 0.02578125 0.09921875
3 0.2828125 0.440625 0.03046875 0.128125
0 0.753125 0.484375 0.01484375 0.04453125