0 0.178125 0.42109375 0.0078125 0.01328125
3 0.71875 0.3140625 0.02578125 0.06015625
3 0.9640625 0.7078125 0.05078125 0.12421875
3 0.5421875 0.47734375 0.0328125 0.103125
3 0.7453125 0.5625 0.03515625 0.1078125
3 0.15703125 0.48828125 0.0328125 0.08984375
3 0.8390625 0.43125 0.0328125 0.0921875
3 0.65234375 0.6765625 0.03828125 0.13203125
3 0.27734375 0.4734375 0.03046875 0.08515625
3 0.4859375 0.54921875 0.03359375 0.1078125
1 0.19375 0.30234375 0.021875 0.05390625
3 0.80703125 0.8859375 0.05234375 0.15703125
3 0.40625 0.38203125 0.02421875 0.0875
3 0.78671875 0.55078125 0.03125 0.08359375
2 0.80234375 0.5109375 0.021875 0.10625