2 0.25703125 0.5078125 0.02734375 0.0953125
3 0.4375 0.83671875 0.04296875 0.15
3 0.946875 0.91171875 0.05390625 0.1734375
3 0.08203125 0.78671875 0.0484375 0.15234375
3 0.65625 0.78984375 0.040625 0.153125
3 0.9 0.7609375 0.04140625 0.1515625
3 0.4328125 0.68359375 0.0328125 0.1203125
3 0.47265625 0.57578125 0.03125 0.1078125
3 0.22578125 0.79921875 0.03828125 0.15546875
3 0.76484375 0.546875 0.03125 0.1046875
3 0.1515625 0.59140625 0.03125 0.1171875
3 0.27578125 0.37265625 0.025 0.06015625
3 0.66015625 0.4875 0.028125 0.1046875
3 0.696875 0.525 0.03125 0.1109375
3 0.27578125 0.453125 0.0203125 0.0796875
3 0.47734375 0.40625 0.02421875 0.078125
1 0.99453125 0.43359375 0.0109375 0.1015625