3 0.053125 0.68984375 0.04375 0.1515625
3 0.21796875 0.5484375 0.03125 0.1125
3 0.3015625 0.51640625 0.03125 0.11875
3 0.32421875 0.5046875 0.03046875 0.1015625
3 0.4375 0.45703125 0.034375 0.1046875
3 0.525 0.490625 0.0203125 0.08984375
3 0.578125 0.428125 0.02578125 0.09375
3 0.5296875 0.4265625 0.02578125 0.08515625
3 0.628125 0.4421875 0.01796875 0.1
3 0.64609375 0.4203125 0.03046875 0.08203125
3 0.7 0.4484375 0.034375 0.096875
3 0.72578125 0.36953125 0.01875 0.07265625
3 0.74140625 0.42421875 0.01796875 0.08359375
3 0.78125 0.3984375 0.034375 0.05859375
3 0.78203125 0.45625 0.0328125 0.08203125
3 0.97421875 0.62734375 0.03984375 0.13125
2 0.62265625 0.553125 0.034375 0.115625
2 0.74375 0.328125 0.03203125 0.07578125
0 0.89921875 0.4546875 0.02578125 0.04140625
1 0.1140625 0.459375 0.0296875 0.103125