3 0.10078125 0.7203125 0.0390625 0.17265625
3 0.11640625 0.465625 0.0296875 0.11875
3 0.25546875 0.39296875 0.03125 0.1125
3 0.15078125 0.3765625 0.0328125 0.1046875
3 0.009375 0.32890625 0.01875 0.1015625
3 0.153125 0.30703125 0.028125 0.06484375
3 0.4046875 0.50859375 0.0515625 0.125
3 0.41796875 0.42578125 0.025 0.0984375
3 0.4671875 0.37734375 0.040625 0.109375
3 0.72421875 0.34921875 0.0328125 0.08828125
3 0.84921875 0.51484375 0.0328125 0.140625
3 0.97734375 0.87421875 0.0453125 0.20546875
0 0.70625 0.390625 0.01875 0.03125