3 0.8671875 0.26015625 0.02109375 0.06875
3 0.4046875 0.9359375 0.0453125 0.128125
3 0.53671875 0.65 0.0375 0.1484375
3 0.66875 0.3046875 0.02109375 0.078125
3 0.7359375 0.47890625 0.02734375 0.10703125
3 0.94609375 0.55234375 0.034375 0.13671875
3 0.66484375 0.78125 0.0375 0.1671875
3 0.5765625 0.27421875 0.01953125 0.07265625
3 0.4546875 0.39296875 0.021875 0.0921875
3 0.221875 0.35390625 0.0265625 0.0875
3 0.6796875 0.43046875 0.025 0.10390625
3 0.5015625 0.58203125 0.028125 0.10625
0 0.26640625 0.4125 0.009375 0.025
2 0.72265625 0.41875 0.028125 0.1
3 0.50546875 0.52265625 0.02421875 0.09296875
2 0.30546875 0.20234375 0.0140625 0.0546875