3 0.48828125 0.65078125 0.05546875 0.134375
3 0.49375 0.5046875 0.03359375 0.11640625
3 0.0265625 0.79375 0.0484375 0.1734375
3 0.6515625 0.51328125 0.0328125 0.11796875
3 0.878125 0.54140625 0.0421875 0.121875
3 0.33125 0.36328125 0.02734375 0.0703125
3 0.35625 0.478125 0.03125 0.1015625
3 0.7484375 0.43671875 0.03046875 0.10859375
3 0.615625 0.50625 0.03828125 0.10859375
3 0.38671875 0.440625 0.0234375 0.0953125
3 0.509375 0.371875 0.02734375 0.08046875
2 0.4296875 0.44296875 0.02734375 0.103125
3 0.10625 0.47421875 0.0296875 0.109375
3 0.2953125 0.5359375 0.03046875 0.1171875
3 0.1203125 0.42890625 0.02890625 0.0984375
3 0.2890625 0.42890625 0.02734375 0.08515625