3 0.8453125 0.76953125 0.0484375 0.17421875
2 0.2625 0.51953125 0.0296875 0.12109375
3 0.971875 0.41484375 0.046875 0.11640625
3 0.31484375 0.59609375 0.03046875 0.11875
3 0.20859375 0.30546875 0.02578125 0.08046875
3 0.1828125 0.41640625 0.02890625 0.09765625
3 0.28515625 0.2921875 0.03046875 0.07890625
3 0.1296875 0.3765625 0.02734375 0.0953125
3 0.3359375 0.40234375 0.03046875 0.0921875
3 0.38203125 0.32109375 0.0234375 0.07734375
3 0.33359375 0.5203125 0.028125 0.11171875
3 0.565625 0.24375 0.0203125 0.065625
2 0.38984375 0.1984375 0.02265625 0.05078125
0 0.83515625 0.52734375 0.0109375 0.0265625