3 0.56484375 0.34453125 0.0375 0.11328125
3 0.403125 0.41953125 0.03671875 0.13359375
3 0.3421875 0.20234375 0.021875 0.08359375
3 0.12578125 0.67421875 0.04765625 0.16328125
3 0.059375 0.38984375 0.03515625 0.1234375
3 0.5875 0.4625 0.03125 0.12421875
3 0.2984375 0.646875 0.04609375 0.121875
3 0.5 0.58125 0.03515625 0.14765625
3 0.9125 0.21328125 0.02265625 0.08515625
3 0.6765625 0.2390625 0.02421875 0.08984375
2 0.2546875 0.46796875 0.03046875 0.13515625
3 0.63984375 0.70078125 0.03984375 0.16640625
0 0.6125 0.76796875 0.0171875 0.03984375
3 0.17109375 0.30390625 0.02578125 0.10625
3 0.1828125 0.30625 0.0296875 0.1109375
3 0.27109375 0.58125 0.0328125 0.1515625