3 0.07734375 0.23359375 0.040625 0.08984375
3 0.58984375 0.4421875 0.0421875 0.12421875
3 0.8484375 0.5078125 0.06015625 0.128125
3 0.690625 0.5234375 0.04296875 0.1515625
3 0.071875 0.5484375 0.04140625 0.13671875
3 0.7125 0.72109375 0.05078125 0.16640625
3 0.2421875 0.11875 0.02265625 0.0640625
3 0.86328125 0.18359375 0.03203125 0.09921875
3 0.553125 0.215625 0.03125 0.08671875
3 0.340625 0.1453125 0.02578125 0.0796875
3 0.5390625 0.08828125 0.025 0.0765625
3 0.3265625 0.271875 0.02890625 0.0875
3 0.1296875 0.16015625 0.02890625 0.07734375
3 0.66171875 0.70703125 0.0515625 0.1421875
2 0.22734375 0.3875 0.0328125 0.1203125
3 0.20859375 0.35 0.02890625 0.10078125
2 0.46328125 0.92578125 0.05078125 0.1484375
0 0.73515625 0.76640625 0.02109375 0.03046875