3 0.33671875 0.51953125 0.04609375 0.1234375
3 0.3 0.38359375 0.03828125 0.109375
3 0.43671875 0.3828125 0.04375 0.10390625
3 0.51328125 0.60078125 0.0421875 0.1109375
3 0.425 0.209375 0.028125 0.08125
3 0.21484375 0.5515625 0.04765625 0.10859375
3 0.2875 0.17109375 0.02734375 0.059375
3 0.675 0.31328125 0.0296875 0.10859375
3 0.6796875 0.63203125 0.0609375 0.1484375
3 0.0140625 0.38984375 0.028125 0.1015625
2 0.2359375 0.375 0.0375 0.1078125
0 0.80703125 0.36796875 0.0140625 0.0234375
3 0.8359375 0.4453125 0.03828125 0.09375
3 0.825 0.51328125 0.03984375 0.125