3 0.5640625 0.40546875 0.046875 0.10703125
3 0.35859375 0.7734375 0.06015625 0.1703125
3 0.7828125 0.44765625 0.0421875 0.1109375
3 0.19609375 0.4578125 0.05 0.12890625
3 0.73359375 0.37578125 0.0421875 0.0921875
3 0.3375 0.4609375 0.04140625 0.1234375
3 0.73828125 0.70859375 0.05390625 0.171875
1 0.0421875 0.45234375 0.04609375 0.13203125
3 0.74140625 0.50234375 0.0484375 0.1453125
3 0.00859375 0.484375 0.015625 0.1078125
0 0.39921875 0.03984375 0.01640625 0.03984375
2 0.7484375 0.53046875 0.05390625 0.128125