2 0.25234375 0.4359375 0.0125 0.0265625
3 0.190625 0.603125 0.04140625 0.1234375
3 0.040625 0.59140625 0.03671875 0.1296875
3 0.221875 0.384375 0.0265625 0.08671875
3 0.3640625 0.47109375 0.034375 0.1
3 0.384375 0.43828125 0.02421875 0.08984375
3 0.64453125 0.81875 0.04453125 0.16171875
3 0.72421875 0.6703125 0.040625 0.14375
3 0.70546875 0.33046875 0.02109375 0.07421875
3 0.91875 0.371875 0.02890625 0.08046875
3 0.91796875 0.54375 0.03046875 0.128125
3 0.77109375 0.36796875 0.02421875 0.07890625
2 0.77578125 0.4546875 0.0265625 0.09375