3 0.2046875 0.89921875 0.05546875 0.2015625
3 0.878125 0.57890625 0.04296875 0.1484375
3 0.059375 0.38125 0.0359375 0.10703125
3 0.25625 0.39921875 0.03671875 0.11328125
3 0.49140625 0.58671875 0.04140625 0.14296875
3 0.5859375 0.34609375 0.03671875 0.09296875
3 0.80234375 0.47890625 0.03984375 0.1359375
3 0.2375 0.54140625 0.03671875 0.13359375
3 0.68828125 0.40859375 0.03515625 0.11328125
3 0.1078125 0.4609375 0.040625 0.121875
3 0.75625 0.384375 0.03359375 0.1203125
3 0.378125 0.35390625 0.03359375 0.090625
3 0.49921875 0.42109375 0.02890625 0.11015625
3 0.44921875 0.3703125 0.03046875 0.096875
2 0.46875 0.4453125 0.03359375 0.11484375