0 0.24296875 0.83203125 0.0203125 0.04609375
3 0.08125 0.40625 0.034375 0.1265625
3 0.20078125 0.75390625 0.03671875 0.153125
3 0.37890625 0.61328125 0.04609375 0.140625
3 0.3421875 0.41015625 0.0390625 0.1140625
3 0.55546875 0.47734375 0.03984375 0.11875
3 0.3765625 0.25234375 0.01796875 0.096875
3 0.50390625 0.26875 0.0265625 0.09296875
3 0.6609375 0.2359375 0.02109375 0.07734375
3 0.76953125 0.67421875 0.04609375 0.1546875
3 0.72109375 0.1515625 0.01796875 0.05859375
3 0.8734375 0.2125 0.021875 0.08828125
3 0.9578125 0.3765625 0.02578125 0.08671875
2 0.9234375 0.33359375 0.0328125 0.0953125
2 0.5421875 0.1046875 0.0171875 0.05859375