3 0.94375 0.44140625 0.0296875 0.11171875
3 0.51484375 0.46640625 0.03984375 0.12421875
3 0.56328125 0.44140625 0.03203125 0.1234375
3 0.88671875 0.55859375 0.0359375 0.140625
3 0.665625 0.40546875 0.03515625 0.1171875
3 0.3546875 0.55546875 0.0390625 0.12734375
3 0.30546875 0.55625 0.03203125 0.12109375
2 0.659375 0.54609375 0.03203125 0.1375
3 0.778125 0.76015625 0.04296875 0.18046875
3 0.84765625 0.38515625 0.0296875 0.1046875
3 0.2765625 0.49375 0.02734375 0.11328125
3 0.4125 0.44296875 0.03515625 0.1140625
3 0.246875 0.51015625 0.03125 0.13203125
2 0.896875 0.31171875 0.03046875 0.08671875
3 0.81796875 0.4015625 0.034375 0.10390625
3 0.62734375 0.53125 0.03203125 0.1296875
3 0.4703125 0.44375 0.02734375 0.10390625
3 0.44921875 0.50078125 0.03359375 0.1234375
1 0.32890625 0.40703125 0.0296875 0.11875