3 0.6953125 0.6703125 0.07578125 0.1390625
3 0.4640625 0.5421875 0.040625 0.12578125
3 0.45546875 0.2640625 0.03046875 0.078125
3 0.190625 0.415625 0.03203125 0.115625
3 0.5125 0.26015625 0.03046875 0.08203125
3 0.22734375 0.359375 0.02734375 0.0953125
3 0.66171875 0.503125 0.0390625 0.09921875
0 0.70703125 0.478125 0.01328125 0.0296875
3 0.6140625 0.371875 0.03828125 0.10078125
2 0.253125 0.478125 0.04609375 0.12734375
3 0.56796875 0.40234375 0.028125 0.09375
3 0.76875 0.621875 0.04921875 0.13046875
3 0.65703125 0.4359375 0.02734375 0.08671875
3 0.79140625 0.325 0.03359375 0.10234375