3 0.359375 0.4546875 0.040625 0.1046875
3 0.146875 0.49140625 0.046875 0.12421875
3 0.35546875 0.60390625 0.04609375 0.096875
3 0.9078125 0.309375 0.0375 0.1
3 0.25390625 0.7125 0.053125 0.15546875
2 0.47890625 0.45 0.03671875 0.09921875
3 0.1328125 0.40546875 0.040625 0.1125
3 0.7 0.38203125 0.0421875 0.10390625
3 0.45703125 0.3234375 0.03359375 0.0984375
3 0.26875 0.2890625 0.03203125 0.090625
3 0.384375 0.33203125 0.03671875 0.1015625
3 0.95390625 0.43046875 0.040625 0.12109375
3 0.74453125 0.29375 0.03203125 0.08515625
3 0.81015625 0.5796875 0.04453125 0.14375
0 0.38203125 0.69453125 0.015625 0.040625
3 0.5671875 0.46171875 0.0328125 0.10859375
3 0.0234375 0.4203125 0.0421875 0.1296875
3 0.57421875 0.41484375 0.03203125 0.1234375