3 0.65859375 0.58671875 0.0328125 0.12109375
3 0.88984375 0.64765625 0.0390625 0.15
3 0.12109375 0.57890625 0.04140625 0.134375
3 0.77578125 0.559375 0.0359375 0.12421875
3 0.45859375 0.47109375 0.03125 0.0953125
3 0.59296875 0.52421875 0.03203125 0.1171875
3 0.69765625 0.578125 0.034375 0.1265625
3 0.41015625 0.53125 0.03125 0.1125
3 0.29375 0.45703125 0.02734375 0.1
1 0.87265625 0.48515625 0.02265625 0.10234375
3 0.25546875 0.40625 0.025 0.090625
2 0.06484375 0.459375 0.0328125 0.1015625
3 0.62265625 0.5078125 0.02890625 0.1109375
3 0.20234375 0.4375 0.0328125 0.0859375
3 0.221875 0.45703125 0.0296875 0.08125
3 0.33359375 0.471875 0.02421875 0.090625
3 0.27109375 0.43671875 0.0234375 0.0828125
3 0.34375 0.440625 0.025 0.08359375
0 0.203125 0.4640625 0.009375 0.01796875