3 0.43046875 0.41953125 0.0390625 0.0734375
3 0.71171875 0.63125 0.04765625 0.1390625
3 0.50625 0.4125 0.03125 0.09375
3 0.4265625 0.34296875 0.0203125 0.06796875
3 0.7125 0.33125 0.021875 0.084375
3 0.75390625 0.54140625 0.03359375 0.1296875
3 0.54609375 0.384375 0.03046875 0.0890625
2 0.04453125 0.32734375 0.03203125 0.08515625
3 0.1 0.7359375 0.0390625 0.1609375
3 0.253125 0.50390625 0.02890625 0.11484375
3 0.4859375 0.3484375 0.02265625 0.0796875
3 0.3484375 0.38125 0.02421875 0.09609375
2 0.225 0.50390625 0.02734375 0.11640625
3 0.565625 0.328125 0.0234375 0.06640625
0 0.48515625 0.3765625 0.009375 0.01484375