2 0.52890625 0.3765625 0.03984375 0.1125
3 0.81796875 0.2875 0.0421875 0.090625
3 0.2234375 0.453125 0.05390625 0.134375
3 0.4390625 0.73515625 0.05859375 0.20546875
3 0.5625 0.3453125 0.0453125 0.1046875
3 0.75859375 0.425 0.03984375 0.11640625
3 0.8875 0.33984375 0.04921875 0.12109375
3 0.57421875 0.621875 0.0421875 0.153125
3 0.984375 0.43828125 0.03125 0.13359375
3 0.26328125 0.3234375 0.034375 0.07578125
3 0.32265625 0.5703125 0.04609375 0.14921875
3 0.6953125 0.2859375 0.0390625 0.09609375
3 0.34140625 0.28828125 0.02578125 0.0984375