2 0.55546875 0.509375 0.03046875 0.121875
3 0.74296875 0.59453125 0.0421875 0.1375
2 0.39375 0.30703125 0.028125 0.07578125
3 0.79921875 0.46796875 0.03203125 0.1171875
3 0.63046875 0.5921875 0.03828125 0.13828125
3 0.9625 0.3953125 0.03671875 0.1046875
3 0.4640625 0.43203125 0.028125 0.10625
3 0.3765625 0.38671875 0.03046875 0.0984375
3 0.25 0.525 0.0359375 0.115625
3 0.63828125 0.4125 0.0265625 0.103125
3 0.859375 0.3796875 0.03203125 0.1015625
3 0.55546875 0.4125 0.034375 0.09140625
3 0.67265625 0.4359375 0.025 0.09921875
3 0.66796875 0.36484375 0.02265625 0.08671875
3 0.26796875 0.446875 0.034375 0.08125
3 0.2390625 0.41484375 0.028125 0.1078125
0 0.28359375 0.42734375 0.01328125 0.025