3 0.97109375 0.86875 0.05625 0.18359375
3 0.934375 0.50703125 0.04765625 0.1265625
2 0.24765625 0.509375 0.03984375 0.11875
3 0.81171875 0.4203125 0.0453125 0.10390625
3 0.265625 0.603125 0.04765625 0.13359375
3 0.6046875 0.42734375 0.04375 0.1046875
3 0.0671875 0.55546875 0.04921875 0.1421875
3 0.60234375 0.61484375 0.0484375 0.1375
0 0.553125 0.4359375 0.015625 0.02265625
3 0.51640625 0.3875 0.03359375 0.0921875
3 0.1890625 0.45234375 0.0453125 0.11640625
3 0.48515625 0.4015625 0.034375 0.09296875
3 0.2390625 0.35234375 0.0265625 0.06015625
3 0.4640625 0.378125 0.03125 0.09140625