2 0.27734375 0.45546875 0.02734375 0.10390625
3 0.2125 0.74609375 0.04609375 0.1546875
3 0.31640625 0.559375 0.03828125 0.12265625
3 0.20390625 0.92421875 0.0453125 0.14453125
3 0.2984375 0.37265625 0.0265625 0.08828125
3 0.2453125 0.53984375 0.0328125 0.11953125
3 0.42734375 0.49375 0.0328125 0.11875
3 0.30234375 0.23125 0.025 0.071875
3 0.41953125 0.2578125 0.02109375 0.071875
3 0.4 0.346875 0.0296875 0.08515625
3 0.24140625 0.24921875 0.0203125 0.06796875
3 0.88671875 0.32578125 0.02734375 0.096875
3 0.1734375 0.3171875 0.02421875 0.08671875
3 0.1875 0.315625 0.0203125 0.08046875
3 0.496875 0.190625 0.021875 0.06015625
0 0.91875 0.60625 0.01484375 0.0328125
0 0.91484375 0.60234375 0.01484375 0.03203125