1 0.73984375 0.36640625 0.02890625 0.10625
0 0.66171875 0.39296875 0.0171875 0.0296875
3 0.496875 0.434375 0.028125 0.109375
3 0.58125 0.69765625 0.03125 0.1453125
3 0.41875 0.62734375 0.03359375 0.14375
3 0.36171875 0.41640625 0.02109375 0.0984375
3 0.8453125 0.56875 0.03828125 0.10625
3 0.6734375 0.5921875 0.04140625 0.115625
3 0.684375 0.56875 0.034375 0.13125
2 0.08828125 0.46640625 0.02578125 0.1171875
3 0.06640625 0.36953125 0.0234375 0.115625
3 0.0578125 0.6375 0.053125 0.1328125
3 0.01484375 0.84609375 0.02890625 0.16796875