2 0.43984375 0.515625 0.03984375 0.1375
3 0.521875 0.715625 0.0421875 0.171875
3 0.86328125 0.478125 0.03671875 0.13046875
3 0.8125 0.5203125 0.0390625 0.12265625
2 0.41015625 0.3328125 0.0296875 0.0859375
3 0.20390625 0.42421875 0.028125 0.1140625
3 0.06953125 0.46484375 0.03359375 0.11640625
3 0.0203125 0.58671875 0.034375 0.1328125
3 0.359375 0.4171875 0.028125 0.1046875
3 0.140625 0.4671875 0.0296875 0.1171875
3 0.17890625 0.51484375 0.03125 0.11484375
3 0.7875 0.3875 0.0359375 0.10078125
3 0.75546875 0.396875 0.02734375 0.09296875
3 0.17421875 0.42421875 0.028125 0.09140625
3 0.67109375 0.37265625 0.03203125 0.09453125
3 0.0078125 0.5109375 0.01484375 0.1015625
3 0.74609375 0.36171875 0.02734375 0.084375