3 0.6828125 0.30546875 0.03828125 0.13671875
3 0.3265625 0.1890625 0.0328125 0.10234375
3 0.2703125 0.340625 0.03046875 0.12890625
3 0.80078125 0.27890625 0.03359375 0.13828125
3 0.478125 0.20078125 0.04140625 0.12265625
3 0.15625 0.59921875 0.0421875 0.17109375
3 0.5375 0.46953125 0.0390625 0.15625
3 0.5015625 0.47109375 0.0359375 0.1328125
3 0.61953125 0.0796875 0.03359375 0.1
3 0.19609375 0.26953125 0.040625 0.121875
3 0.31328125 0.03515625 0.0265625 0.0703125
3 0.221875 0.03203125 0.03046875 0.05859375
0 0.5171875 0.421875 0.0125 0.03203125