3 0.45 0.33046875 0.0359375 0.08515625
3 0.56953125 0.37421875 0.04453125 0.103125
3 0.2921875 0.38828125 0.04375 0.1125
3 0.53359375 0.31953125 0.0359375 0.08125
3 0.8359375 0.47109375 0.04765625 0.11484375
3 0.38359375 0.4625 0.04453125 0.13203125
3 0.62109375 0.340625 0.04375 0.09765625
3 0.32421875 0.31171875 0.0375 0.07890625
3 0.65546875 0.3828125 0.04453125 0.11875
3 0.91171875 0.38203125 0.04609375 0.11796875
3 0.67265625 0.39609375 0.040625 0.10546875
3 0.6859375 0.81484375 0.04453125 0.11484375
3 0.25859375 0.87578125 0.0609375 0.19453125
0 0.3453125 0.33984375 0.01796875 0.021875
2 0.40859375 0.36484375 0.03046875 0.08125