3 0.48125 0.7765625 0.0578125 0.18515625
3 0.05859375 0.2890625 0.0359375 0.0953125
3 0.146875 0.253125 0.03203125 0.07734375
3 0.35625 0.28984375 0.03515625 0.084375
0 0.334375 0.39921875 0.0125 0.034375
3 0.3015625 0.4140625 0.03984375 0.1296875
3 0.4859375 0.25078125 0.0296875 0.0765625
3 0.3015625 0.34375 0.03515625 0.0921875
2 0.24453125 0.56640625 0.046875 0.18359375
3 0.6171875 0.44453125 0.04296875 0.125
3 0.3078125 0.53984375 0.03828125 0.14140625
0 0.9921875 0.9734375 0.01484375 0.04375
3 0.52421875 0.40546875 0.0328125 0.11875
3 0.79921875 0.4640625 0.0359375 0.134375
2 0.18828125 0.19140625 0.03125 0.07109375
3 0.07578125 0.47578125 0.053125 0.13125