3 0.4671875 0.54453125 0.0375 0.11953125
3 0.4171875 0.52109375 0.03203125 0.11796875
3 0.52109375 0.396875 0.02890625 0.1015625
3 0.46015625 0.40625 0.028125 0.10390625
2 0.71875 0.484375 0.0359375 0.11796875
3 0.7046875 0.38828125 0.025 0.0953125
3 0.5828125 0.3671875 0.025 0.0921875
3 0.46328125 0.715625 0.0390625 0.1671875
3 0.88515625 0.38515625 0.025 0.0984375
3 0.57109375 0.36875 0.0234375 0.0921875
3 0.134375 0.40546875 0.0234375 0.0953125
3 0.853125 0.38125 0.02578125 0.0984375
3 0.11484375 0.39375 0.0203125 0.08984375
2 0.1609375 0.3296875 0.025 0.08125
3 0.2375 0.33125 0.025 0.09140625