0 0.121875 0.64609375 0.015625 0.0234375
1 0.365625 0.328125 0.025 0.08203125
2 0.85859375 0.68515625 0.06953125 0.1390625
3 0.13984375 0.6234375 0.03125 0.1296875
3 0.26484375 0.659375 0.0359375 0.128125
3 0.4171875 0.51640625 0.04765625 0.10625
3 0.4109375 0.9109375 0.03984375 0.17109375
3 0.50390625 0.78828125 0.0359375 0.16328125
3 0.6109375 0.4234375 0.02890625 0.1
3 0.6671875 0.5515625 0.034375 0.115625
3 0.71953125 0.6359375 0.0421875 0.1265625
3 0.81328125 0.35234375 0.0265625 0.09375
3 0.878125 0.52109375 0.05390625 0.115625
3 0.9703125 0.36484375 0.04375 0.096875