3 0.51796875 0.63984375 0.06328125 0.14453125
2 0.184375 0.31875 0.05390625 0.10703125
3 0.578125 0.04453125 0.0203125 0.05078125
3 0.60625 0.57265625 0.0625 0.14375
3 0.61875 0.06953125 0.021875 0.06171875
3 0.4015625 0.034375 0.0203125 0.05078125
3 0.68515625 0.11875 0.025 0.07109375
0 0.253125 0.425 0.02421875 0.034375
3 0.46484375 0.1953125 0.02890625 0.084375
3 0.73984375 0.2515625 0.0359375 0.1015625
3 0.09140625 0.10703125 0.0296875 0.0671875
3 0.41484375 0.184375 0.034375 0.08671875
3 0.640625 0.11171875 0.02265625 0.075