3 0.5171875 0.89375 0.07734375 0.21015625
3 0.3171875 0.76796875 0.07421875 0.20078125
3 0.2734375 0.4671875 0.06484375 0.13359375
3 0.55078125 0.20546875 0.0421875 0.103125
3 0.1421875 0.43125 0.04765625 0.14921875
3 0.0625 0.2796875 0.05 0.1375
3 0.53125 0.446875 0.05390625 0.14765625
3 0.4671875 0.44765625 0.04921875 0.13515625
3 0.18515625 0.2609375 0.02734375 0.12109375
3 0.4875 0.36171875 0.04140625 0.09765625
3 0.8390625 0.28125 0.04140625 0.134375
3 0.15625 0.29140625 0.046875 0.13203125
2 0.20625 0.43125 0.04375 0.134375