3 0.2328125 0.6828125 0.04375 0.1203125
3 0.87265625 0.22265625 0.01953125 0.071875
3 0.4046875 0.2890625 0.02421875 0.0921875
3 0.69609375 0.3125 0.02265625 0.090625
0 0.29921875 0.6546875 0.0171875 0.0359375
3 0.71328125 0.3953125 0.03046875 0.10078125
3 0.1515625 0.4578125 0.02734375 0.1203125
3 0.646875 0.54609375 0.03125 0.12890625
3 0.784375 0.20703125 0.01640625 0.06015625
3 0.478125 0.42578125 0.02734375 0.1046875
3 0.98984375 0.3296875 0.01953125 0.09453125
2 0.9359375 0.30078125 0.028125 0.0953125
2 0.4546875 0.15859375 0.0171875 0.04921875