1 0.34140625 0.2546875 0.021875 0.0875
2 0.634375 0.4796875 0.03125 0.109375
3 0.31875 0.67109375 0.04375 0.14375
3 0.8484375 0.659375 0.0421875 0.153125
3 0.14921875 0.5984375 0.04453125 0.1390625
3 0.25703125 0.53046875 0.03671875 0.1296875
3 0.6890625 0.46484375 0.03828125 0.11484375
3 0.38984375 0.48046875 0.0390625 0.125
3 0.49375 0.39921875 0.0328125 0.09921875
3 0.98515625 0.42265625 0.0296875 0.1171875
3 0.615625 0.34140625 0.0265625 0.1015625
3 0.67265625 0.303125 0.0265625 0.09375
3 0.4671875 0.36953125 0.028125 0.09375
3 0.36328125 0.4734375 0.02890625 0.11953125
3 0.35234375 0.89921875 0.04609375 0.1875