3 0.015625 0.5703125 0.03125 0.16171875
3 0.0140625 0.39296875 0.028125 0.125
3 0.07421875 0.35859375 0.03203125 0.109375
3 0.11015625 0.37265625 0.03046875 0.115625
3 0.4375 0.284375 0.03125 0.09140625
3 0.5 0.334375 0.028125 0.10625
3 0.5328125 0.41953125 0.034375 0.1234375
3 0.50390625 0.86953125 0.05625 0.19921875
3 0.67890625 0.2984375 0.0359375 0.06328125
3 0.6875 0.24921875 0.03125 0.06015625
3 0.75625 0.228125 0.0265625 0.09296875
3 0.78671875 0.40234375 0.04375 0.11875
3 0.82265625 0.5890625 0.0484375 0.17109375
3 0.91640625 0.3828125 0.034375 0.1171875
2 0.6109375 0.434375 0.04375 0.140625
0 0.71171875 0.27421875 0.01640625 0.0234375
2 0.27890625 0.1984375 0.02578125 0.07578125