3 0.7046875 0.4203125 0.03515625 0.1046875
3 0.15859375 0.828125 0.05078125 0.18125
3 0.5390625 0.44140625 0.03203125 0.1015625
3 0.128125 0.42109375 0.03515625 0.10625
3 0.48515625 0.43671875 0.0296875 0.09921875
3 0.60703125 0.39765625 0.03359375 0.10703125
3 0.5828125 0.34609375 0.02265625 0.08203125
3 0.2296875 0.3484375 0.02265625 0.0875
3 0.77734375 0.653125 0.0390625 0.13828125
3 0.42890625 0.46171875 0.03671875 0.0890625
3 0.7984375 0.43828125 0.02734375 0.11953125
3 0.10703125 0.34921875 0.02421875 0.0859375
3 0.475 0.346875 0.0234375 0.08359375
2 0.2890625 0.43828125 0.02734375 0.115625
3 0.45234375 0.44296875 0.03046875 0.09375