1 0.978125 0.4359375 0.021875 0.090625
3 0.228125 0.2640625 0.02890625 0.0875
3 0.16796875 0.4734375 0.03046875 0.09765625
3 0.5328125 0.2953125 0.02578125 0.078125
3 0.590625 0.34296875 0.0234375 0.08046875
3 0.6921875 0.50703125 0.02265625 0.0890625
3 0.75078125 0.58671875 0.03515625 0.10078125
3 0.384375 0.4609375 0.02734375 0.090625
3 0.6484375 0.28671875 0.021875 0.07734375
3 0.37109375 0.259375 0.02265625 0.08203125
3 0.5640625 0.3671875 0.021875 0.084375
3 0.14921875 0.15703125 0.021875 0.075
3 0.590625 0.21640625 0.034375 0.0765625
3 0.45234375 0.2203125 0.0234375 0.065625
3 0.7 0.42265625 0.0203125 0.08125
3 0.39453125 0.2140625 0.01953125 0.06796875
3 0.4375 0.1765625 0.02265625 0.05234375
3 0.68671875 0.4 0.0234375 0.09140625
3 0.45625 0.17421875 0.02421875 0.04296875
2 0.38515625 0.25390625 0.0171875 0.0734375
2 0.01171875 0.05703125 0.01796875 0.06953125