3 0.3609375 0.725 0.05390625 0.16875
3 0.6890625 0.6859375 0.0421875 0.15390625
3 0.64296875 0.52890625 0.03984375 0.12109375
3 0.425 0.4828125 0.0390625 0.11484375
3 0.54765625 0.428125 0.0390625 0.08984375
2 0.28984375 0.3078125 0.03359375 0.08671875
3 0.14296875 0.48359375 0.03828125 0.12734375
3 0.175 0.4109375 0.0359375 0.11328125
3 0.6953125 0.3953125 0.03125 0.10390625
3 0.2578125 0.425 0.0328125 0.1140625
3 0.66328125 0.403125 0.02890625 0.10078125
3 0.40546875 0.35390625 0.02578125 0.096875
3 0.93828125 0.33671875 0.034375 0.0890625
3 0.51875 0.37421875 0.02578125 0.10078125
3 0.98046875 0.3578125 0.03046875 0.1015625
3 0.49140625 0.42265625 0.0265625 0.0890625
2 0.77890625 0.4484375 0.0296875 0.11328125