3 0.27890625 0.609375 0.0421875 0.13515625
3 0.60390625 0.50234375 0.0328125 0.109375
3 0.725 0.65625 0.05078125 0.153125
3 0.5296875 0.54609375 0.0296875 0.12421875
3 0.96171875 0.415625 0.0296875 0.10859375
3 0.35234375 0.5453125 0.03515625 0.11484375
2 0.64375 0.58671875 0.0328125 0.140625
3 0.19609375 0.5515625 0.03203125 0.1265625
3 0.73515625 0.51953125 0.03671875 0.11328125
3 0.3140625 0.51015625 0.03671875 0.1203125
3 0.4609375 0.47734375 0.03203125 0.11484375
3 0.55234375 0.46328125 0.03828125 0.08984375
1 0.2703125 0.48359375 0.02890625 0.1046875
3 0.98984375 0.6046875 0.015625 0.12265625
0 0.521875 0.45 0.0140625 0.025
3 0.4390625 0.4609375 0.028125 0.11796875
3 0.571875 0.41015625 0.025 0.09296875
2 0.74140625 0.334375 0.02421875 0.07578125
3 0.54296875 0.38046875 0.0203125 0.07890625