3 0.10859375 0.60234375 0.0546875 0.16171875
3 0.23203125 0.353125 0.04765625 0.1203125
3 0.36484375 0.29140625 0.03203125 0.0984375
3 0.525 0.278125 0.028125 0.1109375
3 0.4234375 0.4390625 0.0375 0.121875
3 0.51796875 0.41328125 0.03125 0.1265625
3 0.5515625 0.5734375 0.05625 0.140625
3 0.70390625 0.2921875 0.02890625 0.096875
3 0.72421875 0.22421875 0.0234375 0.09375
3 0.8078125 0.321875 0.02890625 0.10625
2 0.95234375 0.37890625 0.034375 0.11875
2 0.63984375 0.153125 0.02421875 0.07421875
0 0.4109375 0.48828125 0.0203125 0.0296875