3 0.15390625 0.69921875 0.05546875 0.159375
2 0.61171875 0.49609375 0.03828125 0.1359375
3 0.16484375 0.4421875 0.0359375 0.121875
3 0.4984375 0.91015625 0.05546875 0.1796875
3 0.43203125 0.47890625 0.03203125 0.1171875
3 0.40390625 0.42109375 0.02734375 0.1078125
3 0.21015625 0.37265625 0.0296875 0.10703125
3 0.5 0.37890625 0.0296875 0.1015625
3 0.4515625 0.375 0.03203125 0.1046875
0 0.47734375 0.33828125 0.0109375 0.028125
3 0.690625 0.390625 0.03828125 0.11796875
2 0.39609375 0.27109375 0.028125 0.08125