3 0.86953125 0.74921875 0.06015625 0.1640625
1 0.715625 0.26484375 0.02421875 0.084375
3 0.2734375 0.91015625 0.05546875 0.17890625
3 0.56875 0.46796875 0.0453125 0.1078125
3 0.8171875 0.5375 0.04921875 0.12421875
3 0.26484375 0.58984375 0.0390625 0.13984375
3 0.76875 0.69453125 0.0390625 0.13828125
3 0.42109375 0.45546875 0.03828125 0.103125
3 0.03984375 0.33203125 0.0328125 0.0953125
3 0.32265625 0.28515625 0.028125 0.0796875
3 0.48984375 0.3046875 0.0265625 0.0984375
3 0.1 0.45078125 0.0328125 0.1125
3 0.578125 0.34375 0.02890625 0.1015625
3 0.87890625 0.484375 0.034375 0.13203125
3 0.228125 0.2953125 0.02578125 0.0890625
3 0.2734375 0.29765625 0.02734375 0.0875
3 0.434375 0.36015625 0.025 0.09296875
3 0.4484375 0.29765625 0.0234375 0.0953125
0 0.40234375 0.61875 0.01328125 0.028125