2 0.684375 0.4125 0.04765625 0.09921875
3 0.24609375 0.4640625 0.065625 0.12109375
3 0.84296875 0.35234375 0.03984375 0.09453125
3 0.36484375 0.228125 0.04140625 0.08359375
3 0.28046875 0.33359375 0.05546875 0.11171875
3 0.7546875 0.51484375 0.05078125 0.13046875
3 0.34765625 0.3953125 0.05703125 0.11171875
3 0.696875 0.2390625 0.0390625 0.07578125
3 0.96328125 0.83203125 0.06640625 0.2015625
3 0.60078125 0.77421875 0.06796875 0.1625
3 0.95078125 0.4796875 0.0515625 0.13515625
3 0.12421875 0.8765625 0.0875 0.17890625
3 0.44375 0.19296875 0.04140625 0.08515625
3 0.95859375 0.34375 0.03984375 0.1
0 0.18671875 0.74765625 0.01875 0.04375
3 0.72734375 0.18359375 0.0359375 0.0828125