2 0.1015625 0.3703125 0.0375 0.125
1 0.415625 0.09296875 0.0234375 0.07109375
3 0.14453125 0.2375 0.034375 0.10703125
3 0.52421875 0.23515625 0.0390625 0.10703125
3 0.64921875 0.37421875 0.03203125 0.103125
3 0.8578125 0.3421875 0.04296875 0.11171875
3 0.5671875 0.415625 0.04609375 0.1125
3 0.265625 0.415625 0.034375 0.125
3 0.684375 0.28984375 0.03359375 0.1078125
3 0.34921875 0.26640625 0.02578125 0.09765625
3 0.17890625 0.4875 0.04453125 0.12578125
3 0.2046875 0.16484375 0.02734375 0.075
3 0.5859375 0.484375 0.0359375 0.134375
3 0.5109375 0.621875 0.04296875 0.134375
3 0.7421875 0.2890625 0.0390625 0.11328125
3 0.72265625 0.28046875 0.03828125 0.109375
0 0.684375 0.153125 0.01015625 0.025