3 0.86953125 0.7703125 0.0671875 0.18515625
1 0.8015625 0.45703125 0.03671875 0.09765625
3 0.975 0.67265625 0.05 0.1671875
2 0.11796875 0.4828125 0.0484375 0.12265625
3 0.375 0.7203125 0.0578125 0.1796875
3 0.02890625 0.52734375 0.0515625 0.12421875
3 0.5796875 0.440625 0.05 0.10625
3 0.6390625 0.47265625 0.04453125 0.1203125
3 0.37109375 0.503125 0.0453125 0.1265625
3 0.73515625 0.509375 0.046875 0.12578125
3 0.4 0.434375 0.03984375 0.07265625
3 0.678125 0.47265625 0.04375 0.1203125
3 0.37734375 0.3609375 0.02890625 0.0609375
3 0.32734375 0.36796875 0.034375 0.06640625
3 0.7734375 0.55 0.0453125 0.15859375