3 0.91953125 0.82890625 0.0484375 0.1953125
3 0.93515625 0.53515625 0.04140625 0.1328125
3 0.32109375 0.44140625 0.0375 0.10390625
3 0.5921875 0.378125 0.028125 0.08515625
3 0.1484375 0.47421875 0.0375 0.1
3 0.39140625 0.4046875 0.02734375 0.0875
3 0.84609375 0.5875 0.04375 0.12578125
2 0.18203125 0.4171875 0.025 0.09609375
3 0.22421875 0.37421875 0.0265625 0.0734375
3 0.7171875 0.46015625 0.03125 0.1171875
3 0.51171875 0.3453125 0.02734375 0.084375
3 0.803125 0.55234375 0.03671875 0.11796875
3 0.6421875 0.4 0.025 0.0953125
3 0.41953125 0.34921875 0.021875 0.07734375
3 0.6796875 0.40703125 0.025 0.09375
3 0.26171875 0.35703125 0.01953125 0.075
3 0.45 0.328125 0.02578125 0.0671875
3 0.37421875 0.33125 0.02265625 0.0734375
3 0.66640625 0.45390625 0.02734375 0.10078125