2 0.0921875 0.29765625 0.0203125 0.0703125
3 0.42734375 0.55390625 0.0359375 0.11328125
3 0.5328125 0.8 0.04921875 0.15390625
3 0.39453125 0.44609375 0.03046875 0.10390625
3 0.21484375 0.61875 0.040625 0.14296875
3 0.2265625 0.41171875 0.034375 0.09453125
3 0.31328125 0.92265625 0.05 0.15390625
3 0.78671875 0.31875 0.02109375 0.07421875
2 0.63203125 0.40625 0.0234375 0.09140625
3 0.8046875 0.5078125 0.03125 0.12578125
3 0.603125 0.3375 0.0171875 0.0671875
3 0.56015625 0.40390625 0.02265625 0.08515625
3 0.94140625 0.62578125 0.03125 0.13671875
3 0.56171875 0.5234375 0.02890625 0.115625
3 0.39140625 0.303125 0.01875 0.06953125
3 0.8734375 0.38984375 0.028125 0.09921875
3 0.84921875 0.37890625 0.01953125 0.08515625
0 0.24140625 0.44921875 0.00859375 0.0203125
3 0.8484375 0.3421875 0.01953125 0.08125