3 0.54609375 0.790625 0.05859375 0.18046875
3 0.09296875 0.5859375 0.06328125 0.13984375
3 0.509375 0.33046875 0.03046875 0.0953125
3 0.8453125 0.29609375 0.0296875 0.0921875
3 0.86875 0.36328125 0.03515625 0.09453125
3 0.60859375 0.4203125 0.034375 0.10703125
3 0.35703125 0.41171875 0.04375 0.0921875
3 0.85 0.4828125 0.03828125 0.12578125
3 0.43515625 0.35703125 0.03828125 0.10703125
3 0.20546875 0.43125 0.04296875 0.1046875
3 0.28359375 0.428125 0.03984375 0.1109375
3 0.49296875 0.41875 0.03828125 0.09296875
2 0.66875 0.4796875 0.0484375 0.1140625
3 0.46015625 0.3296875 0.03046875 0.0984375
0 0.4796875 0.4515625 0.01640625 0.02734375
3 0.73515625 0.24609375 0.02890625 0.07421875