2 0.05390625 0.4578125 0.03984375 0.10703125
3 0.30234375 0.7171875 0.05390625 0.13515625
3 0.66328125 0.50703125 0.04375 0.10703125
3 0.33203125 0.4296875 0.0296875 0.10859375
3 0.29375 0.22109375 0.01875 0.07109375
3 0.6296875 0.33046875 0.03203125 0.09921875
3 0.52734375 0.303125 0.02734375 0.09921875
3 0.11171875 0.35 0.03203125 0.10234375
3 0.25078125 0.334375 0.025 0.09375
3 0.19921875 0.2625 0.02265625 0.07890625
3 0.27734375 0.5 0.03515625 0.1234375
3 0.7796875 0.50703125 0.0578125 0.1109375
3 0.696875 0.83203125 0.0515625 0.1828125
0 0.72578125 0.50546875 0.028125 0.03984375