3 0.48125 0.83828125 0.0453125 0.1828125
2 0.08125 0.43828125 0.028125 0.096875
3 0.0421875 0.5765625 0.03671875 0.134375
1 0.81953125 0.4578125 0.025 0.1
3 0.053125 0.7125 0.03671875 0.146875
3 0.6578125 0.54140625 0.02890625 0.10546875
3 0.62578125 0.4828125 0.03046875 0.11171875
3 0.51171875 0.49453125 0.03203125 0.10234375
3 0.7 0.60859375 0.02890625 0.12265625
3 0.4421875 0.4625 0.025 0.09765625
3 0.221875 0.53671875 0.03203125 0.11640625
3 0.3546875 0.4109375 0.02890625 0.0828125
3 0.4625 0.51953125 0.028125 0.10546875
3 0.6875 0.51484375 0.0296875 0.11015625
3 0.29296875 0.42109375 0.025 0.09296875
3 0.3984375 0.39765625 0.02734375 0.06953125
3 0.4890625 0.41796875 0.02421875 0.08515625
3 0.109375 0.4421875 0.02578125 0.096875
3 0.22578125 0.425 0.02421875 0.0859375
3 0.25625 0.39765625 0.02265625 0.0890625