2 0.6328125 0.51796875 0.02578125 0.06015625
0 0.44765625 0.83125 0.0125 0.0234375
3 0.3640625 0.31015625 0.0203125 0.06171875
3 0.34765625 0.43203125 0.0234375 0.06171875
3 0.38984375 0.5765625 0.03359375 0.07890625
3 0.37578125 0.71328125 0.0359375 0.09296875
3 0.428125 0.6734375 0.02109375 0.07578125
3 0.47421875 0.54609375 0.0265625 0.07109375
3 0.49375 0.41796875 0.021875 0.06796875
3 0.54765625 0.51875 0.03671875 0.08046875
3 0.6203125 0.33046875 0.02265625 0.06484375
3 0.55703125 0.2265625 0.015625 0.05546875
3 0.74765625 0.17890625 0.0265625 0.05546875
3 0.79140625 0.3859375 0.02109375 0.05859375
3 0.7890625 0.46484375 0.02109375 0.06484375
3 0.82734375 0.56875 0.03203125 0.07890625
3 0.896875 0.5296875 0.034375 0.06796875
3 0.875 0.303125 0.02421875 0.04453125
3 0.93828125 0.27109375 0.01796875 0.06640625
3 0.99453125 0.39921875 0.0109375 0.06953125