3 0.5296875 0.46953125 0.025 0.1015625
3 0.2328125 0.65625 0.034375 0.125
2 0.684375 0.48125 0.03046875 0.0984375
3 0.86953125 0.4546875 0.02890625 0.09140625
3 0.35 0.56328125 0.0265625 0.10390625
3 0.7359375 0.51328125 0.0296875 0.1
0 0.84140625 0.48828125 0.0125 0.02421875
3 0.4109375 0.49296875 0.03125 0.10625
2 0.7296875 0.31953125 0.02265625 0.0671875
3 0.38046875 0.48203125 0.02265625 0.10078125
3 0.2375 0.5765625 0.02109375 0.10234375
3 0.2625 0.55 0.0234375 0.1109375
3 0.31796875 0.56796875 0.0265625 0.10859375
3 0.34140625 0.50390625 0.025 0.08984375
3 0.70234375 0.45078125 0.02421875 0.09921875
3 0.3109375 0.5140625 0.021875 0.0953125
3 0.27890625 0.54609375 0.01953125 0.11484375
1 0.13515625 0.43046875 0.02109375 0.090625
3 0.29609375 0.5390625 0.0203125 0.10546875