3 0.93515625 0.32890625 0.0453125 0.11875
2 0.4515625 0.6609375 0.05625 0.15234375
3 0.5140625 0.56015625 0.059375 0.1296875
3 0.159375 0.4984375 0.04921875 0.14375
0 0.7828125 0.2984375 0.01875 0.0265625
3 0.671875 0.58359375 0.05703125 0.13203125
3 0.56328125 0.4875 0.0421875 0.11953125
3 0.69453125 0.42109375 0.04453125 0.10390625
3 0.25078125 0.44921875 0.05390625 0.134375
3 0.61796875 0.58125 0.05703125 0.13046875
3 0.73203125 0.21875 0.03359375 0.0859375
3 0.75 0.43515625 0.04921875 0.11875
3 0.10390625 0.27421875 0.03984375 0.09453125
3 0.89921875 0.48203125 0.05 0.121875
3 0.60859375 0.14609375 0.02734375 0.0671875
3 0.19296875 0.42578125 0.03984375 0.1125
3 0.05859375 0.31953125 0.03984375 0.10859375
3 0.96796875 0.48359375 0.0640625 0.1234375