3 0.71796875 0.0265625 0.025 0.053125
3 0.15234375 0.2609375 0.053125 0.14375
3 0.35078125 0.2546875 0.04140625 0.14453125
3 0.63828125 0.3421875 0.025 0.1484375
3 0.23203125 0.50078125 0.05234375 0.20234375
3 0.3875 0.27578125 0.0296875 0.14375
3 0.459375 0.3984375 0.0578125 0.19765625
3 0.5109375 0.44609375 0.046875 0.19453125
3 0.5546875 0.478125 0.0296875 0.20078125
3 0.5953125 0.5015625 0.04453125 0.20390625
3 0.69765625 0.184375 0.03359375 0.153125
1 0.6109375 0.725 0.0546875 0.253125
3 0.7953125 0.471875 0.053125 0.19453125