3 0.6765625 0.5515625 0.03515625 0.13515625
3 0.06171875 0.5953125 0.04375 0.153125
3 0.76640625 0.47421875 0.03203125 0.12578125
3 0.62890625 0.50390625 0.03125 0.1265625
3 0.32578125 0.4015625 0.0296875 0.1015625
3 0.21484375 0.49765625 0.028125 0.11796875
3 0.6421875 0.421875 0.0296875 0.10703125
3 0.88046875 0.49921875 0.028125 0.146875
3 0.79375 0.475 0.02578125 0.12265625
2 0.2234375 0.43828125 0.02578125 0.10390625
3 0.83984375 0.5375 0.03359375 0.13125
3 0.93671875 0.534375 0.0296875 0.1515625
3 0.69609375 0.425 0.034375 0.11796875
3 0.98984375 0.553125 0.0203125 0.16484375
3 0.22734375 0.39296875 0.0203125 0.08125
3 0.96640625 0.52734375 0.034375 0.16953125
3 0.9140625 0.51171875 0.03046875 0.1375
3 0.95234375 0.534375 0.02265625 0.15625