3 0.11875 0.41640625 0.03828125 0.1328125
3 0.27421875 0.29765625 0.0234375 0.1109375
3 0.24375 0.64375 0.0328125 0.16640625
3 0.5296875 0.74453125 0.05 0.18046875
3 0.528125 0.29375 0.03359375 0.10625
3 0.5796875 0.30703125 0.04140625 0.1015625
3 0.54921875 0.403125 0.02578125 0.1140625
3 0.5875 0.4015625 0.02421875 0.1171875
3 0.65703125 0.35859375 0.0296875 0.103125
3 0.646875 0.27890625 0.028125 0.09375
3 0.759375 0.2921875 0.03359375 0.09375
3 0.90703125 0.3234375 0.03203125 0.109375
3 0.9390625 0.375 0.034375 0.1171875
3 0.984375 0.54375 0.03125 0.14375
2 0.81875 0.46796875 0.0453125 0.1359375
2 0.41953125 0.2609375 0.03984375 0.1078125