3 0.3640625 0.55859375 0.053125 0.1484375
3 0.36015625 0.37578125 0.0484375 0.103125
3 0.56171875 0.35859375 0.03359375 0.1125
3 0.659375 0.496875 0.0484375 0.1421875
3 0.70859375 0.515625 0.040625 0.1203125
3 0.75703125 0.3828125 0.053125 0.1140625
3 0.78828125 0.32890625 0.0328125 0.0984375
3 0.8375 0.38046875 0.034375 0.11875
3 0.87734375 0.3875 0.0328125 0.1390625
3 0.9109375 0.4078125 0.040625 0.13125
3 0.9625 0.4125 0.04765625 0.11875
3 0.0984375 0.4859375 0.021875 0.03984375
3 0.30234375 0.284375 0.0375 0.07578125