3 0.7609375 0.83515625 0.0484375 0.17734375
2 0.30234375 0.4953125 0.0328125 0.12734375
2 0.10703125 0.27109375 0.0328125 0.0765625
3 0.4734375 0.54453125 0.04140625 0.13046875
3 0.48125 0.40625 0.02578125 0.1015625
3 0.925 0.61953125 0.03828125 0.15546875
3 0.42265625 0.46796875 0.03359375 0.1015625
3 0.1984375 0.67109375 0.03671875 0.15
3 0.6671875 0.40546875 0.03359375 0.1
3 0.434375 0.36875 0.028125 0.09765625
3 0.0328125 0.3421875 0.028125 0.09921875
0 0.646875 0.44609375 0.01171875 0.02421875
3 0.490625 0.31015625 0.0234375 0.07578125
3 0.0796875 0.34140625 0.0296875 0.08984375