2 0.59453125 0.415625 0.0421875 0.09296875
3 0.565625 0.5203125 0.04296875 0.10625
3 0.25859375 0.60703125 0.0453125 0.1359375
3 0.1265625 0.525 0.04609375 0.12421875
3 0.52421875 0.6359375 0.04453125 0.1296875
3 0.4421875 0.46875 0.040625 0.1
3 0.9296875 0.46484375 0.06015625 0.109375
3 0.778125 0.50078125 0.0375 0.1046875
3 0.50390625 0.4953125 0.03984375 0.07265625
3 0.05859375 0.46328125 0.03828125 0.103125
3 0.3140625 0.48046875 0.04609375 0.1
0 0.346875 0.484375 0.015625 0.021875
3 0.76640625 0.43125 0.03515625 0.08046875
2 0.11484375 0.4078125 0.0203125 0.0875