2 0.4796875 0.49609375 0.046875 0.09609375
3 0.7296875 0.4 0.0484375 0.10234375
3 0.2671875 0.8875 0.071875 0.1703125
3 0.828125 0.48984375 0.04609375 0.125
3 0.53671875 0.58359375 0.0515625 0.11953125
3 0.6546875 0.53046875 0.05 0.121875
3 0.590625 0.45 0.04765625 0.09609375
3 0.05234375 0.41796875 0.046875 0.09765625
3 0.87109375 0.48984375 0.04140625 0.1234375
3 0.2109375 0.5296875 0.04765625 0.11328125
3 0.30234375 0.40390625 0.0421875 0.09765625
3 0.35234375 0.63359375 0.0484375 0.12734375
3 0.553125 0.37734375 0.0421875 0.096875
3 0.90234375 0.428125 0.04296875 0.10625
3 0.83203125 0.81640625 0.06953125 0.1578125