3 0.503125 0.8671875 0.05078125 0.2
3 0.59609375 0.578125 0.03359375 0.1265625
3 0.5890625 0.45234375 0.04140625 0.11953125
3 0.63359375 0.46796875 0.03359375 0.1109375
3 0.40546875 0.46484375 0.03203125 0.10390625
3 0.66796875 0.5609375 0.0359375 0.12265625
3 0.03125 0.4703125 0.03359375 0.11953125
3 0.28828125 0.403125 0.02734375 0.0875
3 0.11640625 0.5234375 0.0421875 0.11015625
3 0.215625 0.40234375 0.03515625 0.08359375
3 0.54921875 0.42890625 0.03046875 0.1140625
3 0.175 0.3890625 0.028125 0.09296875
3 0.73671875 0.5453125 0.0328125 0.1390625
0 0.24375 0.42421875 0.01484375 0.0265625
3 0.36171875 0.3921875 0.0234375 0.0875
3 0.09921875 0.48046875 0.03515625 0.10546875