3 0.75546875 0.321875 0.0328125 0.0921875
3 0.3296875 0.459375 0.04375 0.10625
3 0.515625 0.3671875 0.03125 0.1
3 0.5546875 0.57734375 0.040625 0.11015625
3 0.5609375 0.4734375 0.040625 0.09765625
3 0.915625 0.21796875 0.01953125 0.07265625
3 0.68984375 0.653125 0.0421875 0.134375
3 0.8625 0.65390625 0.03515625 0.140625
3 0.56953125 0.3125 0.021875 0.08125
3 0.17734375 0.63359375 0.04765625 0.1296875
3 0.9640625 0.41796875 0.034375 0.109375
3 0.4234375 0.50859375 0.03359375 0.1171875
3 0.39140625 0.5765625 0.03125 0.1140625
2 0.7234375 0.52890625 0.0296875 0.1203125
3 0.459375 0.36171875 0.02890625 0.0984375
1 0.25078125 0.284375 0.0203125 0.08046875
0 0.53359375 0.6078125 0.0171875 0.03125
3 0.33828125 0.68671875 0.0390625 0.15078125
3 0.3109375 0.6828125 0.03984375 0.15625
2 0.80546875 0.18828125 0.01875 0.06953125