3 0.40703125 0.55 0.03671875 0.13359375
3 0.85546875 0.42734375 0.03515625 0.115625
3 0.021875 0.71328125 0.0375 0.165625
3 0.95 0.53671875 0.0328125 0.11484375
3 0.34921875 0.4875 0.0328125 0.11640625
3 0.984375 0.60703125 0.03046875 0.15
3 0.93359375 0.4375 0.03046875 0.10703125
2 0.53828125 0.47109375 0.03359375 0.11484375
3 0.1015625 0.384375 0.03203125 0.1
3 0.44140625 0.3953125 0.02421875 0.09296875
3 0.47265625 0.36875 0.025 0.08984375
3 0.38828125 0.3890625 0.0265625 0.0890625
3 0.73359375 0.365625 0.0328125 0.0890625
3 0.54921875 0.37734375 0.02578125 0.0828125
3 0.01796875 0.39296875 0.02734375 0.10625
3 0.57734375 0.4234375 0.03203125 0.090625
2 0.0484375 0.3453125 0.034375 0.084375
3 0.57890625 0.3765625 0.025 0.071875