3 0.25859375 0.7921875 0.0515625 0.17109375
3 0.4703125 0.95703125 0.053125 0.0859375
3 0.22109375 0.51484375 0.0484375 0.146875
3 0.240625 0.39453125 0.02890625 0.115625
3 0.29140625 0.4625 0.040625 0.11875
3 0.41484375 0.35859375 0.0265625 0.1
3 0.553125 0.57109375 0.0359375 0.1359375
3 0.58671875 0.3125 0.025 0.09140625
3 0.61796875 0.32890625 0.021875 0.09296875
3 0.59921875 0.4203125 0.025 0.103125
3 0.6515625 0.396875 0.040625 0.1015625
3 0.75546875 0.31875 0.02890625 0.09375
3 0.759375 0.52265625 0.0359375 0.13125
2 0.60625 0.4640625 0.034375 0.10625
2 0.3390625 0.22578125 0.025 0.06953125
0 0.4453125 0.34296875 0.0125 0.025