2 0.02890625 0.55234375 0.03046875 0.1171875
3 0.090625 0.38671875 0.03203125 0.07890625
3 0.11796875 0.32890625 0.02890625 0.08046875
3 0.1390625 0.43828125 0.0265625 0.09296875
3 0.190625 0.69453125 0.0390625 0.1359375
3 0.25859375 0.521875 0.03828125 0.1046875
3 0.25859375 0.2765625 0.02109375 0.06171875
3 0.4125 0.478125 0.03984375 0.1078125
3 0.4515625 0.6078125 0.046875 0.1171875
3 0.49453125 0.36875 0.0296875 0.08671875
3 0.57578125 0.45234375 0.03828125 0.1046875
3 0.65703125 0.80859375 0.03828125 0.17265625
3 0.60546875 0.35703125 0.0203125 0.08203125
0 0.76484375 0.52734375 0.02109375 0.0296875
0 0.8171875 0.50625 0.03125 0.1078125