3 0.446875 0.7484375 0.065625 0.1546875
1 0.48046875 0.35546875 0.02890625 0.09375
3 0.1015625 0.54140625 0.0359375 0.1171875
3 0.14453125 0.42734375 0.0296875 0.109375
3 0.846875 0.5171875 0.0421875 0.103125
3 0.33671875 0.38515625 0.034375 0.11015625
3 0.109375 0.44609375 0.03046875 0.0984375
3 0.68359375 0.53125 0.03359375 0.1171875
3 0.16171875 0.35546875 0.03046875 0.10234375
3 0.3984375 0.334375 0.02734375 0.09453125
3 0.01640625 0.3375 0.02578125 0.08828125
3 0.7828125 0.44296875 0.028125 0.09765625
0 0.74921875 0.56328125 0.0234375 0.0359375