3 0.5515625 0.490625 0.03359375 0.1078125
3 0.8578125 0.5046875 0.03125 0.115625
3 0.240625 0.48046875 0.0328125 0.0984375
3 0.35703125 0.76484375 0.046875 0.153125
2 0.05546875 0.56796875 0.03359375 0.1140625
3 0.20078125 0.8140625 0.04375 0.1640625
3 0.61796875 0.3765625 0.025 0.0796875
3 0.19453125 0.328125 0.01796875 0.06796875
3 0.4265625 0.4546875 0.028125 0.10078125
3 0.05234375 0.3828125 0.02578125 0.0828125
3 0.1609375 0.5859375 0.0296875 0.12265625
3 0.53671875 0.39375 0.025 0.08125
3 0.59921875 0.596875 0.034375 0.12421875
1 0.98203125 0.38671875 0.02265625 0.09375
0 0.59296875 0.39140625 0.01015625 0.0234375