1 0.70390625 0.36171875 0.025 0.09609375
3 0.61015625 0.71328125 0.040625 0.15390625
3 0.35546875 0.553125 0.03125 0.1265625
3 0.63046875 0.59453125 0.0328125 0.1328125
3 0.3875 0.5671875 0.03671875 0.1265625
3 0.6109375 0.4375 0.02890625 0.10546875
3 0.9828125 0.41015625 0.0296875 0.1046875
3 0.08671875 0.6546875 0.0328125 0.1421875
3 0.5625 0.43359375 0.02734375 0.10546875
3 0.746875 0.41796875 0.03125 0.10546875
3 0.92421875 0.4328125 0.02734375 0.10078125
3 0.64296875 0.75859375 0.03828125 0.14453125
3 0.9421875 0.38984375 0.02734375 0.103125
2 0.79765625 0.5921875 0.0328125 0.13125