3 0.7875 0.9234375 0.05625 0.153125
3 0.56640625 0.6984375 0.03671875 0.13359375
3 0.653125 0.5890625 0.03125 0.11875
3 0.48046875 0.534375 0.04609375 0.084375
3 0.8578125 0.378125 0.034375 0.0828125
3 0.2 0.521875 0.03125 0.10703125
3 0.5265625 0.63125 0.03671875 0.125
3 0.5921875 0.58828125 0.03203125 0.1171875
3 0.70546875 0.31015625 0.021875 0.06796875
3 0.44765625 0.36953125 0.02890625 0.0921875
3 0.78671875 0.4234375 0.02890625 0.09375
3 0.43671875 0.609375 0.03671875 0.1171875
3 0.85390625 0.48046875 0.025 0.090625
2 0.8796875 0.5265625 0.02890625 0.109375
0 0.45078125 0.64140625 0.01328125 0.028125