3 0.15078125 0.56015625 0.02265625 0.1140625
3 0.16953125 0.5203125 0.028125 0.1203125
3 0.23984375 0.50546875 0.0234375 0.115625
3 0.39609375 0.44296875 0.02265625 0.1015625
3 0.4640625 0.51328125 0.021875 0.1125
3 0.51328125 0.44296875 0.02109375 0.0984375
3 0.546875 0.3859375 0.02265625 0.08046875
3 0.60703125 0.3484375 0.0265625 0.07421875
3 0.5921875 0.4765625 0.028125 0.1046875
3 0.65 0.38828125 0.025 0.09140625
3 0.7484375 0.38046875 0.0265625 0.08515625
3 0.82734375 0.39921875 0.01640625 0.08515625
3 0.8171875 0.3546875 0.025 0.06796875
3 0.9078125 0.40078125 0.02578125 0.09375
3 0.8546875 0.56015625 0.02578125 0.09296875
3 0.859375 0.659375 0.03125 0.1375
2 0.6515625 0.31171875 0.01796875 0.07734375
2 0.52578125 0.55625 0.0265625 0.121875
2 0.8 0.38828125 0.0140625 0.0265625