1 0.81484375 0.17421875 0.02578125 0.0703125
3 0.84921875 0.296875 0.03125 0.09140625
3 0.68828125 0.54609375 0.05625 0.1234375
3 0.896875 0.45703125 0.03203125 0.11640625
3 0.01796875 0.23125 0.03125 0.0796875
3 0.49375 0.3234375 0.03359375 0.09453125
3 0.56796875 0.38515625 0.03828125 0.11015625
3 0.8 0.29609375 0.03125 0.07421875
3 0.27265625 0.44375 0.034375 0.128125
3 0.61640625 0.26640625 0.03359375 0.07421875
3 0.6171875 0.52109375 0.0359375 0.12109375
3 0.08203125 0.3921875 0.0359375 0.11953125
2 0.4078125 0.30078125 0.02890625 0.0953125
3 0.28984375 0.21953125 0.0328125 0.0859375
3 0.665625 0.48203125 0.03203125 0.096875
3 0.965625 0.3984375 0.04375 0.1125
3 0.94140625 0.38046875 0.03203125 0.10390625
0 0.6078125 0.2484375 0.0078125 0.01640625