3 0.3859375 0.1921875 0.0328125 0.09296875
3 0.44609375 0.4171875 0.028125 0.11015625
3 0.4796875 0.36953125 0.02890625 0.10390625
3 0.13671875 0.3203125 0.03203125 0.10546875
3 0.16484375 0.203125 0.02734375 0.09375
3 0.29921875 0.16171875 0.0359375 0.09140625
3 0.40546875 0.2609375 0.0265625 0.10390625
3 0.5375 0.40234375 0.02734375 0.1078125
3 0.64296875 0.47421875 0.02734375 0.11015625
3 0.33359375 0.24921875 0.0265625 0.1046875
3 0.3625 0.340625 0.025 0.10859375
2 0.19140625 0.16484375 0.02734375 0.0953125
3 0.63203125 0.40703125 0.02421875 0.0921875
3 0.69765625 0.45546875 0.02578125 0.09140625
0 0.746875 0.465625 0.0109375 0.03203125
1 0.69765625 0.396875 0.02109375 0.1265625