3 0.21875 0.3671875 0.03515625 0.12265625
3 0.665625 0.40390625 0.03203125 0.11171875
3 0.85625 0.36484375 0.03515625 0.109375
3 0.5296875 0.3578125 0.0296875 0.103125
3 0.84453125 0.5046875 0.03828125 0.14296875
3 0.34765625 0.28984375 0.028125 0.0984375
3 0.36015625 0.39921875 0.03671875 0.1125
3 0.51640625 0.50234375 0.03359375 0.11640625
3 0.71171875 0.89921875 0.0703125 0.2015625
3 0.5640625 0.45859375 0.04921875 0.11875
2 0.63671875 0.5640625 0.0328125 0.1390625
3 0.5625 0.25078125 0.0265625 0.0890625
2 0.49453125 0.19921875 0.0234375 0.07734375
3 0.82421875 0.271875 0.02890625 0.0984375
3 0.4765625 0.4515625 0.03515625 0.10859375
3 0.6625 0.23984375 0.02578125 0.0859375
3 0.53515625 0.21171875 0.021875 0.0875
0 0.615625 0.478125 0.01796875 0.03359375