3 0.2171875 0.83671875 0.05 0.18515625
3 0.1609375 0.31796875 0.03828125 0.08671875
2 0.0484375 0.25234375 0.02890625 0.08046875
3 0.29921875 0.54609375 0.034375 0.11875
3 0.88203125 0.50859375 0.040625 0.1328125
3 0.4078125 0.30390625 0.02265625 0.07734375
3 0.63828125 0.3140625 0.02734375 0.09609375
3 0.45390625 0.32421875 0.02890625 0.07578125
3 0.2078125 0.475 0.03125 0.10625
3 0.67109375 0.3609375 0.034375 0.10546875
2 0.17890625 0.46953125 0.02578125 0.11328125
3 0.41953125 0.390625 0.02578125 0.09453125
3 0.334375 0.28046875 0.01953125 0.07265625
3 0.434375 0.3890625 0.025 0.08984375
0 0.75859375 0.49375 0.01484375 0.03203125