2 0.10234375 0.54609375 0.03671875 0.14296875
2 0.0671875 0.2390625 0.028125 0.08515625
3 0.296875 0.94609375 0.06015625 0.1
3 0.59453125 0.3765625 0.0328125 0.11015625
3 0.3515625 0.3578125 0.02890625 0.1015625
3 0.53359375 0.51796875 0.040625 0.1296875
3 0.18203125 0.49296875 0.0484375 0.11640625
3 0.4609375 0.34609375 0.0328125 0.1
3 0.28984375 0.29609375 0.02421875 0.08359375
3 0.9859375 0.565625 0.028125 0.1640625
3 0.78203125 0.33984375 0.03203125 0.10078125
3 0.28203125 0.253125 0.02109375 0.07421875
0 0.77109375 0.37421875 0.01484375 0.03046875