3 0.16875 0.46015625 0.03125 0.09921875
3 0.57890625 0.4390625 0.02265625 0.09765625
3 0.38515625 0.390625 0.0265625 0.084375
3 0.76640625 0.5015625 0.03046875 0.1140625
2 0.1046875 0.4296875 0.0296875 0.0984375
3 0.34140625 0.36171875 0.02265625 0.0703125
3 0.60078125 0.5078125 0.02734375 0.1109375
3 0.68671875 0.4984375 0.02734375 0.103125
3 0.6609375 0.44453125 0.028125 0.103125
3 0.29921875 0.378125 0.03203125 0.046875
1 0.7921875 0.45078125 0.02890625 0.115625
3 0.1609375 0.415625 0.028125 0.084375
3 0.7140625 0.4890625 0.0234375 0.10625
3 0.7140625 0.43515625 0.02890625 0.08671875