3 0.5625 0.5984375 0.05 0.1515625
3 0.228125 0.32421875 0.028125 0.09765625
3 0.16328125 0.7359375 0.05078125 0.171875
3 0.875 0.371875 0.0359375 0.121875
3 0.62109375 0.40859375 0.0328125 0.1125
3 0.32890625 0.2921875 0.0328125 0.0984375
3 0.5203125 0.25703125 0.02109375 0.08671875
3 0.76171875 0.28984375 0.02734375 0.10625
3 0.7140625 0.2484375 0.02734375 0.09765625
3 0.64453125 0.23984375 0.02265625 0.0828125
3 0.9859375 0.47890625 0.028125 0.13671875
3 0.18359375 0.3171875 0.02890625 0.10546875
3 0.43515625 0.30703125 0.02734375 0.096875
3 0.35 0.45078125 0.03046875 0.12265625
3 0.57265625 0.3640625 0.0265625 0.09453125
3 0.2375 0.23125 0.0234375 0.07734375
3 0.553125 0.19765625 0.02421875 0.0734375
2 0.55859375 0.3 0.0265625 0.08671875
0 0.21796875 0.6015625 0.021875 0.05