3 0.13125 0.49609375 0.05390625 0.16640625
3 0.37109375 0.70390625 0.04375 0.11484375
3 0.58671875 0.496875 0.0421875 0.146875
3 0.04453125 0.1453125 0.03046875 0.07578125
3 0.790625 0.23046875 0.03515625 0.1328125
3 0.50546875 0.0390625 0.02421875 0.07109375
3 0.38359375 0.1421875 0.03046875 0.10390625
3 0.50703125 0.24296875 0.0359375 0.1109375
3 0.484375 0.66796875 0.0578125 0.153125
3 0.84375 0.59609375 0.05625 0.1546875
2 0.47109375 0.21796875 0.0359375 0.1328125
3 0.84609375 0.3171875 0.028125 0.134375
0 0.55546875 0.4921875 0.01796875 0.028125