3 0.1859375 0.60859375 0.05234375 0.140625
3 0.2234375 0.80625 0.06171875 0.17109375
3 0.4125 0.428125 0.04453125 0.121875
3 0.61171875 0.68671875 0.05625 0.16015625
3 0.62421875 0.5234375 0.03828125 0.1359375
3 0.69609375 0.46171875 0.04453125 0.1328125
3 0.7359375 0.35625 0.028125 0.1078125
3 0.8546875 0.4984375 0.034375 0.1328125
3 0.7828125 0.24453125 0.03671875 0.09375
3 0.946875 0.25078125 0.03671875 0.096875
2 0.803125 0.55859375 0.05390625 0.1484375
2 0.8859375 0.18828125 0.0359375 0.07421875
3 0.496875 0.38046875 0.028125 0.121875
3 0.51640625 0.3734375 0.025 0.1390625
3 0.63515625 0.32421875 0.03125 0.0984375
3 0.60703125 0.3140625 0.0265625 0.08828125
0 0.57109375 0.70546875 0.02265625 0.05234375
1 0.09609375 0.325 0.0328125 0.11875