3 0.4421875 0.73203125 0.03671875 0.1484375
3 0.8984375 0.421875 0.03125 0.09453125
3 0.6171875 0.59609375 0.03515625 0.10390625
2 0.55390625 0.67734375 0.028125 0.1203125
3 0.5109375 0.4765625 0.0359375 0.0859375
3 0.53046875 0.5515625 0.0296875 0.10234375
2 0.8703125 0.3125 0.025 0.07265625
3 0.62109375 0.48359375 0.03671875 0.096875
3 0.575 0.5921875 0.03046875 0.09375
3 0.81640625 0.51484375 0.02578125 0.10859375
3 0.2671875 0.6078125 0.0328125 0.12890625
3 0.0171875 0.76640625 0.034375 0.14375
3 0.3 0.5703125 0.03203125 0.10859375
1 0.278125 0.425 0.02890625 0.08515625
3 0.5859375 0.47109375 0.0265625 0.096875
3 0.36015625 0.53359375 0.02578125 0.0921875
3 0.38046875 0.503125 0.0265625 0.09609375
3 0.37109375 0.60078125 0.025 0.10703125
0 0.62109375 0.52109375 0.01015625 0.01953125