3 0.03828125 0.35546875 0.040625 0.14375
3 0.2046875 0.57890625 0.04765625 0.1546875
3 0.22109375 0.403125 0.0515625 0.1234375
3 0.3921875 0.29921875 0.02890625 0.1046875
3 0.459375 0.37421875 0.03359375 0.125
3 0.5765625 0.35703125 0.03671875 0.115625
3 0.6703125 0.30703125 0.02890625 0.0953125
3 0.67890625 0.346875 0.0328125 0.1109375
3 0.77421875 0.31640625 0.03671875 0.0953125
3 0.88984375 0.39375 0.0703125 0.1421875
3 0.9046875 0.6609375 0.04140625 0.18984375
2 0.80234375 0.42109375 0.04609375 0.1421875
0 0.38828125 0.2703125 0.015625 0.03984375