3 0.16015625 0.38125 0.04453125 0.11171875
3 0.44453125 0.20703125 0.03515625 0.0921875
3 0.28203125 0.4671875 0.04765625 0.12734375
3 0.06484375 0.3 0.0359375 0.09609375
3 0.7859375 0.39765625 0.040625 0.11640625
3 0.275 0.184375 0.03359375 0.0921875
0 0.50234375 0.65546875 0.01875 0.0375
3 0.13125 0.240625 0.03203125 0.096875
3 0.1046875 0.1953125 0.02890625 0.09296875
3 0.0984375 0.28359375 0.02890625 0.0921875
3 0.03671875 0.19921875 0.03671875 0.1140625
3 0.08203125 0.20546875 0.0328125 0.1
3 0.421875 0.98359375 0.046875 0.0328125