3 0.8015625 0.66328125 0.0640625 0.190625
3 0.459375 0.52265625 0.04375 0.1453125
3 0.5609375 0.396875 0.03125 0.115625
3 0.66640625 0.40625 0.028125 0.1171875
3 0.5875 0.52734375 0.0359375 0.1421875
3 0.878125 0.37421875 0.03359375 0.128125
3 0.434375 0.371875 0.0234375 0.1
3 0.40234375 0.38203125 0.021875 0.09140625
3 0.15234375 0.3640625 0.0296875 0.115625
3 0.31796875 0.86953125 0.05078125 0.21640625
2 0.26875 0.4578125 0.040625 0.146875
0 0.4640625 0.35625 0.01640625 0.025
3 0.5625 0.33203125 0.046875 0.0953125