1 0.26796875 0.4703125 0.03125 0.1203125
2 0.721875 0.609375 0.03828125 0.14375
3 0.87421875 0.84453125 0.0546875 0.21484375
3 0.69765625 0.7609375 0.0453125 0.1625
3 0.4515625 0.68359375 0.04453125 0.15703125
3 0.33671875 0.5 0.03515625 0.1078125
3 0.415625 0.4515625 0.03515625 0.109375
3 0.4796875 0.52734375 0.04140625 0.11171875
3 0.9296875 0.525 0.04375 0.13203125
3 0.6546875 0.55 0.03828125 0.1421875
3 0.30234375 0.49140625 0.0296875 0.10625
3 0.53046875 0.5046875 0.03359375 0.11015625
3 0.53828125 0.44375 0.03359375 0.109375