3 0.04140625 0.59375 0.0640625 0.1546875
3 0.67578125 0.73359375 0.065625 0.18671875
3 0.1296875 0.63203125 0.05859375 0.1609375
3 0.8390625 0.84296875 0.0671875 0.2140625
3 0.9765625 0.578125 0.04609375 0.14609375
3 0.6125 0.390625 0.04609375 0.1078125
3 0.84765625 0.43046875 0.04765625 0.12890625
3 0.65078125 0.5109375 0.0453125 0.1109375
3 0.4640625 0.4453125 0.04453125 0.10390625
2 0.69765625 0.3296875 0.04140625 0.1
3 0.5203125 0.47265625 0.0234375 0.1171875
3 0.4015625 0.4796875 0.0515625 0.12734375
2 0.68203125 0.52109375 0.021875 0.134375
0 0.5390625 0.47578125 0.01015625 0.0234375