3 0.02890625 0.50625 0.040625 0.1203125
2 0.378125 0.471875 0.0234375 0.0984375
3 0.0953125 0.796875 0.06328125 0.14375
0 0.54375 0.56875 0.01484375 0.0265625
3 0.11953125 0.440625 0.02890625 0.09375
3 0.11015625 0.40078125 0.02890625 0.07890625
3 0.23671875 0.28125 0.028125 0.06640625
3 0.425 0.31796875 0.02578125 0.06171875
3 0.42734375 0.38046875 0.028125 0.07890625
3 0.15859375 0.3171875 0.0265625 0.07265625
3 0.453125 0.546875 0.046875 0.08828125
3 0.41953125 0.5125 0.01796875 0.1078125
3 0.40390625 0.46875 0.021875 0.08046875
3 0.57109375 0.28125 0.03046875 0.07265625
3 0.56328125 0.53203125 0.0296875 0.1140625
3 0.634375 0.37890625 0.03203125 0.08515625
3 0.6625 0.60546875 0.03359375 0.128125
3 0.73671875 0.6515625 0.05390625 0.1453125
3 0.8375 0.33828125 0.034375 0.09296875
3 0.91875 0.6375 0.03359375 0.1296875