3 0.253125 0.66484375 0.05625 0.1359375
3 0.153125 0.5078125 0.053125 0.1171875
3 0.2765625 0.2890625 0.03359375 0.09140625
3 0.37734375 0.209375 0.034375 0.08515625
3 0.40703125 0.4015625 0.046875 0.1109375
3 0.35625 0.721875 0.06328125 0.1390625
3 0.5484375 0.7015625 0.05234375 0.15625
3 0.60078125 0.79453125 0.05546875 0.16328125
3 0.57421875 0.39609375 0.0546875 0.103125
3 0.6265625 0.23984375 0.04453125 0.08203125
3 0.84453125 0.56484375 0.04375 0.1328125
3 0.86171875 0.46875 0.04375 0.134375
3 0.934375 0.51640625 0.05234375 0.140625
2 0.73671875 0.29765625 0.03828125 0.09296875
3 0.98046875 0.415625 0.0390625 0.115625
3 0.96875 0.23359375 0.03671875 0.1