3 0.54609375 0.29453125 0.03671875 0.08828125
3 0.5875 0.175 0.03984375 0.09921875
3 0.74140625 0.34140625 0.0359375 0.10546875
3 0.92109375 0.33046875 0.0328125 0.10859375
3 0.94375 0.1984375 0.03046875 0.10390625
3 0.3484375 0.1984375 0.0328125 0.10078125
3 0.4671875 0.31015625 0.03515625 0.0921875
3 0.53125 0.15390625 0.028125 0.0984375
3 0.51875 0.26015625 0.03046875 0.09296875
3 0.69296875 0.25625 0.02734375 0.0984375
3 0.71015625 0.15859375 0.03046875 0.1046875
3 0.44921875 0.253125 0.021875 0.0828125
3 0.84921875 0.1703125 0.0296875 0.10234375
3 0.45703125 0.19375 0.025 0.09453125
3 0.55859375 0.21796875 0.0265625 0.084375
0 0.59765625 0.59140625 0.01796875 0.04296875
1 0.51640625 0.7125 0.10703125 0.109375