1 0.55234375 0.34140625 0.0203125 0.08828125
3 0.73671875 0.6234375 0.05 0.11328125
2 0.03515625 0.50703125 0.03359375 0.12109375
3 0.378125 0.759375 0.04921875 0.16171875
3 0.240625 0.6703125 0.0421875 0.1515625
3 0.68828125 0.56796875 0.04453125 0.125
3 0.54609375 0.42109375 0.03125 0.1078125
3 0.4609375 0.4296875 0.034375 0.11484375
3 0.8546875 0.5078125 0.0453125 0.12265625
3 0.3 0.44453125 0.03125 0.10859375
3 0.378125 0.38671875 0.02734375 0.10546875
3 0.11484375 0.4125 0.0265625 0.096875
3 0.1984375 0.3734375 0.0265625 0.09375