3 0.634375 0.41796875 0.034375 0.103125
3 0.45703125 0.47265625 0.03359375 0.10546875
3 0.38671875 0.45625 0.0390625 0.0953125
3 0.80625 0.38203125 0.02890625 0.103125
3 0.8859375 0.42421875 0.0359375 0.11015625
3 0.5859375 0.42265625 0.02890625 0.10859375
3 0.45078125 0.60859375 0.04453125 0.12734375
1 0.290625 0.42109375 0.03359375 0.10625
3 0.6828125 0.44296875 0.0390625 0.08046875
2 0.721875 0.48046875 0.028125 0.1109375
2 0.9109375 0.2890625 0.02890625 0.0890625
3 0.696875 0.453125 0.03203125 0.0875
0 0.62578125 0.45703125 0.01953125 0.02734375