3 0.6078125 0.46640625 0.025 0.0625
3 0.96875 0.521875 0.0203125 0.07578125
3 0.44453125 0.590625 0.021875 0.07578125
3 0.40546875 0.378125 0.02265625 0.05859375
3 0.490625 0.7625 0.0328125 0.10078125
3 0.5140625 0.49453125 0.021875 0.06328125
3 0.50390625 0.1875 0.0203125 0.04453125
3 0.73671875 0.61015625 0.0203125 0.08125
3 0.58359375 0.53046875 0.0171875 0.065625
2 0.70078125 0.5578125 0.01796875 0.08125
3 0.51328125 0.32890625 0.01953125 0.0609375
3 0.4578125 0.27578125 0.01875 0.05546875
1 0.2234375 0.38828125 0.01796875 0.06484375
3 0.39375 0.42265625 0.01796875 0.06484375
3 0.528125 0.4375 0.028125 0.06796875
3 0.559375 0.53359375 0.01796875 0.0703125
3 0.5078125 0.421875 0.01875 0.06484375
3 0.38359375 0.35390625 0.0234375 0.06484375
3 0.378125 0.353125 0.015625 0.053125