1 0.9375 0.32890625 0.02890625 0.09921875
3 0.78046875 0.65 0.06015625 0.12578125
3 0.5640625 0.55546875 0.040625 0.1296875
3 0.42734375 0.65703125 0.0375 0.1390625
3 0.49296875 0.69296875 0.06171875 0.11953125
3 0.8484375 0.5609375 0.0453125 0.12421875
3 0.38984375 0.36171875 0.0375 0.1
3 0.4671875 0.65390625 0.03671875 0.1484375
3 0.6140625 0.44921875 0.0359375 0.12109375
3 0.3734375 0.4703125 0.028125 0.11875
3 0.59453125 0.41328125 0.034375 0.11640625
3 0.3484375 0.49453125 0.03828125 0.1296875
3 0.01015625 0.371875 0.01953125 0.103125
2 0.1859375 0.48671875 0.03046875 0.12265625
0 0.73125 0.81015625 0.01796875 0.0359375