1 0.1515625 0.4015625 0.02890625 0.06796875
2 0.3984375 0.1125 0.02109375 0.04609375
3 0.63515625 0.15078125 0.0203125 0.06640625
3 0.52265625 0.17421875 0.021875 0.05234375
3 0.43984375 0.2109375 0.02265625 0.04765625
3 0.3578125 0.33828125 0.021875 0.05859375
3 0.3640625 0.3609375 0.01796875 0.04609375
3 0.41171875 0.34296875 0.0171875 0.05234375
3 0.40078125 0.3765625 0.01640625 0.04921875
3 0.42109375 0.4390625 0.0265625 0.08515625
3 0.4703125 0.65390625 0.0375 0.08515625
3 0.56953125 0.5578125 0.03046875 0.07890625
3 0.57734375 0.459375 0.02265625 0.07578125
3 0.52890625 0.34921875 0.0203125 0.06015625
3 0.6109375 0.26953125 0.02265625 0.06015625
3 0.6890625 0.2859375 0.01875 0.05078125
3 0.7015625 0.43046875 0.021875 0.07734375
3 0.69375 0.6203125 0.025 0.08046875
3 0.6421875 0.8171875 0.03828125 0.08203125
3 0.81015625 0.34296875 0.0234375 0.07734375
3 0.97734375 0.2671875 0.028125 0.06796875
2 0.7203125 0.5328125 0.0296875 0.07890625
0 0.4484375 0.4125 0.01640625 0.03515625