3 0.6578125 0.78671875 0.0515625 0.17578125
2 0.28359375 0.465625 0.03046875 0.10390625
3 0.74296875 0.5921875 0.03984375 0.1296875
3 0.6171875 0.5859375 0.05625 0.12421875
3 0.57578125 0.46640625 0.03515625 0.10859375
3 0.50703125 0.48984375 0.0328125 0.10390625
3 0.07109375 0.5546875 0.03515625 0.12890625
3 0.765625 0.4796875 0.0328125 0.115625
3 0.93359375 0.5765625 0.034375 0.1421875
3 0.01640625 0.46015625 0.028125 0.10859375
3 0.46796875 0.3765625 0.0265625 0.084375
3 0.37734375 0.36328125 0.021875 0.07890625
3 0.6921875 0.44765625 0.03125 0.1203125
3 0.72578125 0.471875 0.02890625 0.11015625
3 0.2234375 0.38515625 0.0234375 0.084375
3 0.28515625 0.384375 0.0296875 0.0734375
3 0.51015625 0.41796875 0.02265625 0.07578125
0 0.3046875 0.39921875 0.0109375 0.01953125