3 0.5828125 0.6859375 0.078125 0.18359375
2 0.5921875 0.34375 0.05859375 0.11640625
3 0.6859375 0.53203125 0.06953125 0.13984375
3 0.8453125 0.775 0.0625 0.1671875
3 0.77421875 0.43828125 0.05859375 0.1296875
3 0.43671875 0.4359375 0.06328125 0.1265625
3 0.82109375 0.3328125 0.05234375 0.1140625
3 0.73828125 0.328125 0.0515625 0.11796875
3 0.1078125 0.2 0.04453125 0.09375
3 0.725 0.15078125 0.04453125 0.08671875
3 0.225 0.18828125 0.03359375 0.090625
0 0.21953125 0.49453125 0.0203125 0.025
3 0.54140625 0.09375 0.0296875 0.06875
3 0.3203125 0.3359375 0.04140625 0.11171875
3 0.98671875 0.21875 0.02578125 0.12734375