3 0.71640625 0.44140625 0.03359375 0.11171875
3 0.79453125 0.46171875 0.0375 0.11953125
2 0.46796875 0.478125 0.03515625 0.1234375
3 0.84140625 0.6828125 0.04453125 0.1640625
3 0.62890625 0.38671875 0.03203125 0.103125
3 0.2796875 0.403125 0.02734375 0.10078125
3 0.19609375 0.621875 0.03515625 0.15703125
3 0.42578125 0.38125 0.025 0.09453125
3 0.23203125 0.5203125 0.0296875 0.11484375
3 0.3984375 0.378125 0.0265625 0.10234375
3 0.25703125 0.3953125 0.02734375 0.090625
3 0.55625 0.38125 0.02890625 0.09375
3 0.8078125 0.4078125 0.028125 0.1015625
3 0.109375 0.35546875 0.0234375 0.084375
3 0.5265625 0.37578125 0.02890625 0.09453125
3 0.24453125 0.47890625 0.028125 0.1078125