3 0.821875 0.41015625 0.0453125 0.0875
3 0.70703125 0.41796875 0.02734375 0.0953125
3 0.24609375 0.55234375 0.0390625 0.13515625
3 0.33203125 0.584375 0.0359375 0.12421875
3 0.6 0.43359375 0.03046875 0.0890625
3 0.47421875 0.48125 0.03359375 0.11640625
3 0.36015625 0.4625 0.0328125 0.11640625
3 0.53671875 0.66171875 0.04140625 0.1390625
3 0.11640625 0.57578125 0.03203125 0.1296875
2 0.5078125 0.58828125 0.02890625 0.13359375
3 0.67421875 0.63125 0.03671875 0.14140625
3 0.025 0.64453125 0.0359375 0.14453125
3 0.30703125 0.53046875 0.0265625 0.11328125
3 0.57578125 0.38125 0.02109375 0.07265625
3 0.18046875 0.51640625 0.02890625 0.12578125
3 0.15390625 0.56328125 0.034375 0.13671875
2 0.65625 0.35390625 0.03125 0.08203125
1 0.04921875 0.50390625 0.02578125 0.1125
3 0.31484375 0.50078125 0.02890625 0.12109375
0 0.60625 0.4 0.0109375 0.028125