3 0.68671875 0.45625 0.046875 0.1296875
3 0.33046875 0.4171875 0.03359375 0.07578125
3 0.25625 0.534375 0.0453125 0.13515625
3 0.38046875 0.4203125 0.0375 0.10625
3 0.43984375 0.41484375 0.02109375 0.1109375
3 0.5015625 0.46640625 0.03984375 0.1265625
3 0.2265625 0.67578125 0.03984375 0.17109375
3 0.8 0.50703125 0.03046875 0.12109375
3 0.88046875 0.6171875 0.04375 0.13984375
3 0.9609375 0.52578125 0.06171875 0.16640625
3 0.8234375 0.509375 0.02109375 0.1296875
3 0.8625 0.50390625 0.0390625 0.1390625
3 0.4625 0.4109375 0.02109375 0.09765625
2 0.47734375 0.4140625 0.01484375 0.103125
3 0.78203125 0.5640625 0.0296875 0.14921875