1 0.50234375 0.44375 0.046875 0.03515625
3 0.25 0.74140625 0.05 0.14375
3 0.403125 0.6125 0.03359375 0.1078125
3 0.5 0.54453125 0.03671875 0.1296875
3 0.5296875 0.51484375 0.028125 0.125
3 0.50546875 0.39140625 0.03984375 0.08515625
3 0.62578125 0.4109375 0.02890625 0.09375
3 0.66484375 0.415625 0.03828125 0.103125
3 0.7859375 0.50625 0.028125 0.08984375
3 0.8515625 0.41953125 0.0171875 0.1046875
3 0.86484375 0.4625 0.02421875 0.103125
3 0.8890625 0.4734375 0.025 0.1046875
3 0.978125 0.43984375 0.0265625 0.1078125
2 0.79296875 0.57890625 0.0546875 0.1078125
2 0.8984375 0.3203125 0.02265625 0.07265625