3 0.33515625 0.47421875 0.01953125 0.04609375
3 0.38828125 0.3875 0.0171875 0.04140625
3 0.71640625 0.46796875 0.01875 0.053125
3 0.6828125 0.38515625 0.01484375 0.0375
3 0.3984375 0.41328125 0.0203125 0.046875
3 0.45546875 0.43203125 0.0140625 0.03671875
3 0.72890625 0.70078125 0.028125 0.071875
3 0.51640625 0.36328125 0.01796875 0.0453125
2 0.3984375 0.48046875 0.01953125 0.05390625
3 0.43046875 0.33125 0.0140625 0.03359375
3 0.2390625 0.721875 0.0328125 0.078125
1 0.15 0.39375 0.02109375 0.05234375
3 0.3328125 0.59140625 0.0234375 0.0609375
3 0.3546875 0.41796875 0.01796875 0.0484375
3 0.80546875 0.428125 0.01796875 0.04921875
3 0.59375 0.37265625 0.015625 0.04453125
3 0.440625 0.315625 0.00703125 0.03046875
3 0.7140625 0.30546875 0.0140625 0.03359375
3 0.45703125 0.4640625 0.0171875 0.05
3 0.58125 0.36484375 0.015625 0.040625
0 0.78125 0.46796875 0.009375 0.0203125
2 0.45390625 0.26953125 0.00859375 0.02578125