3 0.44375 0.3453125 0.01640625 0.0421875
3 0.246875 0.42421875 0.02109375 0.0484375
3 0.2078125 0.59296875 0.0296875 0.065625
3 0.63125 0.62265625 0.0296875 0.06640625
3 0.50703125 0.5109375 0.02265625 0.05703125
3 0.2203125 0.40546875 0.01875 0.0484375
3 0.16015625 0.61796875 0.02734375 0.06875
3 0.61875 0.42578125 0.01875 0.0515625
1 0.834375 0.3953125 0.021875 0.05234375
3 0.33046875 0.82421875 0.0296875 0.0796875
3 0.428125 0.47421875 0.0234375 0.05546875
3 0.37578125 0.5078125 0.0234375 0.059375
3 0.81484375 0.72421875 0.03984375 0.07421875
3 0.39765625 0.4125 0.01875 0.0484375
3 0.6125 0.74921875 0.03515625 0.08046875
3 0.55078125 0.6265625 0.028125 0.06875
2 0.97421875 0.7140625 0.03515625 0.08046875
3 0.284375 0.8 0.03203125 0.08515625
2 0.403125 0.553125 0.0203125 0.059375
3 0.20078125 0.48515625 0.025 0.07421875
3 0.59921875 0.5109375 0.01953125 0.0578125
3 0.90859375 0.56484375 0.03046875 0.05703125
0 0.85234375 0.68125 0.01484375 0.0171875