3 0.22109375 0.396875 0.0171875 0.04375
3 0.253125 0.41875 0.01953125 0.04921875
3 0.2640625 0.55546875 0.021875 0.0609375
3 0.44609375 0.56640625 0.021875 0.05625
3 0.18359375 0.48125 0.025 0.05625
3 0.30703125 0.76875 0.02734375 0.0703125
3 0.17265625 0.5671875 0.02109375 0.0625
3 0.48828125 0.55 0.02109375 0.0578125
1 0.7703125 0.39375 0.01640625 0.04765625
3 0.5484375 0.5015625 0.01953125 0.0578125
3 0.36015625 0.4640625 0.01875 0.05625
3 0.86015625 0.54375 0.02890625 0.06328125
3 0.2078125 0.4703125 0.0234375 0.0546875
3 0.48671875 0.71640625 0.03125 0.07109375
3 0.26015625 0.73515625 0.028125 0.075
3 0.66328125 0.584375 0.02421875 0.0640625
3 0.4390625 0.41171875 0.01875 0.0484375
2 0.39765625 0.59375 0.0234375 0.06171875
3 0.40859375 0.31875 0.0140625 0.03671875
3 0.49296875 0.39296875 0.0203125 0.04453125
3 0.66875 0.3875 0.01640625 0.04609375
3 0.71640625 0.75078125 0.03046875 0.07734375