2 0.50390625 0.40859375 0.01953125 0.05234375
3 0.5921875 0.28515625 0.0171875 0.040625
3 0.5203125 0.3203125 0.0171875 0.0421875
3 0.32109375 0.4 0.01875 0.053125
3 0.64375 0.35859375 0.01640625 0.04453125
3 0.38359375 0.50703125 0.02421875 0.059375
3 0.3921875 0.31953125 0.01484375 0.03671875
3 0.4375 0.34921875 0.01953125 0.0484375
3 0.47265625 0.41796875 0.02109375 0.053125
3 0.7609375 0.440625 0.01875 0.05546875
3 0.63671875 0.5359375 0.0265625 0.0625
3 0.29296875 0.41875 0.01875 0.046875
3 0.578125 0.3 0.01328125 0.02890625
3 0.734375 0.48984375 0.021875 0.06171875
3 0.296875 0.37578125 0.01953125 0.046875
3 0.85859375 0.39765625 0.02109375 0.0546875
3 0.5015625 0.3140625 0.015625 0.0390625
3 0.803125 0.321875 0.01640625 0.0421875
3 0.38359375 0.3515625 0.0203125 0.04453125
3 0.49140625 0.2890625 0.0140625 0.0328125
1 0.13515625 0.37890625 0.015625 0.05