1 0.0125 0.415625 0.01796875 0.05625
3 0.8484375 0.56328125 0.02265625 0.06796875
3 0.39609375 0.5125 0.01640625 0.05390625
3 0.3171875 0.54375 0.01796875 0.0625
3 0.59921875 0.40703125 0.0140625 0.04921875
3 0.39765625 0.40078125 0.0140625 0.04609375
3 0.30625 0.375 0.0203125 0.053125
3 0.5375 0.72890625 0.02421875 0.0875
3 0.48828125 0.46484375 0.015625 0.053125
3 0.73046875 0.3390625 0.0109375 0.040625
3 0.465625 0.3234375 0.01171875 0.03828125
3 0.57109375 0.30390625 0.01484375 0.040625
3 0.440625 0.37734375 0.0125 0.04296875
3 0.3203125 0.45625 0.0140625 0.05390625
2 0.428125 0.4359375 0.0125 0.046875
3 0.62578125 0.34921875 0.01171875 0.0359375
3 0.3734375 0.2984375 0.0109375 0.03125
1 0.96484375 0.41875 0.0140625 0.0484375
3 0.39765625 0.321875 0.01015625 0.04140625
3 0.340625 0.33359375 0.009375 0.0390625