3 0.2609375 0.4140625 0.02109375 0.05078125
3 0.334375 0.58828125 0.025 0.05703125
3 0.3953125 0.34375 0.01640625 0.03984375
3 0.65390625 0.35546875 0.0171875 0.04609375
3 0.325 0.34609375 0.01796875 0.040625
3 0.29453125 0.6171875 0.02890625 0.0640625
3 0.56875 0.3921875 0.01796875 0.04140625
3 0.2296875 0.42734375 0.0203125 0.04921875
3 0.2484375 0.53515625 0.02265625 0.0609375
3 0.403125 0.4109375 0.01875 0.04453125
3 0.33671875 0.4421875 0.02265625 0.053125
3 0.50546875 0.3328125 0.015625 0.03984375
3 0.540625 0.428125 0.021875 0.05
3 0.253125 0.3734375 0.01640625 0.0421875
1 0.85 0.39140625 0.02578125 0.04921875
3 0.46171875 0.503125 0.0265625 0.05703125
3 0.3 0.3171875 0.0140625 0.03515625
2 0.4 0.453125 0.01796875 0.0515625
3 0.5875 0.76328125 0.0328125 0.08515625
3 0.56015625 0.3015625 0.01171875 0.040625
0 0.54453125 0.31484375 0.00546875 0.01328125
2 0.28671875 0.29296875 0.00703125 0.0296875