3 0.3828125 0.3578125 0.015625 0.0375
3 0.3734375 0.43125 0.01796875 0.04921875
3 0.4703125 0.503125 0.0203125 0.05546875
3 0.4453125 0.65 0.028125 0.0640625
3 0.5421875 0.33984375 0.01953125 0.03984375
3 0.215625 0.53671875 0.0171875 0.05
3 0.65625 0.540625 0.021875 0.05234375
3 0.49765625 0.5078125 0.02109375 0.053125
3 0.2921875 0.48828125 0.02109375 0.0515625
2 0.32890625 0.53046875 0.0203125 0.0546875
3 0.39921875 0.4109375 0.01640625 0.0453125
3 0.24296875 0.50234375 0.01953125 0.05625
3 0.809375 0.725 0.03046875 0.08046875
1 0.125 0.390625 0.01875 0.04453125
3 0.2234375 0.68515625 0.0328125 0.06796875
3 0.4765625 0.69375 0.0328125 0.06796875
3 0.28828125 0.42265625 0.0203125 0.0546875
3 0.709375 0.42265625 0.0203125 0.05078125
3 0.18046875 0.69453125 0.0296875 0.06796875
3 0.21484375 0.74453125 0.0296875 0.06875
2 0.82109375 0.87734375 0.02890625 0.05703125