3 0.38046875 0.32109375 0.01484375 0.0390625
3 0.7328125 0.44296875 0.01953125 0.05625
3 0.2546875 0.4390625 0.02265625 0.0515625
3 0.50390625 0.3046875 0.01640625 0.04296875
3 0.40859375 0.359375 0.01953125 0.04609375
3 0.46015625 0.2953125 0.01484375 0.03515625
3 0.7 0.45859375 0.01484375 0.0546875
3 0.3703125 0.51796875 0.02421875 0.06015625
3 0.79375 0.384375 0.01796875 0.05078125
2 0.48203125 0.39296875 0.0203125 0.046875
3 0.2953125 0.3796875 0.01875 0.04765625
3 0.603125 0.3546875 0.01875 0.04296875
3 0.46875 0.42578125 0.0234375 0.05390625
3 0.77578125 0.3203125 0.015625 0.04296875
3 0.48828125 0.31328125 0.01640625 0.04140625
3 0.31796875 0.40859375 0.01875 0.0515625
3 0.39609375 0.346875 0.015625 0.04453125
3 0.5765625 0.2859375 0.0125 0.03828125
3 0.5890625 0.31015625 0.015625 0.03671875
1 0.1015625 0.3890625 0.0203125 0.0515625
3 0.66484375 0.52734375 0.02734375 0.0609375
0 0.565625 0.29921875 0.00703125 0.0140625