3 0.4828125 0.384375 0.01484375 0.0421875
3 0.3359375 0.4015625 0.01640625 0.05390625
3 0.60625 0.3328125 0.01875 0.040625
3 0.47109375 0.33984375 0.01484375 0.03671875
3 0.7328125 0.59375 0.02578125 0.0609375
3 0.31015625 0.4578125 0.015625 0.046875
3 0.7671875 0.62578125 0.02734375 0.06796875
2 0.82890625 0.93671875 0.0390625 0.0875
3 0.796875 0.4453125 0.01875 0.05234375
3 0.31015625 0.61796875 0.01484375 0.053125
3 0.4484375 0.4390625 0.0171875 0.0484375
3 0.16640625 0.515625 0.0203125 0.053125
3 0.62890625 0.50703125 0.0125 0.06328125
1 0.2734375 0.34375 0.0203125 0.053125
0 0.29375 0.63125 0.0125 0.0203125
2 0.44296875 0.484375 0.01484375 0.05234375
3 0.61875 0.49765625 0.01015625 0.0484375
3 0.1828125 0.60703125 0.01171875 0.05859375
3 0.15390625 0.6046875 0.01328125 0.06640625
3 0.29140625 0.5921875 0.02109375 0.05234375
3 0.16484375 0.60859375 0.0078125 0.06171875