3 0.68046875 0.534375 0.021875 0.05859375
3 0.59609375 0.5375 0.02109375 0.05703125
3 0.7078125 0.6265625 0.03359375 0.0671875
3 0.4703125 0.353125 0.01875 0.04453125
3 0.79375 0.44140625 0.0203125 0.05546875
3 0.66015625 0.65 0.02734375 0.06015625
3 0.721875 0.459375 0.01953125 0.05703125
3 0.834375 0.5 0.021875 0.05703125
3 0.40078125 0.33828125 0.0171875 0.0390625
3 0.55546875 0.37734375 0.0171875 0.04609375
3 0.45234375 0.61640625 0.0234375 0.06328125
3 0.33359375 0.4375 0.02265625 0.053125
3 0.6875 0.33984375 0.01953125 0.0453125
3 0.53203125 0.4078125 0.01484375 0.04609375
3 0.5203125 0.44921875 0.02109375 0.05546875
3 0.81796875 0.46796875 0.0203125 0.05
3 0.29921875 0.59921875 0.028125 0.06796875
3 0.378125 0.4890625 0.02109375 0.0578125
2 0.62578125 0.4234375 0.021875 0.05078125
3 0.3375 0.415625 0.0203125 0.05078125
3 0.3703125 0.45390625 0.015625 0.0453125
0 0.70234375 0.61796875 0.00703125 0.01796875