3 0.4453125 0.4078125 0.01875 0.046875
3 0.3515625 0.3890625 0.0171875 0.04296875
2 0.43515625 0.475 0.01953125 0.0515625
3 0.4109375 0.60546875 0.028125 0.06875
3 0.4609375 0.33203125 0.0125 0.04140625
3 0.4484375 0.33203125 0.01484375 0.03984375
3 0.32421875 0.40703125 0.0203125 0.04609375
3 0.2390625 0.51640625 0.02109375 0.05234375
3 0.87578125 0.60546875 0.02578125 0.06796875
3 0.3421875 0.453125 0.0171875 0.0515625
3 0.590625 0.29921875 0.01640625 0.03984375
3 0.3046875 0.4375 0.01640625 0.04375
3 0.59375 0.4515625 0.01953125 0.05625
2 0.9140625 0.93046875 0.034375 0.08828125
3 0.7546875 0.53671875 0.01171875 0.05703125
3 0.3375 0.54296875 0.025 0.065625
3 0.57421875 0.45390625 0.01953125 0.0546875
3 0.1671875 0.6203125 0.02578125 0.05703125
3 0.14921875 0.68515625 0.02890625 0.06875
1 0.23125 0.34921875 0.01640625 0.04375
3 0.23984375 0.659375 0.0234375 0.0578125