1 0.04140625 0.44140625 0.02265625 0.05859375
3 0.27109375 0.43125 0.02109375 0.05078125
3 0.79609375 0.4203125 0.0234375 0.05234375
3 0.35 0.45 0.02109375 0.053125
3 0.49375 0.3765625 0.01640625 0.04609375
3 0.69375 0.340625 0.01796875 0.0421875
3 0.4625 0.6984375 0.028125 0.075
3 0.3765625 0.428125 0.01875 0.0484375
3 0.51875 0.3453125 0.01484375 0.04296875
3 0.3 0.38359375 0.01875 0.04765625
3 0.675 0.64765625 0.025 0.0703125
3 0.7953125 0.49296875 0.01484375 0.06171875
3 0.45390625 0.315625 0.01484375 0.0390625
2 0.62421875 0.39375 0.0203125 0.04609375
3 0.53125 0.41328125 0.01953125 0.04609375
3 0.540625 0.36171875 0.01796875 0.04296875
3 0.7125 0.43359375 0.01796875 0.046875
3 0.175 0.5453125 0.0265625 0.06328125
3 0.6625 0.47421875 0.01640625 0.05
3 0.5625 0.44375 0.02109375 0.053125
3 0.3515625 0.55234375 0.02734375 0.06015625
0 0.78359375 0.4546875 0.0109375 0.01328125
3 0.81015625 0.4921875 0.01484375 0.0625