3 0.65390625 0.35859375 0.0171875 0.040625
3 0.44609375 0.35703125 0.01875 0.0421875
3 0.59375 0.29140625 0.01875 0.040625
3 0.4984375 0.33046875 0.01640625 0.0359375
3 0.77734375 0.32421875 0.015625 0.04140625
3 0.56875 0.5390625 0.02734375 0.05625
3 0.3703125 0.334375 0.01484375 0.0390625
3 0.4859375 0.29609375 0.01484375 0.03671875
3 0.46328125 0.4171875 0.0171875 0.05390625
3 0.353125 0.3640625 0.01640625 0.04296875
3 0.71171875 0.50625 0.021875 0.05390625
3 0.5328125 0.334375 0.01875 0.0421875
3 0.3 0.37890625 0.01953125 0.0546875
3 0.378125 0.50625 0.0234375 0.059375
3 0.27890625 0.41640625 0.021875 0.0453125
3 0.87109375 0.40625 0.02109375 0.053125
3 0.31328125 0.39609375 0.0125 0.05078125
3 0.74609375 0.4390625 0.01328125 0.05234375
2 0.4859375 0.42109375 0.02109375 0.0515625
0 0.67578125 0.31953125 0.0109375 0.0125
1 0.153125 0.38515625 0.01953125 0.05546875
2 0.41015625 0.271875 0.01015625 0.0234375