3 0.40859375 0.440625 0.0203125 0.053125
3 0.31171875 0.4234375 0.01328125 0.05390625
3 0.3078125 0.4828125 0.021875 0.0515625
3 0.65703125 0.56875 0.0234375 0.05625
3 0.5640625 0.34453125 0.01875 0.0421875
3 0.50625 0.50234375 0.01484375 0.05859375
3 0.4484375 0.4203125 0.0203125 0.05078125
3 0.26015625 0.4859375 0.02109375 0.053125
3 0.71796875 0.4375 0.02265625 0.04453125
3 0.4015625 0.35234375 0.01796875 0.03984375
2 0.36796875 0.51328125 0.01953125 0.05390625
3 0.21953125 0.5265625 0.0203125 0.05234375
3 0.17890625 0.65703125 0.0140625 0.05859375
1 0.1828125 0.36953125 0.01875 0.04296875
3 0.43203125 0.6578125 0.0296875 0.08046875
3 0.45390625 0.665625 0.02734375 0.06953125
3 0.8203125 0.7703125 0.03359375 0.08359375
0 0.66640625 0.7390625 0.0125 0.028125
3 0.22265625 0.69375 0.02265625 0.06171875
3 0.20546875 0.634375 0.0125 0.06015625
2 0.78984375 0.90546875 0.028125 0.0875