3 0.353125 0.40546875 0.01796875 0.04296875
1 0.37109375 0.5453125 0.021875 0.0546875
3 0.46953125 0.39609375 0.01796875 0.04609375
3 0.38125 0.3703125 0.01640625 0.0453125
3 0.753125 0.35078125 0.01796875 0.05
3 0.765625 0.5046875 0.02109375 0.0578125
2 0.4359375 0.4703125 0.021875 0.05078125
3 0.89296875 0.56796875 0.0265625 0.06484375
3 0.575 0.44375 0.01640625 0.05
3 0.58984375 0.43828125 0.01953125 0.05625
3 0.46171875 0.32421875 0.02109375 0.04609375
0 0.3546875 0.725 0.01796875 0.021875
3 0.15859375 0.71796875 0.03515625 0.07578125
3 0.384375 0.7046875 0.0296875 0.0734375
2 0.96171875 0.94453125 0.03984375 0.09453125
3 0.271875 0.5140625 0.025 0.0546875
3 0.36875 0.43828125 0.02265625 0.05234375
3 0.5890625 0.2859375 0.01640625 0.03984375
3 0.3515625 0.51328125 0.02109375 0.053125
1 0.21796875 0.3578125 0.01875 0.04609375
3 0.40390625 0.6609375 0.02890625 0.06640625
3 0.3375 0.43125 0.0171875 0.05234375
3 0.2046875 0.63046875 0.0265625 0.0515625