3 0.38515625 0.3890625 0.01953125 0.05
3 0.53203125 0.47109375 0.021875 0.05390625
3 0.34609375 0.371875 0.01875 0.046875
3 0.5953125 0.34609375 0.015625 0.0453125
3 0.6296875 0.4984375 0.02109375 0.059375
3 0.353125 0.81171875 0.0296875 0.084375
3 0.51171875 0.3984375 0.01953125 0.0484375
3 0.3 0.5609375 0.02421875 0.06328125
3 0.27265625 0.58203125 0.025 0.0703125
3 0.31015625 0.46328125 0.0234375 0.0625
3 0.41875 0.7921875 0.0296875 0.0796875
3 0.7234375 0.80859375 0.0328125 0.084375
3 0.93203125 0.57734375 0.03203125 0.06484375
3 0.48671875 0.49921875 0.02265625 0.0625
3 0.734375 0.4515625 0.01953125 0.0546875
3 0.63984375 0.65390625 0.028125 0.0703125
3 0.72578125 0.6421875 0.02734375 0.0703125
3 0.88125 0.8125 0.0234375 0.075
3 0.31953125 0.44765625 0.0203125 0.06015625
3 0.740625 0.50703125 0.02109375 0.0578125
2 0.47578125 0.5125 0.0234375 0.06328125
0 0.90078125 0.8109375 0.0125 0.01796875