3 0.4265625 0.32265625 0.009375 0.0359375
3 0.50625 0.37734375 0.015625 0.04453125
3 0.71875 0.509375 0.01953125 0.04765625
3 0.45390625 0.325 0.01484375 0.0359375
3 0.6828125 0.39921875 0.01640625 0.04375
3 0.43359375 0.4640625 0.01328125 0.046875
3 0.5828125 0.38671875 0.0140625 0.0421875
3 0.71640625 0.30546875 0.0125 0.03828125
3 0.17578125 0.74609375 0.0296875 0.0703125
3 0.321875 0.49921875 0.021875 0.0546875
3 0.35703125 0.42421875 0.01953125 0.05078125
3 0.596875 0.38984375 0.0171875 0.04453125
2 0.98671875 0.94921875 0.02578125 0.0890625
3 0.39453125 0.41640625 0.01796875 0.04765625
3 0.8078125 0.446875 0.02109375 0.0515625
3 0.5546875 0.27265625 0.0125 0.03203125
3 0.42265625 0.48671875 0.01875 0.05
3 0.70546875 0.74765625 0.03046875 0.08125
1 0.15078125 0.396875 0.01875 0.0484375
2 0.3953125 0.48828125 0.0171875 0.05390625
3 0.2890625 0.61953125 0.021875 0.05859375
0 0.70078125 0.64765625 0.01328125 0.01875