3 0.37890625 0.3390625 0.01640625 0.03828125
3 0.44765625 0.43984375 0.01875 0.0515625
3 0.375 0.4 0.0171875 0.04296875
3 0.490625 0.3484375 0.015625 0.0421875
3 0.68984375 0.44296875 0.01875 0.05
3 0.346875 0.384375 0.015625 0.04140625
3 0.6953125 0.3 0.01484375 0.0375
3 0.44765625 0.403125 0.01640625 0.03515625
3 0.65703125 0.3640625 0.0140625 0.03984375
3 0.2859375 0.684375 0.02890625 0.07265625
3 0.4234375 0.30234375 0.00703125 0.04296875
3 0.5515625 0.353125 0.01015625 0.03828125
3 0.2984375 0.45703125 0.01640625 0.046875
3 0.32421875 0.4109375 0.01796875 0.0453125
3 0.665625 0.6421875 0.028125 0.06796875
3 0.33671875 0.56484375 0.0234375 0.05859375
3 0.12734375 0.39765625 0.01796875 0.0515625
2 0.3796875 0.459375 0.01796875 0.04921875
3 0.8015625 0.39765625 0.01171875 0.04140625
3 0.54375 0.278125 0.0125 0.0328125
3 0.43046875 0.30703125 0.009375 0.034375
0 0.8 0.41484375 0.00625 0.009375