3 0.625 0.340625 0.02265625 0.05
3 0.76875 0.67265625 0.0265625 0.0703125
3 0.80390625 0.4625 0.02265625 0.053125
3 0.4609375 0.44375 0.01953125 0.05
3 0.4796875 0.34296875 0.01328125 0.0390625
3 0.3515625 0.62890625 0.02890625 0.05625
3 0.20625 0.49765625 0.0234375 0.0484375
3 0.61875 0.5015625 0.02109375 0.06171875
3 0.35234375 0.4046875 0.01796875 0.05625
3 0.72421875 0.6046875 0.02109375 0.06484375
1 0.290625 0.34375 0.01953125 0.046875
3 0.50234375 0.40859375 0.0171875 0.046875
3 0.31328125 0.46171875 0.01640625 0.06015625
3 0.22421875 0.62421875 0.025 0.0625
0 0.378125 0.65390625 0.0140625 0.0171875
3 0.3359375 0.60703125 0.0296875 0.0625
2 0.44609375 0.48828125 0.01875 0.05
3 0.19140625 0.5765625 0.0125 0.046875