3 0.4828125 0.38359375 0.02109375 0.04921875
3 0.3859375 0.50234375 0.0234375 0.059375
2 0.9859375 0.94453125 0.02734375 0.09375
1 0.17890625 0.36484375 0.01796875 0.04765625
3 0.740625 0.32265625 0.01875 0.04375
3 0.74453125 0.45546875 0.0203125 0.05234375
3 0.46640625 0.30859375 0.01796875 0.03828125
3 0.5625 0.63359375 0.03203125 0.0703125
3 0.3453125 0.41171875 0.01640625 0.0484375
3 0.5234375 0.7015625 0.0390625 0.06640625
3 0.27421875 0.503125 0.021875 0.05234375
3 0.87890625 0.51796875 0.0234375 0.06640625
3 0.3703125 0.421875 0.01953125 0.046875
2 0.41640625 0.46484375 0.01875 0.05390625
3 0.56796875 0.2671875 0.0140625 0.0375
3 0.58671875 0.415625 0.01640625 0.0515625
3 0.3765625 0.39453125 0.021875 0.04296875
3 0.32578125 0.50078125 0.021875 0.0484375
3 0.571875 0.4171875 0.0140625 0.05078125
3 0.4484375 0.3109375 0.01875 0.03984375
3 0.39296875 0.34140625 0.0203125 0.0453125
1 0.03984375 0.38671875 0.0453125 0.084375
3 0.1546875 0.753125 0.03671875 0.08203125
0 0.51484375 0.7234375 0.00859375 0.01953125
3 0.2234375 0.64140625 0.02421875 0.06171875