1 0.825 0.38515625 0.01484375 0.05078125
3 0.46953125 0.33984375 0.0171875 0.04140625
2 0.35703125 0.45078125 0.01875 0.046875
3 0.5203125 0.33984375 0.02109375 0.04921875
3 0.42109375 0.2953125 0.015625 0.0453125
3 0.64609375 0.3515625 0.0140625 0.03984375
3 0.3203125 0.4 0.01796875 0.0484375
3 0.67109375 0.44296875 0.0203125 0.05625
3 0.42578125 0.39375 0.01796875 0.04609375
3 0.32421875 0.346875 0.01640625 0.0390625
3 0.26640625 0.41171875 0.01796875 0.05
3 0.2421875 0.453125 0.0171875 0.05078125
3 0.41484375 0.440625 0.0203125 0.053125
3 0.690625 0.30546875 0.015625 0.04140625
3 0.2953125 0.38984375 0.01484375 0.04375
1 0.07265625 0.40625 0.01953125 0.05390625
3 0.6546875 0.61015625 0.02421875 0.071875
3 0.30078125 0.559375 0.02265625 0.059375
3 0.30859375 0.6640625 0.02890625 0.07265625
0 0.8109375 0.4015625 0.00703125 0.015625