3 0.67109375 0.3421875 0.01953125 0.04296875
3 0.45625 0.36015625 0.0171875 0.04296875
3 0.39375 0.34921875 0.0171875 0.0421875
3 0.69453125 0.5546875 0.021875 0.06328125
3 0.6953125 0.66640625 0.028125 0.0671875
3 0.3828125 0.66328125 0.03046875 0.06875
3 0.78359375 0.4484375 0.02265625 0.0546875
3 0.64921875 0.66015625 0.02734375 0.0578125
3 0.51171875 0.465625 0.021875 0.0546875
3 0.378125 0.5140625 0.021875 0.059375
3 0.6 0.56796875 0.025 0.0625
3 0.8453125 0.51796875 0.01953125 0.06171875
3 0.71171875 0.46953125 0.021875 0.05625
3 0.3546875 0.43046875 0.0171875 0.05625
3 0.346875 0.4859375 0.021875 0.05546875
3 0.54921875 0.421875 0.0171875 0.046875
3 0.55234375 0.384375 0.0140625 0.04296875
3 0.8140625 0.475 0.01875 0.0515625
2 0.571875 0.440625 0.02109375 0.04765625
3 0.49375 0.68359375 0.03515625 0.0671875
0 0.48203125 0.55390625 0.0109375 0.028125
3 0.36953125 0.42890625 0.01484375 0.05859375