3 0.33515625 0.3546875 0.01875 0.04140625
3 0.3390625 0.4609375 0.02109375 0.0546875
3 0.25625 0.56640625 0.02421875 0.06328125
3 0.5734375 0.43046875 0.01875 0.04765625
3 0.31640625 0.653125 0.02890625 0.06796875
3 0.22890625 0.44921875 0.01953125 0.05234375
3 0.5 0.3453125 0.015625 0.0390625
3 0.66953125 0.3546875 0.0171875 0.04375
3 0.33671875 0.625 0.02578125 0.059375
3 0.29296875 0.328125 0.015625 0.0359375
3 0.58125 0.303125 0.01484375 0.034375
3 0.2453125 0.39140625 0.01875 0.0453125
1 0.834375 0.3890625 0.0203125 0.04609375
3 0.5421875 0.43984375 0.01875 0.053125
3 0.48828125 0.51796875 0.0234375 0.05859375
3 0.25859375 0.42734375 0.02109375 0.0515625
3 0.85234375 0.53828125 0.021875 0.06171875
3 0.4203125 0.428125 0.01484375 0.0515625
3 0.403125 0.3578125 0.01640625 0.04921875
0 0.41171875 0.4765625 0.02109375 0.065625