3 0.3453125 0.46015625 0.01953125 0.05078125
3 0.45703125 0.4234375 0.0171875 0.04921875
3 0.3671875 0.4078125 0.01875 0.046875
3 0.315625 0.44609375 0.01640625 0.0453125
3 0.61875 0.31875 0.01796875 0.04140625
3 0.76953125 0.57734375 0.02265625 0.0609375
3 0.34453125 0.40625 0.015625 0.04453125
3 0.41875 0.66015625 0.0296875 0.07265625
2 0.903125 0.9578125 0.03984375 0.084375
3 0.61484375 0.48359375 0.0265625 0.05859375
3 0.24140625 0.5203125 0.02421875 0.0515625
3 0.4890625 0.35234375 0.01796875 0.04375
3 0.471875 0.34453125 0.015625 0.0359375
3 0.36171875 0.56875 0.02734375 0.06328125
3 0.87734375 0.64453125 0.03203125 0.071875
1 0.7890625 0.40859375 0.01796875 0.0484375
2 0.45859375 0.48515625 0.01796875 0.053125
1 0.2765625 0.34765625 0.01640625 0.04140625
3 0.1921875 0.66796875 0.02265625 0.06796875
3 0.203125 0.628125 0.01640625 0.05703125
3 0.17421875 0.60625 0.021875 0.0484375
0 0.16328125 0.62578125 0.00546875 0.0125