3 0.36796875 0.8109375 0.03515625 0.08984375
3 0.62734375 0.3484375 0.0171875 0.046875
3 0.5515625 0.4625 0.02265625 0.05625
3 0.42890625 0.7671875 0.03203125 0.0765625
3 0.54453125 0.39296875 0.01875 0.0484375
3 0.4265625 0.3796875 0.01875 0.0484375
3 0.6640625 0.4875 0.01875 0.0578125
3 0.76015625 0.45703125 0.0203125 0.05703125
3 0.77265625 0.78046875 0.05 0.07890625
3 0.51015625 0.4890625 0.01875 0.0546875
3 0.33125 0.46171875 0.021875 0.05625
3 0.88046875 0.559375 0.028125 0.0625
3 0.378125 0.3640625 0.01796875 0.0453125
3 0.65390625 0.7859375 0.040625 0.0796875
3 0.721875 0.6234375 0.028125 0.06796875
3 0.3484375 0.43828125 0.01953125 0.05234375
3 0.31640625 0.55859375 0.015625 0.065625
3 0.60078125 0.63359375 0.02421875 0.065625
3 0.77578125 0.49765625 0.0203125 0.05859375
2 0.47421875 0.48984375 0.02109375 0.05078125
3 0.3265625 0.54140625 0.0140625 0.0625
0 0.8125 0.7765625 0.01328125 0.021875