3 0.76875 0.415625 0.0234375 0.053125
3 0.5953125 0.31015625 0.01484375 0.040625
3 0.71640625 0.3390625 0.01796875 0.046875
3 0.50078125 0.309375 0.015625 0.03984375
3 0.63125 0.3625 0.015625 0.0453125
3 0.528125 0.31796875 0.01640625 0.0421875
3 0.30546875 0.3421875 0.015625 0.04453125
1 0.1625 0.38828125 0.01875 0.05234375
3 0.4171875 0.43984375 0.02421875 0.0546875
3 0.36171875 0.33984375 0.0203125 0.0453125
3 0.653125 0.53203125 0.02421875 0.065625
3 0.6640625 0.303125 0.015625 0.04296875
3 0.7375 0.396875 0.01875 0.0484375
3 0.17578125 0.4234375 0.01796875 0.0484375
3 0.61171875 0.3359375 0.01640625 0.04296875
3 0.4984375 0.55703125 0.02578125 0.06171875
3 0.2859375 0.309375 0.01484375 0.03125
3 0.48046875 0.278125 0.0125 0.03203125
3 0.4 0.29140625 0.0140625 0.0390625
3 0.2609375 0.3015625 0.01640625 0.0375
2 0.8484375 0.95546875 0.0453125 0.0890625
2 0.53671875 0.37578125 0.01875 0.04609375
3 0.14921875 0.9828125 0.04609375 0.03359375