3 0.29921875 0.52734375 0.02265625 0.05703125
3 0.546875 0.359375 0.01796875 0.040625
3 0.46953125 0.4 0.01953125 0.04765625
3 0.259375 0.37890625 0.01796875 0.04296875
3 0.43828125 0.5265625 0.0203125 0.05234375
3 0.38359375 0.43515625 0.01640625 0.04765625
3 0.21328125 0.46015625 0.01875 0.0578125
3 0.44453125 0.71171875 0.0265625 0.07265625
1 0.78984375 0.39296875 0.01640625 0.046875
3 0.409375 0.30234375 0.0203125 0.04140625
3 0.26484375 0.69453125 0.02734375 0.07890625
3 0.5578125 0.48359375 0.02265625 0.05703125
3 0.2296875 0.453125 0.02109375 0.05390625
3 0.20390625 0.53515625 0.02265625 0.059375
3 0.71484375 0.37578125 0.02578125 0.04765625
3 0.5 0.546875 0.021875 0.0609375
3 0.71171875 0.765625 0.0328125 0.07578125
3 0.28671875 0.403125 0.0171875 0.046875
3 0.671875 0.56484375 0.02890625 0.05703125
2 0.41171875 0.578125 0.02578125 0.0609375
3 0.31796875 0.73203125 0.028125 0.07421875
3 0.86640625 0.53359375 0.0171875 0.06171875