3 0.4953125 0.36015625 0.021875 0.04453125
1 0.12890625 0.42265625 0.01953125 0.05390625
3 0.55703125 0.34765625 0.02109375 0.0515625
3 0.54765625 0.40078125 0.01953125 0.0484375
3 0.30703125 0.37109375 0.01953125 0.04609375
3 0.84375 0.49296875 0.02734375 0.05859375
3 0.64921875 0.45703125 0.025 0.053125
3 0.8046875 0.4859375 0.0203125 0.05078125
3 0.77734375 0.41484375 0.028125 0.053125
3 0.703125 0.34140625 0.01953125 0.04140625
3 0.409375 0.72734375 0.03359375 0.07421875
3 0.57578125 0.41328125 0.01875 0.04609375
3 0.26875 0.42421875 0.02421875 0.05234375
3 0.3875 0.42578125 0.02265625 0.05078125
3 0.35390625 0.42265625 0.0203125 0.05078125
3 0.5125 0.30859375 0.015625 0.03671875
3 0.14140625 0.53671875 0.02421875 0.059375
3 0.6890625 0.41640625 0.02421875 0.046875
2 0.6125 0.39921875 0.01875 0.04453125
3 0.3484375 0.53359375 0.02265625 0.05625
3 0.12421875 0.97421875 0.03828125 0.05078125
0 0.671875 0.32109375 0.00859375 0.021875
3 0.6296875 0.6484375 0.03125 0.0828125