3 0.7578125 0.40625 0.02265625 0.04609375
1 0.20703125 0.41484375 0.01875 0.05390625
3 0.49375 0.346875 0.01953125 0.04296875
3 0.36875 0.7390625 0.03671875 0.07890625
2 0.60078125 0.4078125 0.02109375 0.04140625
3 0.628125 0.446875 0.0234375 0.053125
3 0.60859375 0.640625 0.0328125 0.0703125
3 0.83125 0.4875 0.025 0.0578125
3 0.5765625 0.34296875 0.02265625 0.04296875
3 0.70859375 0.33828125 0.01875 0.0421875
3 0.565625 0.3859375 0.01875 0.046875
3 0.3140625 0.35859375 0.01640625 0.04296875
3 0.35703125 0.403125 0.01796875 0.05
3 0.5609375 0.3 0.01484375 0.0359375
3 0.38515625 0.41640625 0.021875 0.0484375
3 0.76875 0.4921875 0.02421875 0.05625
2 0.95859375 0.9484375 0.0484375 0.07890625
3 0.6125 0.38671875 0.015625 0.04140625
3 0.2625 0.409375 0.02109375 0.0515625
3 0.35234375 0.51796875 0.0234375 0.0515625
3 0.1296875 0.5234375 0.025 0.059375
3 0.6703125 0.4015625 0.01796875 0.04453125
0 0.4328125 0.33203125 0.01171875 0.01640625