3 0.46953125 0.43203125 0.01796875 0.04453125
3 0.21640625 0.47421875 0.0203125 0.053125
3 0.50703125 0.5421875 0.01875 0.0578125
3 0.215625 0.40703125 0.01796875 0.04765625
3 0.43125 0.4171875 0.01953125 0.04765625
3 0.171875 0.59140625 0.0234375 0.06640625
3 0.246875 0.56875 0.0234375 0.06171875
3 0.2453125 0.425 0.0171875 0.05078125
3 0.18984375 0.496875 0.0203125 0.0546875
3 0.54375 0.715625 0.0328125 0.07421875
3 0.565625 0.5046875 0.0203125 0.0578125
1 0.784375 0.396875 0.01640625 0.046875
3 0.49375 0.59296875 0.0265625 0.06015625
3 0.37421875 0.484375 0.01953125 0.0546875
3 0.42734375 0.3296875 0.01484375 0.0375
3 0.65703125 0.39296875 0.01640625 0.04765625
3 0.89765625 0.5625 0.02578125 0.0578125
2 0.41015625 0.5875 0.02265625 0.0609375
3 0.65859375 0.5984375 0.02421875 0.06484375
3 0.27734375 0.75703125 0.03046875 0.07890625
3 0.33046875 0.79765625 0.028125 0.07734375
0 0.878125 0.57890625 0.015625 0.01953125
3 0.7515625 0.74140625 0.03046875 0.075