3 0.45390625 0.3328125 0.01640625 0.040625
3 0.73046875 0.3875 0.0171875 0.05078125
3 0.690625 0.334375 0.01640625 0.0421875
3 0.35703125 0.6921875 0.0296875 0.06640625
3 0.29296875 0.340625 0.02734375 0.0453125
3 0.55625 0.33828125 0.015625 0.0375
3 0.14921875 0.48984375 0.021875 0.05703125
3 0.32890625 0.3890625 0.01796875 0.04609375
3 0.56328125 0.36015625 0.0171875 0.03984375
3 0.37734375 0.39453125 0.01953125 0.04765625
3 0.64921875 0.38125 0.01640625 0.040625
3 0.54921875 0.29453125 0.0140625 0.034375
3 0.6203125 0.36328125 0.0171875 0.040625
1 0.20234375 0.41484375 0.0203125 0.046875
3 0.36015625 0.503125 0.02265625 0.05625
2 0.56796875 0.41328125 0.01796875 0.04765625
3 0.61015625 0.41484375 0.0171875 0.04453125
3 0.25390625 0.38671875 0.021875 0.04375
3 0.740625 0.45390625 0.0203125 0.05390625
3 0.59765625 0.6078125 0.025 0.07109375
3 0.796875 0.4625 0.0234375 0.05703125
2 0.90625 0.9265625 0.0296875 0.1
0 0.209375 0.43359375 0.00625 0.01015625