3 0.24765625 0.428125 0.0203125 0.04921875
3 0.21640625 0.409375 0.01796875 0.046875
3 0.6328125 0.409375 0.0203125 0.0484375
3 0.378125 0.50078125 0.01953125 0.05390625
3 0.171875 0.60546875 0.02734375 0.065625
3 0.434375 0.340625 0.0171875 0.040625
3 0.228125 0.58515625 0.0265625 0.06484375
3 0.51015625 0.53046875 0.021875 0.05859375
3 0.44921875 0.4609375 0.01796875 0.05078125
3 0.53359375 0.6109375 0.02578125 0.0640625
3 0.58046875 0.72734375 0.03046875 0.075
3 0.646875 0.61328125 0.02578125 0.06796875
3 0.78125 0.728125 0.03359375 0.07421875
3 0.19296875 0.50390625 0.021875 0.05703125
3 0.8078125 0.3984375 0.01484375 0.0453125
3 0.4171875 0.4171875 0.01796875 0.046875
3 0.92734375 0.5734375 0.02734375 0.065625
2 0.41328125 0.57109375 0.02421875 0.06171875
3 0.58125 0.509375 0.0234375 0.0578125
3 0.2140625 0.48046875 0.01953125 0.053125
3 0.28515625 0.78046875 0.03203125 0.08125
0 0.90390625 0.61015625 0.015625 0.01796875
3 0.33828125 0.8109375 0.0296875 0.09140625