3 0.51640625 0.340625 0.01953125 0.04140625
3 0.4796875 0.340625 0.01640625 0.04140625
3 0.6328125 0.35390625 0.01875 0.03828125
3 0.33671875 0.34921875 0.0171875 0.040625
3 0.54453125 0.29453125 0.01015625 0.03515625
3 0.4359375 0.37421875 0.01953125 0.04375
3 0.346875 0.5234375 0.02578125 0.0609375
3 0.45390625 0.30859375 0.0140625 0.03515625
3 0.71328125 0.3203125 0.01796875 0.0421875
3 0.68671875 0.44296875 0.01640625 0.053125
2 0.43125 0.42890625 0.01953125 0.0546875
3 0.28359375 0.40703125 0.0109375 0.04765625
3 0.8453125 0.40625 0.01953125 0.05078125
3 0.31953125 0.3875 0.0171875 0.04375
3 0.6703125 0.5296875 0.02109375 0.053125
1 0.12734375 0.4 0.01796875 0.05
3 0.259375 0.43125 0.01640625 0.0421875
3 0.459375 0.56953125 0.02734375 0.06484375
3 0.55546875 0.3125 0.009375 0.0328125
0 0.7109375 0.3375 0.00703125 0.01015625
2 0.38828125 0.2828125 0.00859375 0.03203125