3 0.83671875 0.5671875 0.02265625 0.06171875
3 0.6484375 0.49453125 0.02265625 0.04765625
3 0.39140625 0.3828125 0.02265625 0.05078125
3 0.34140625 0.4078125 0.01953125 0.0515625
2 0.9859375 0.88828125 0.028125 0.0859375
3 0.72890625 0.3859375 0.0171875 0.0421875
3 0.628125 0.32109375 0.0140625 0.0390625
3 0.5015625 0.33984375 0.01640625 0.0359375
3 0.6703125 0.41953125 0.01953125 0.0421875
3 0.49765625 0.5703125 0.021875 0.0625
3 0.30625 0.4875 0.0171875 0.0484375
3 0.23046875 0.7703125 0.03203125 0.0765625
2 0.4046875 0.496875 0.01953125 0.05
3 0.29140625 0.5203125 0.02109375 0.05078125
3 0.340625 0.45703125 0.01953125 0.04765625
3 0.3875 0.6296875 0.02265625 0.065625
3 0.2203125 0.67265625 0.02578125 0.06796875
1 0.11953125 0.4140625 0.01953125 0.05
3 0.60234375 0.74296875 0.02421875 0.075
3 0.540625 0.45078125 0.01875 0.05234375
3 0.38671875 0.70546875 0.0265625 0.0671875