3 0.25546875 0.434375 0.01953125 0.05
3 0.2828125 0.33671875 0.01640625 0.03828125
3 0.328125 0.36640625 0.0171875 0.04453125
3 0.59375 0.30703125 0.01484375 0.03359375
3 0.5984375 0.47421875 0.01953125 0.053125
3 0.403125 0.37109375 0.01640625 0.04296875
3 0.553125 0.45 0.01875 0.0546875
3 0.225 0.471875 0.02109375 0.0546875
3 0.68828125 0.35234375 0.021875 0.04375
2 0.82109375 0.3859375 0.01796875 0.04609375
3 0.3375 0.48203125 0.02109375 0.05546875
3 0.49765625 0.36171875 0.01796875 0.0421875
3 0.2359375 0.41171875 0.015625 0.04921875
3 0.4265625 0.45625 0.01875 0.0515625
3 0.5 0.53125 0.02265625 0.059375
3 0.34765625 0.67421875 0.02890625 0.07578125
3 0.3296875 0.6640625 0.02421875 0.0671875
3 0.67265625 0.778125 0.03203125 0.075
3 0.25703125 0.603125 0.0265625 0.0671875
3 0.85625 0.5328125 0.0234375 0.06328125
2 0.4109375 0.50390625 0.02109375 0.05078125
0 0.61015625 0.3328125 0.01015625 0.0125