3 0.2890625 0.41015625 0.01796875 0.046875
3 0.26015625 0.3984375 0.01796875 0.046875
1 0.90234375 0.409375 0.0203125 0.0484375
3 0.490625 0.34921875 0.0171875 0.03984375
3 0.18671875 0.61328125 0.0265625 0.0671875
3 0.34765625 0.80859375 0.0375 0.08515625
3 0.40234375 0.5078125 0.0203125 0.0578125
3 0.22890625 0.5828125 0.0265625 0.06484375
3 0.540625 0.50703125 0.02421875 0.05703125
3 0.3 0.80546875 0.03515625 0.0859375
3 0.6625 0.7734375 0.03203125 0.08515625
3 0.64453125 0.5046875 0.02421875 0.06015625
1 0.8234375 0.98515625 0.04375 0.0296875
2 0.971875 0.7515625 0.040625 0.08671875
3 0.58984375 0.6453125 0.0296875 0.07265625
3 0.23671875 0.48046875 0.02734375 0.0765625
3 0.4265625 0.4078125 0.01796875 0.046875
3 0.65 0.62734375 0.0296875 0.06953125
3 0.9 0.56953125 0.03203125 0.065625
3 0.64453125 0.43984375 0.0234375 0.053125
3 0.45 0.47265625 0.021875 0.05859375
1 0.50703125 0.97265625 0.0359375 0.0546875
1 0.521875 0.97109375 0.05703125 0.05703125
2 0.421875 0.53515625 0.025 0.0578125
3 0.67578125 0.98828125 0.0453125 0.0234375
3 0.8609375 0.76640625 0.01875 0.0734375
0 0.84453125 0.7671875 0.009375 0.01796875