3 0.49375 0.346875 0.01640625 0.0421875
3 0.378125 0.43359375 0.0203125 0.0453125
3 0.30859375 0.39453125 0.02109375 0.05
3 0.421875 0.32734375 0.01640625 0.03984375
3 0.73203125 0.44765625 0.01875 0.0515625
3 0.5484375 0.3671875 0.01796875 0.04375
3 0.3859375 0.58359375 0.02421875 0.05625
3 0.72109375 0.6171875 0.0328125 0.0671875
3 0.7015625 0.33984375 0.01796875 0.04375
2 0.64921875 0.4 0.01875 0.04296875
3 0.290625 0.4359375 0.02109375 0.05390625
3 0.659375 0.50078125 0.0203125 0.059375
3 0.36328125 0.4671875 0.021875 0.05390625
3 0.23046875 0.56484375 0.028125 0.0640625
3 0.80859375 0.43359375 0.01875 0.05625
3 0.5546875 0.66953125 0.02265625 0.06640625
3 0.80703125 0.484375 0.02578125 0.0609375
3 0.5078125 0.3890625 0.01484375 0.04375
3 0.52265625 0.43125 0.0171875 0.05
3 0.571875 0.4859375 0.01953125 0.05625
3 0.79921875 0.478125 0.0234375 0.0578125
0 0.72265625 0.59296875 0.0109375 0.0203125