3 0.43046875 0.39140625 0.01875 0.04453125
3 0.696875 0.35078125 0.01875 0.046875
3 0.3703125 0.55 0.02421875 0.0578125
3 0.57734375 0.29765625 0.0171875 0.0390625
3 0.43203125 0.33046875 0.0171875 0.03984375
3 0.37421875 0.4203125 0.01875 0.05078125
3 0.60703125 0.3671875 0.015625 0.04375
3 0.48203125 0.484375 0.021875 0.05390625
3 0.30546875 0.5796875 0.02421875 0.0625
3 0.290625 0.48671875 0.02109375 0.0578125
3 0.353125 0.33203125 0.01796875 0.040625
3 0.5546875 0.31875 0.015625 0.0375
1 0.9234375 0.40078125 0.0265625 0.05859375
3 0.27578125 0.403125 0.0203125 0.04921875
3 0.85078125 0.56015625 0.02578125 0.06796875
3 0.29453125 0.396875 0.01953125 0.05078125
3 0.4203125 0.4421875 0.01640625 0.0453125
3 0.57578125 0.415625 0.02421875 0.0609375
3 0.56640625 0.75390625 0.03125 0.08125
3 0.3 0.346875 0.01640625 0.0453125