3 0.65625 0.3453125 0.01875 0.0453125
3 0.3921875 0.35625 0.0171875 0.04296875
3 0.45 0.36875 0.01875 0.046875
3 0.434375 0.73515625 0.03046875 0.06875
3 0.8546875 0.540625 0.02421875 0.059375
3 0.39453125 0.7640625 0.0296875 0.0796875
3 0.77265625 0.4546875 0.021875 0.0546875
3 0.55546875 0.44453125 0.01875 0.053125
3 0.69609375 0.48046875 0.01953125 0.0578125
3 0.3484375 0.44453125 0.02109375 0.059375
3 0.33984375 0.51796875 0.0203125 0.0578125
3 0.55390625 0.38984375 0.01640625 0.04765625
3 0.678125 0.71875 0.03359375 0.05703125
3 0.36640625 0.4328125 0.01875 0.05546875
3 0.35625 0.53671875 0.02578125 0.0625
3 0.58125 0.590625 0.021875 0.04765625
3 0.7984375 0.48359375 0.021875 0.05625
3 0.60859375 0.721875 0.03203125 0.06953125
2 0.509375 0.465625 0.01640625 0.04453125
3 0.70859375 0.59296875 0.02421875 0.0640625
0 0.5796875 0.62578125 0.0140625 0.01796875
3 0.51796875 0.48046875 0.01015625 0.05234375