3 0.48515625 0.38203125 0.01796875 0.04609375
3 0.68515625 0.41953125 0.01796875 0.0453125
3 0.371875 0.40234375 0.0171875 0.046875
3 0.35390625 0.41953125 0.02265625 0.05546875
3 0.2859375 0.50859375 0.02421875 0.05703125
3 0.39921875 0.33515625 0.01640625 0.04140625
2 0.38828125 0.47265625 0.01171875 0.04765625
2 0.96875 0.9359375 0.03125 0.08828125
3 0.57734375 0.40234375 0.0125 0.053125
3 0.36171875 0.49140625 0.02265625 0.05234375
3 0.14375 0.77734375 0.03359375 0.08359375
3 0.43203125 0.3140625 0.01640625 0.040625
3 0.45390625 0.3140625 0.0140625 0.03671875
3 0.54453125 0.26875 0.01328125 0.03515625
3 0.82890625 0.46953125 0.0203125 0.05546875
3 0.65859375 0.56640625 0.01640625 0.06171875
3 0.70703125 0.3109375 0.0171875 0.03984375
1 0.14765625 0.38359375 0.0203125 0.0515625
0 0.609375 0.740625 0.01328125 0.0203125
3 0.6328125 0.74296875 0.03125 0.06953125
3 0.240625 0.64375 0.01484375 0.06484375