3 0.371875 0.31640625 0.015625 0.040625
3 0.63125 0.31328125 0.01640625 0.03515625
3 0.73515625 0.45078125 0.0203125 0.05703125
3 0.4625 0.2875 0.015625 0.04375
3 0.40234375 0.35859375 0.02265625 0.04765625
3 0.57890625 0.28515625 0.009375 0.04296875
3 0.69375 0.4359375 0.01484375 0.0515625
2 0.4875 0.3796875 0.01796875 0.04375
3 0.71328125 0.52265625 0.025 0.06015625
3 0.384375 0.5375 0.025 0.06171875
3 0.48125 0.31796875 0.015625 0.04140625
3 0.78125 0.32421875 0.01796875 0.04140625
3 0.340625 0.4109375 0.02421875 0.053125
1 0.0921875 0.38203125 0.0203125 0.05234375
3 0.61796875 0.35 0.01796875 0.040625
3 0.2984375 0.37265625 0.0171875 0.04921875
3 0.49140625 0.43046875 0.021875 0.0546875
3 0.77265625 0.37578125 0.01953125 0.04921875
2 0.38984375 0.2703125 0.0125 0.03203125
3 0.50078125 0.290625 0.0109375 0.0390625
3 0.4296875 0.34765625 0.01640625 0.04296875
3 0.2140625 0.46796875 0.025 0.05234375
0 0.5703125 0.2984375 0.00625 0.01171875