3 0.7921875 0.653125 0.01953125 0.0734375
3 0.71875 0.40546875 0.0171875 0.04609375
3 0.23984375 0.5109375 0.01953125 0.05390625
3 0.45546875 0.64609375 0.02578125 0.06953125
3 0.36796875 0.40234375 0.0171875 0.04609375
3 0.22265625 0.55078125 0.0203125 0.05234375
3 0.27265625 0.428125 0.01328125 0.046875
3 0.3515625 0.42109375 0.01875 0.04765625
3 0.175 0.71015625 0.028125 0.06640625
3 0.46953125 0.503125 0.021875 0.059375
3 0.54453125 0.33671875 0.01640625 0.0390625
3 0.2546875 0.70625 0.03125 0.06640625
3 0.515625 0.7484375 0.03203125 0.071875
3 0.39375 0.35703125 0.01796875 0.03828125
1 0.0890625 0.41171875 0.01953125 0.04609375
3 0.52578125 0.51796875 0.0265625 0.04921875
3 0.275 0.49296875 0.01953125 0.0515625
3 0.209375 0.79375 0.03125 0.075
2 0.32578125 0.5328125 0.021875 0.05859375
3 0.65546875 0.5078125 0.0171875 0.05078125
0 0.8046875 0.66640625 0.0078125 0.01875
3 0.28515625 0.41796875 0.01328125 0.04375
2 0.85703125 0.88125 0.0265625 0.08828125