3 0.49140625 0.34296875 0.015625 0.03984375
3 0.44609375 0.38515625 0.01875 0.04453125
3 0.534375 0.3453125 0.0140625 0.0390625
3 0.85859375 0.4015625 0.01875 0.0484375
3 0.6765625 0.453125 0.0203125 0.05390625
3 0.6578125 0.353125 0.01484375 0.034375
3 0.31015625 0.3953125 0.01796875 0.05078125
3 0.3359375 0.35234375 0.01953125 0.0390625
3 0.42578125 0.4375 0.01953125 0.05
3 0.278125 0.415625 0.0171875 0.046875
3 0.70859375 0.328125 0.0171875 0.03984375
3 0.25859375 0.43828125 0.01796875 0.05
3 0.33046875 0.5421875 0.02109375 0.05859375
2 0.40078125 0.44296875 0.01953125 0.05078125
1 0.115625 0.403125 0.01953125 0.05
3 0.67265625 0.571875 0.015625 0.0609375
3 0.5421875 0.2875 0.0171875 0.03828125
3 0.45 0.30859375 0.01484375 0.03203125
3 0.4671875 0.290625 0.0125 0.034375
3 0.390625 0.6140625 0.025 0.0671875
0 0.74609375 0.3609375 0.00859375 0.01796875