3 0.71796875 0.36875 0.01796875 0.0484375
3 0.3203125 0.36953125 0.0171875 0.046875
3 0.5796875 0.34140625 0.015625 0.04140625
3 0.43671875 0.62109375 0.02890625 0.07265625
3 0.284375 0.32890625 0.015625 0.040625
3 0.7328125 0.421875 0.01875 0.046875
3 0.628125 0.36328125 0.0171875 0.0390625
3 0.390625 0.478125 0.0203125 0.053125
3 0.17578125 0.46328125 0.02109375 0.05625
3 0.4296875 0.3171875 0.0125 0.0375
3 0.6109375 0.57109375 0.02421875 0.06796875
3 0.64140625 0.3359375 0.0125 0.0328125
3 0.540625 0.3375 0.015625 0.040625
3 0.38046875 0.37109375 0.0171875 0.0453125
3 0.61171875 0.38828125 0.0171875 0.04296875
3 0.77109375 0.4390625 0.02109375 0.05390625
3 0.67578125 0.31875 0.01328125 0.03984375
1 0.20078125 0.40234375 0.01171875 0.04765625
2 0.303125 0.27578125 0.01484375 0.03125
3 0.51328125 0.2953125 0.01640625 0.0328125
3 0.52578125 0.33125 0.0140625 0.0375
2 0.546875 0.4015625 0.01796875 0.05
3 0.28671875 0.353125 0.015625 0.03828125
0 0.209375 0.421875 0.00859375 0.0140625
2 0.86171875 0.91796875 0.03359375 0.09296875