3 0.2703125 0.47734375 0.01953125 0.05234375
3 0.31796875 0.41796875 0.01640625 0.05546875
3 0.4265625 0.44765625 0.0203125 0.05
3 0.46640625 0.42109375 0.02109375 0.05234375
3 0.6625 0.5765625 0.0234375 0.05859375
3 0.396875 0.65859375 0.0296875 0.06875
1 0.22265625 0.3546875 0.01875 0.04140625
3 0.425 0.3484375 0.01875 0.03984375
3 0.775 0.73828125 0.0328125 0.084375
3 0.5796875 0.34140625 0.0234375 0.04296875
3 0.54453125 0.4953125 0.02734375 0.0609375
3 0.2046875 0.665625 0.0171875 0.06875
3 0.29921875 0.47265625 0.021875 0.0546875
2 0.38984375 0.50234375 0.0203125 0.05546875
3 0.7453125 0.45 0.01796875 0.05703125
3 0.196875 0.5125 0.02421875 0.0546875
0 0.41640625 0.684375 0.00859375 0.0140625
3 0.17109375 0.6140625 0.01640625 0.06171875