3 0.6703125 0.3140625 0.015625 0.03046875
2 0.50859375 0.36796875 0.01796875 0.0421875
3 0.36953125 0.315625 0.0140625 0.0390625
3 0.68828125 0.41875 0.01953125 0.046875
3 0.21171875 0.49609375 0.02265625 0.05703125
3 0.64609375 0.35 0.0125 0.0359375
3 0.321875 0.36875 0.0171875 0.04453125
3 0.53046875 0.42265625 0.01640625 0.04609375
3 0.43125 0.54921875 0.02265625 0.06015625
3 0.39921875 0.365625 0.01796875 0.04453125
3 0.58359375 0.2890625 0.0140625 0.03515625
3 0.46875 0.33984375 0.01875 0.04296875
3 0.38828125 0.40703125 0.01953125 0.04765625
2 0.9734375 0.98359375 0.040625 0.03203125
3 0.51640625 0.28515625 0.015625 0.03984375
3 0.7453125 0.4984375 0.01796875 0.05234375
3 0.73984375 0.45234375 0.0140625 0.046875
3 0.74921875 0.365625 0.01484375 0.0453125
3 0.76015625 0.32578125 0.0109375 0.040625
1 0.11796875 0.37421875 0.0171875 0.04453125