3 0.23828125 0.53671875 0.01875 0.0515625
3 0.4359375 0.346875 0.01796875 0.03203125
3 0.4703125 0.61171875 0.0265625 0.06484375
3 0.6484375 0.45625 0.015625 0.0453125
3 0.4875 0.475 0.02265625 0.0578125
3 0.36015625 0.4 0.015625 0.04765625
3 0.2625 0.50546875 0.01953125 0.05390625
2 0.353125 0.5171875 0.0203125 0.05546875
3 0.184375 0.7 0.02578125 0.0671875
3 0.58203125 0.5109375 0.0234375 0.053125
3 0.290625 0.42265625 0.01484375 0.04609375
3 0.5734375 0.33046875 0.01640625 0.0375
3 0.72734375 0.38515625 0.015625 0.040625
3 0.7953125 0.6015625 0.0265625 0.06484375
3 0.565625 0.76640625 0.02265625 0.0796875
3 0.29296875 0.48203125 0.01796875 0.05234375
1 0.0890625 0.41171875 0.01953125 0.06015625
3 0.30078125 0.71875 0.025 0.06875
3 0.2125 0.8015625 0.03359375 0.08359375
0 0.73671875 0.4703125 0.00625 0.01484375
3 0.30078125 0.409375 0.0140625 0.0421875
3 0.3015625 0.65078125 0.0234375 0.06875
2 0.92265625 0.86796875 0.03046875 0.07421875