3 0.4328125 0.25390625 0.015625 0.03828125
3 0.33359375 0.30859375 0.01796875 0.04296875
3 0.48671875 0.28515625 0.015625 0.04375
3 0.2328125 0.271875 0.01640625 0.04140625
3 0.26015625 0.28359375 0.01796875 0.040625
3 0.44296875 0.40625 0.021875 0.05234375
3 0.6734375 0.27578125 0.015625 0.0375
3 0.7671875 0.390625 0.021875 0.059375
3 0.71171875 0.303125 0.01875 0.04921875
3 0.3671875 0.2640625 0.01640625 0.04140625
3 0.503125 0.30078125 0.0171875 0.0453125
3 0.5796875 0.30703125 0.0171875 0.04296875
3 0.53125 0.5078125 0.02265625 0.06484375
3 0.63984375 0.3296875 0.01640625 0.04609375
3 0.7046875 0.49296875 0.01875 0.06328125
3 0.62109375 0.2734375 0.0171875 0.04375
3 0.17421875 0.3859375 0.025 0.05078125
3 0.2859375 0.3125 0.01875 0.046875
3 0.58515625 0.28125 0.0140625 0.0328125
1 0.08671875 0.38359375 0.025 0.05625
3 0.74609375 0.37265625 0.0203125 0.05390625
2 0.53359375 0.34921875 0.0171875 0.0484375
0 0.11875 0.3890625 0.01484375 0.01875
2 0.87578125 0.97578125 0.0421875 0.0484375