3 0.4828125 0.359375 0.0171875 0.0421875
3 0.18125 0.63828125 0.0328125 0.059375
3 0.446875 0.428125 0.01796875 0.0484375
3 0.3390625 0.5734375 0.028125 0.0625
2 0.86953125 0.95234375 0.03671875 0.08359375
3 0.7484375 0.58984375 0.0234375 0.06171875
3 0.334375 0.3984375 0.0171875 0.046875
3 0.6234375 0.49609375 0.009375 0.059375
3 0.30390625 0.44453125 0.015625 0.04921875
3 0.8265625 0.6359375 0.0171875 0.07109375
1 0.27109375 0.34140625 0.0203125 0.04921875
3 0.79375 0.42265625 0.01875 0.0515625
3 0.196875 0.51953125 0.025 0.05546875
3 0.36953125 0.640625 0.02890625 0.06484375
3 0.6046875 0.32109375 0.01640625 0.03984375
3 0.328125 0.45625 0.01953125 0.0515625
2 0.44765625 0.48359375 0.01796875 0.05234375
3 0.14609375 0.61484375 0.01875 0.0578125
0 0.14765625 0.63359375 0.0078125 0.0140625
3 0.16640625 0.609375 0.0109375 0.05390625
3 0.6140625 0.4921875 0.0109375 0.04921875
3 0.35 0.4 0.01484375 0.0484375
3 0.46953125 0.3390625 0.009375 0.0359375