3 0.22421875 0.43046875 0.046875 0.1171875
3 0.53359375 0.40859375 0.0375 0.10390625
3 0.8546875 0.54765625 0.0390625 0.11640625
3 0.80625 0.565625 0.0390625 0.125
2 0.3421875 0.23984375 0.028125 0.071875
3 0.06953125 0.69296875 0.046875 0.14765625
3 0.97734375 0.359375 0.03671875 0.1
3 0.2609375 0.315625 0.03125 0.0953125
3 0.7046875 0.73515625 0.0390625 0.140625
3 0.47109375 0.559375 0.0421875 0.11484375
3 0.7890625 0.40703125 0.03046875 0.10078125
2 0.99140625 0.4671875 0.0171875 0.115625
3 0.64609375 0.9375 0.04375 0.125
3 0.78125 0.3625 0.03125 0.1015625
0 0.275 0.3796875 0.01484375 0.02578125
3 0.97265625 0.42421875 0.01953125 0.11015625