3 0.48984375 0.796875 0.05546875 0.12578125
3 0.6046875 0.684375 0.04296875 0.12734375
3 0.44140625 0.7109375 0.04453125 0.13515625
3 0.80078125 0.62734375 0.04609375 0.13515625
3 0.8921875 0.6671875 0.04453125 0.1375
3 0.69765625 0.58984375 0.02890625 0.134375
3 0.37734375 0.71484375 0.040625 0.1390625
3 0.41484375 0.715625 0.04765625 0.13984375
1 0.4421875 0.61953125 0.0390625 0.10078125
3 0.49921875 0.66328125 0.03671875 0.1453125
3 0.73046875 0.88125 0.05234375 0.15078125
2 0.82421875 0.7890625 0.03828125 0.16171875
0 0.54375 0.3671875 0.01640625 0.03671875
3 0.565625 0.675 0.02265625 0.11640625