3 0.86640625 0.7484375 0.0484375 0.12421875
3 0.41484375 0.703125 0.04453125 0.125
3 0.75078125 0.59296875 0.04609375 0.12421875
3 0.2828125 0.5890625 0.04375 0.1375
3 0.43203125 0.56953125 0.03515625 0.121875
3 0.5265625 0.55078125 0.03515625 0.11328125
3 0.603125 0.65859375 0.03671875 0.1328125
2 0.596875 0.29296875 0.02578125 0.090625
3 0.246875 0.634375 0.021875 0.12109375
3 0.48515625 0.634375 0.03515625 0.11796875
2 0.528125 0.659375 0.03046875 0.13359375
3 0.55546875 0.6421875 0.0234375 0.1296875