3 0.91640625 0.72578125 0.040625 0.11328125
3 0.90234375 0.59921875 0.0359375 0.1046875
1 0.0890625 0.5703125 0.02578125 0.10625
3 0.61796875 0.63671875 0.02421875 0.10390625
3 0.68828125 0.659375 0.03359375 0.0953125
3 0.50703125 0.6859375 0.03203125 0.08359375
2 0.859375 0.39765625 0.02890625 0.08984375
3 0.5609375 0.659375 0.01640625 0.1125
2 0.528125 0.66953125 0.01875 0.1
3 0.56796875 0.59140625 0.02265625 0.1046875
3 0.58671875 0.575 0.01484375 0.1078125
3 0.79140625 0.72265625 0.025 0.09453125
3 0.684375 0.71640625 0.025 0.09765625