3 0.48984375 0.51796875 0.03984375 0.11171875
3 0.121875 0.71796875 0.04921875 0.14296875
3 0.825 0.70703125 0.0484375 0.13671875
3 0.39453125 0.6640625 0.046875 0.13828125
3 0.259375 0.7234375 0.046875 0.14296875
2 0.86171875 0.30546875 0.0453125 0.0984375
3 0.63359375 0.8140625 0.06640625 0.13671875
0 0.665625 0.59140625 0.02109375 0.04453125
1 0.1625 0.56171875 0.04765625 0.1546875
2 0.6671875 0.7015625 0.04609375 0.16171875
3 0.5265625 0.66015625 0.034375 0.1421875
3 0.4515625 0.64140625 0.03203125 0.13828125
3 0.44296875 0.48046875 0.028125 0.1109375