3 0.35546875 0.3234375 0.03125 0.09765625
3 0.89921875 0.4453125 0.03671875 0.115625
3 0.7796875 0.36328125 0.03359375 0.09921875
3 0.67421875 0.4390625 0.0375 0.1109375
3 0.10234375 0.6265625 0.04140625 0.1375
3 0.278125 0.43984375 0.034375 0.115625
3 0.40234375 0.91796875 0.0453125 0.1421875
2 0.47890625 0.2375 0.02734375 0.07109375
3 0.4890625 0.56171875 0.0421875 0.11484375
3 0.7375 0.746875 0.04296875 0.1390625
3 0.8296875 0.58203125 0.034375 0.125
3 0.85546875 0.54609375 0.02578125 0.10625
0 0.3203125 0.47734375 0.0125 0.0265625