3 0.61484375 0.63046875 0.05 0.11796875
3 0.76875 0.4375 0.0421875 0.10390625
3 0.40703125 0.53671875 0.0578125 0.12265625
2 0.6875 0.7140625 0.05546875 0.12890625
3 0.453125 0.61953125 0.03984375 0.11953125
3 0.57578125 0.7375 0.04296875 0.1421875
3 0.1859375 0.70625 0.03125 0.12890625
3 0.7265625 0.5234375 0.0421875 0.11328125
2 0.62890625 0.29609375 0.0296875 0.0828125
3 0.3015625 0.84296875 0.04453125 0.1375
3 0.09375 0.69765625 0.0515625 0.1296875
3 0.5171875 0.6046875 0.0375 0.13203125
0 0.390625 0.61328125 0.01328125 0.03046875
3 0.21171875 0.64453125 0.03671875 0.12265625