2 0.778125 0.57734375 0.02734375 0.12578125
3 0.8453125 0.38828125 0.0328125 0.10546875
3 0.83671875 0.50703125 0.0359375 0.1234375
3 0.95078125 0.49140625 0.0359375 0.10703125
3 0.58046875 0.4921875 0.021875 0.11015625
3 0.603125 0.49453125 0.02421875 0.11484375
3 0.73671875 0.47109375 0.02421875 0.1265625
3 0.5546875 0.52578125 0.02734375 0.11796875
1 0.25390625 0.4328125 0.028125 0.11171875
2 0.946875 0.26328125 0.0203125 0.08046875
3 0.75703125 0.7125 0.02890625 0.14609375
3 0.46015625 0.703125 0.0234375 0.13828125
3 0.42890625 0.71015625 0.02265625 0.140625
3 0.475 0.878125 0.02421875 0.1390625
0 0.5578125 0.9015625 0.015625 0.0265625
3 0.778125 0.46875 0.028125 0.11171875
3 0.63125 0.47578125 0.01796875 0.1140625