3 0.1078125 0.5328125 0.0578125 0.15546875
3 0.67109375 0.5984375 0.0515625 0.12890625
3 0.84296875 0.32734375 0.0359375 0.10390625
3 0.02265625 0.7078125 0.04296875 0.1625
2 0.8140625 0.49921875 0.053125 0.14375
3 0.26796875 0.40859375 0.0390625 0.11875
2 0.2984375 0.2875 0.0390625 0.1046875
3 0.365625 0.4078125 0.0421875 0.11796875
3 0.53046875 0.32578125 0.03671875 0.10390625
3 0.4921875 0.43203125 0.03515625 0.1109375
3 0.42578125 0.41484375 0.03203125 0.12109375
3 0.465625 0.634375 0.0515625 0.140625
3 0.45546875 0.3453125 0.0328125 0.09765625
3 0.7671875 0.409375 0.04296875 0.1296875
0 0.58671875 0.38984375 0.01640625 0.0296875
3 0.48984375 0.89453125 0.05078125 0.17890625
3 0.65546875 0.36328125 0.04375 0.103125