3 0.53984375 0.703125 0.053125 0.146875
2 0.95390625 0.21796875 0.03203125 0.08125
2 0.75390625 0.69453125 0.05390625 0.1421875
3 0.65390625 0.58671875 0.04296875 0.1296875
3 0.909375 0.559375 0.0484375 0.1296875
3 0.44921875 0.56796875 0.0515625 0.13203125
3 0.6796875 0.38984375 0.03984375 0.10546875
3 0.6203125 0.8546875 0.05078125 0.13515625
3 0.4390625 0.82109375 0.04296875 0.1546875
1 0.2484375 0.409375 0.04609375 0.1078125
3 0.60859375 0.465625 0.0390625 0.12265625
3 0.703125 0.49609375 0.03984375 0.1078125
3 0.40078125 0.8484375 0.03671875 0.11484375
3 0.31484375 0.7484375 0.04375 0.1125
3 0.35390625 0.8671875 0.05078125 0.15546875
3 0.86171875 0.63671875 0.046875 0.146875