3 0.384375 0.4625 0.05078125 0.13046875
2 0.7578125 0.496875 0.04375 0.1328125
3 0.021875 0.52890625 0.040625 0.153125
3 0.33671875 0.60546875 0.04609375 0.13203125
2 0.27109375 0.28984375 0.0359375 0.1078125
3 0.55234375 0.496875 0.05078125 0.12578125
3 0.21015625 0.403125 0.03359375 0.12890625
3 0.63046875 0.5828125 0.04140625 0.13515625
3 0.759375 0.409375 0.03046875 0.08203125
3 0.53515625 0.39453125 0.04609375 0.1078125
3 0.36640625 0.86875 0.06328125 0.16875
0 0.4703125 0.4859375 0.0171875 0.028125
3 0.603125 0.35546875 0.03046875 0.11171875
3 0.69609375 0.334375 0.03359375 0.1171875
3 0.81171875 0.34140625 0.034375 0.11484375
3 0.87265625 0.3640625 0.02421875 0.125