3 0.315625 0.4875 0.04765625 0.1125
3 0.6796875 0.6109375 0.04765625 0.11328125
3 0.50625 0.421875 0.03828125 0.096875
2 0.2 0.43359375 0.03125 0.07734375
3 0.25078125 0.71953125 0.0546875 0.1140625
3 0.6140625 0.4875 0.0375 0.09375
3 0.64375 0.38828125 0.03515625 0.09296875
3 0.24765625 0.51953125 0.03671875 0.096875
3 0.4984375 0.309375 0.0328125 0.0796875
3 0.1296875 0.4078125 0.034375 0.0984375
3 0.19921875 0.48984375 0.03671875 0.0828125
3 0.59609375 0.7140625 0.0421875 0.12890625
3 0.471875 0.42578125 0.03203125 0.09609375
3 0.0140625 0.33046875 0.02734375 0.08203125
0 0.29375 0.746875 0.0109375 0.025