1 0.2640625 0.42890625 0.034375 0.10859375
3 0.8484375 0.75 0.053125 0.12578125
3 0.85078125 0.3859375 0.0390625 0.10546875
3 0.76953125 0.38828125 0.034375 0.109375
3 0.49375 0.59609375 0.03984375 0.1203125
3 0.478125 0.70546875 0.04140625 0.13828125
3 0.72734375 0.4765625 0.0453125 0.1203125
3 0.65859375 0.45625 0.04140625 0.128125
3 0.609375 0.4953125 0.03828125 0.12421875
3 0.91328125 0.6328125 0.04140625 0.1265625
3 0.559375 0.484375 0.03515625 0.11015625
3 0.67890625 0.84921875 0.04453125 0.13671875