3 0.8671875 0.603125 0.04609375 0.12578125
3 0.41015625 0.75078125 0.04296875 0.1296875
3 0.596875 0.58671875 0.04375 0.12734375
3 0.73359375 0.67734375 0.0390625 0.13359375
3 0.184375 0.62265625 0.0234375 0.134375
3 0.4734375 0.565625 0.0390625 0.11875
3 0.34921875 0.54921875 0.03828125 0.12578125
3 0.4625 0.46953125 0.03828125 0.09921875
3 0.56171875 0.63984375 0.0375 0.12734375
2 0.5796875 0.29765625 0.02734375 0.0859375
3 0.2484375 0.57890625 0.03984375 0.12890625
2 0.509375 0.65234375 0.028125 0.13671875
3 0.2046875 0.63515625 0.01796875 0.115625