2 0.5625 0.7078125 0.05234375 0.14609375
3 0.88359375 0.4078125 0.04140625 0.10546875
3 0.77890625 0.63515625 0.0359375 0.1234375
3 0.77109375 0.4046875 0.0359375 0.10703125
3 0.58984375 0.50859375 0.0296875 0.11015625
3 0.70390625 0.61953125 0.0484375 0.12109375
3 0.63515625 0.48671875 0.0390625 0.1234375
3 0.66484375 0.46640625 0.034375 0.1265625
3 0.55390625 0.55390625 0.04140625 0.11796875
1 0.27265625 0.44296875 0.028125 0.11171875
2 0.9515625 0.278125 0.0203125 0.08046875
3 0.70078125 0.85703125 0.02890625 0.14609375
3 0.45390625 0.7140625 0.0234375 0.13828125
3 0.42578125 0.71328125 0.02265625 0.140625
3 0.5390625 0.86484375 0.02421875 0.1390625
0 0.559375 0.9171875 0.015625 0.0265625
3 0.78046875 0.50625 0.028125 0.11171875
3 0.70859375 0.4640625 0.01796875 0.1140625