3 0.42109375 0.675 0.04296875 0.11484375
3 0.18046875 0.7125 0.04375 0.13515625
3 0.56015625 0.7 0.03828125 0.1125
3 0.40546875 0.48203125 0.03359375 0.109375
3 0.2953125 0.6359375 0.04609375 0.10546875
3 0.88828125 0.4796875 0.04296875 0.096875
3 0.26796875 0.76796875 0.0390625 0.12109375
3 0.225 0.80078125 0.0421875 0.13359375
2 0.79140625 0.70859375 0.04296875 0.1359375
2 0.646875 0.2734375 0.03046875 0.06796875
3 0.4734375 0.7015625 0.034375 0.1234375
3 0.49921875 0.7359375 0.0265625 0.146875