3 0.71796875 0.3828125 0.03125 0.10859375
3 0.565625 0.54296875 0.04921875 0.11328125
3 0.89453125 0.5328125 0.03984375 0.11484375
3 0.796875 0.5140625 0.03828125 0.115625
3 0.17734375 0.4109375 0.03671875 0.10703125
3 0.25703125 0.3203125 0.0390625 0.07578125
3 0.98359375 0.34140625 0.0328125 0.07890625
3 0.85546875 0.73984375 0.04453125 0.1390625
3 0.378125 0.38515625 0.03046875 0.10703125
3 0.1140625 0.7390625 0.04296875 0.1484375
2 0.37109375 0.2359375 0.02421875 0.090625
3 0.98203125 0.41484375 0.03515625 0.1046875
3 0.9265625 0.25390625 0.034375 0.08984375
3 0.8984375 0.9578125 0.040625 0.08203125
0 0.2140625 0.371875 0.01328125 0.01875