2 0.47421875 0.45546875 0.04453125 0.13203125
3 0.2234375 0.51796875 0.0578125 0.12421875
3 0.3203125 0.4984375 0.04921875 0.125
3 0.20546875 0.77109375 0.05390625 0.13828125
3 0.40859375 0.565625 0.046875 0.09609375
3 0.68046875 0.6703125 0.04609375 0.14609375
3 0.53671875 0.42421875 0.0421875 0.115625
3 0.7953125 0.30078125 0.03828125 0.0890625
3 0.07890625 0.528125 0.03828125 0.11328125
3 0.6296875 0.3984375 0.03828125 0.1203125
3 0.9875 0.3828125 0.025 0.115625
3 0.1921875 0.37421875 0.0390625 0.11328125
3 0.12734375 0.43984375 0.04296875 0.1
3 0.1546875 0.3328125 0.0359375 0.103125
0 0.3015625 0.64765625 0.025 0.040625