2 0.55859375 0.55234375 0.04140625 0.11015625
3 0.7375 0.7890625 0.05234375 0.12890625
3 0.85 0.471875 0.0515625 0.11796875
3 0.60390625 0.7515625 0.04765625 0.10546875
2 0.721875 0.18828125 0.0359375 0.0734375
3 0.3640625 0.5890625 0.0421875 0.1328125
3 0.58828125 0.65625 0.04296875 0.09453125
3 0.28515625 0.48984375 0.04140625 0.12421875
3 0.390625 0.45703125 0.040625 0.12265625
3 0.36640625 0.3515625 0.04140625 0.11171875
3 0.55625 0.73359375 0.03984375 0.08125
3 0.10234375 0.67265625 0.053125 0.16015625
0 0.55 0.790625 0.01171875 0.0234375
3 0.471875 0.53828125 0.03671875 0.140625
3 0.51640625 0.51875 0.02890625 0.12890625
3 0.428125 0.40859375 0.0359375 0.12109375
3 0.31484375 0.521875 0.0296875 0.1390625