2 0.85625 0.6734375 0.04765625 0.1375
3 0.28203125 0.64609375 0.03671875 0.1
3 0.47421875 0.41484375 0.034375 0.09453125
3 0.06640625 0.74765625 0.05 0.13671875
3 0.6546875 0.65 0.04296875 0.115625
3 0.36328125 0.665625 0.04453125 0.11484375
3 0.2046875 0.7765625 0.04453125 0.13125
2 0.53125 0.25234375 0.02890625 0.07734375
3 0.5515625 0.765625 0.04140625 0.09375
3 0.90859375 0.45546875 0.0328125 0.10625
3 0.540625 0.86484375 0.046875 0.13515625
3 0.41015625 0.80234375 0.0359375 0.1203125
3 0.44296875 0.83046875 0.0296875 0.13984375
0 0.3734375 0.7359375 0.015625 0.025