2 0.78828125 0.58671875 0.03515625 0.140625
3 0.89375 0.39765625 0.0328125 0.10546875
3 0.86875 0.53828125 0.0359375 0.1234375
3 0.91171875 0.521875 0.0359375 0.10703125
3 0.5859375 0.4921875 0.021875 0.11015625
3 0.60546875 0.5046875 0.02421875 0.11484375
3 0.73671875 0.47109375 0.02421875 0.1265625
3 0.553125 0.54296875 0.02734375 0.11796875
1 0.26640625 0.43984375 0.028125 0.11171875
2 0.94609375 0.27734375 0.0203125 0.08046875
3 0.75703125 0.77109375 0.02890625 0.14609375
3 0.45703125 0.7140625 0.0234375 0.13828125
3 0.42578125 0.71328125 0.02265625 0.140625
3 0.528125 0.8703125 0.02421875 0.1390625
0 0.559375 0.9171875 0.015625 0.0265625
3 0.79765625 0.46953125 0.028125 0.11171875
3 0.71640625 0.46171875 0.01796875 0.1140625