3 0.8875 0.54453125 0.034375 0.1140625
3 0.81796875 0.425 0.03515625 0.109375
3 0.58359375 0.56328125 0.04296875 0.11171875
3 0.98203125 0.44765625 0.0359375 0.115625
3 0.3828125 0.89296875 0.04765625 0.14609375
3 0.83671875 0.55 0.0375 0.1234375
3 0.45390625 0.33515625 0.0296875 0.1015625
3 0.42890625 0.42109375 0.02890625 0.09765625
2 0.5921875 0.2328125 0.0265625 0.0703125
3 0.18203125 0.553125 0.0359375 0.125
0 0.30703125 0.521875 0.01796875 0.028125
1 0.0359375 0.4234375 0.03125 0.12109375
3 0.86953125 0.7453125 0.0421875 0.1421875