3 0.97421875 0.7 0.0515625 0.1328125
3 0.14140625 0.66328125 0.0421875 0.13046875
3 0.5546875 0.4640625 0.03359375 0.09765625
3 0.38046875 0.79140625 0.04375 0.13515625
3 0.42734375 0.53203125 0.03828125 0.10234375
3 0.35078125 0.559375 0.0390625 0.12421875
3 0.265625 0.5859375 0.03984375 0.1265625
3 0.1984375 0.64375 0.0390625 0.128125
3 0.58984375 0.6453125 0.02578125 0.13515625
3 0.528125 0.5625 0.03125 0.109375
2 0.50078125 0.66015625 0.0421875 0.1359375
0 0.43359375 0.58984375 0.0125 0.01796875
3 0.56640625 0.62890625 0.01796875 0.10234375
2 0.61015625 0.29375 0.0234375 0.0796875