3 0.92578125 0.41953125 0.0328125 0.103125
2 0.975 0.590625 0.04921875 0.128125
3 0.54375 0.353125 0.0328125 0.0921875
3 0.48828125 0.88671875 0.05078125 0.1125
3 0.61328125 0.74296875 0.04375 0.10703125
3 0.57421875 0.72734375 0.046875 0.1234375
3 0.3875 0.5890625 0.04765625 0.1203125
3 0.278125 0.57265625 0.03828125 0.1296875
3 0.709375 0.565625 0.03828125 0.11953125
3 0.13203125 0.7484375 0.046875 0.12265625
3 0.45 0.859375 0.04296875 0.12421875
0 0.54453125 0.82265625 0.01484375 0.0296875
2 0.4921875 0.23828125 0.0296875 0.078125